{
    "radius": 0.275,
    "angular_speed": 13,
    "save_freq": 0.1,
    "pid_gains": {
        "pid_rate": {
            "roll_kp": "50.0",
            "roll_ki": "0.0",
            "roll_kd": "0.0",
            "pitch_kp": "50.0",
            "pitch_ki": "0.0",
            "pitch_kd": "0.0",
            "yaw_kp": "80.0",
            "yaw_ki": "0.0",
            "yaw_kd": "0.0"
        },
        "pid_attitude": {
            "roll_kp": "10.0",
            "roll_ki": "0.5",
            "roll_kd": "0.5",
            "pitch_kp": "13.0",
            "pitch_ki": "0.5",
            "pitch_kd": "1.5",
            "yaw_kp": "8.0",
            "yaw_ki": "0.5",
            "yaw_kd": "0.5"
        },
        "velCtlPid": {
            "vxKp": "15.0",
            "vxKi": "1.0",
            "vxKd": "0.0",
            "vyKp": "10.0",
            "vyKi": "1.0",
            "vyKd": "0.0",
            "vzKp": "12.5",
            "vzKi": "0.5",
            "vzKd": "0.0"
        },
        "posCtlPid": {
            "xKp": "1.5",
            "xKi": "0.20000000298023224",
            "xKd": "0.20000000298023224",
            "yKp": "1.5",
            "yKi": "0.20000000298023224",
            "yKd": "0.20000000298023224",
            "zKp": "5.0",
            "zKi": "0.5",
            "zKd": "0.0"
        }
    },
    "pose": [
        [
            0.09318162536621094,
            0.07012525939941407,
            0.26070330810546877,
            null,
            null,
            null,
            [
                [
                    0.9969651699066162,
                    -0.04604632407426834,
                    0.06277061253786087
                ],
                [
                    0.044634003192186356,
                    0.9987217783927917,
                    0.023719996213912964
                ],
                [
                    -0.06378259509801865,
                    -0.020846307277679443,
                    0.9977460503578186
                ]
            ]
        ],
        [
            0.09318162536621094,
            0.07012525939941407,
            0.26070330810546877,
            null,
            null,
            null,
            [
                [
                    0.9969651699066162,
                    -0.04604632407426834,
                    0.06277061253786087
                ],
                [
                    0.044634003192186356,
                    0.9987217783927917,
                    0.023719996213912964
                ],
                [
                    -0.06378259509801865,
                    -0.020846307277679443,
                    0.9977460503578186
                ]
            ]
        ],
        [
            0.09318162536621094,
            0.07012525939941407,
            0.26070330810546877,
            null,
            null,
            null,
            [
                [
                    0.9969651699066162,
                    -0.04604632407426834,
                    0.06277061253786087
                ],
                [
                    0.044634003192186356,
                    0.9987217783927917,
                    0.023719996213912964
                ],
                [
                    -0.06378259509801865,
                    -0.020846307277679443,
                    0.9977460503578186
                ]
            ]
        ],
        [
            0.09318162536621094,
            0.07012525939941407,
            0.26070330810546877,
            null,
            null,
            null,
            [
                [
                    0.9969651699066162,
                    -0.04604632407426834,
                    0.06277061253786087
                ],
                [
                    0.044634003192186356,
                    0.9987217783927917,
                    0.023719996213912964
                ],
                [
                    -0.06378259509801865,
                    -0.020846307277679443,
                    0.9977460503578186
                ]
            ]
        ],
        [
            0.09318162536621094,
            0.07012525939941407,
            0.26070330810546877,
            null,
            null,
            null,
            [
                [
                    0.9969651699066162,
                    -0.04604632407426834,
                    0.06277061253786087
                ],
                [
                    0.044634003192186356,
                    0.9987217783927917,
                    0.023719996213912964
                ],
                [
                    -0.06378259509801865,
                    -0.020846307277679443,
                    0.9977460503578186
                ]
            ]
        ],
        [
            0.09310027313232422,
            0.07013455963134765,
            0.2607458801269531,
            null,
            null,
            null,
            [
                [
                    0.9969464540481567,
                    -0.04624052345752716,
                    0.06292525678873062
                ],
                [
                    0.04482124373316765,
                    0.998711884021759,
                    0.023783456534147263
                ],
                [
                    -0.06394395977258682,
                    -0.02089044265449047,
                    0.997734785079956
                ]
            ]
        ],
        [
            0.07693106842041016,
            0.07233363342285157,
            0.417470947265625,
            null,
            null,
            null,
            [
                [
                    0.9994015097618103,
                    -0.027439363300800323,
                    -0.0210646390914917
                ],
                [
                    0.02537616156041622,
                    0.99537593126297,
                    -0.09264373779296875
                ],
                [
                    0.023509319871664047,
                    0.09205374866724014,
                    0.995476484298706
                ]
            ]
        ],
        [
            0.004092309474945068,
            -0.001100899577140808,
            0.836368408203125,
            null,
            null,
            null,
            [
                [
                    0.9986242055892944,
                    -0.04185072332620621,
                    0.03159501031041145
                ],
                [
                    0.04433538019657135,
                    0.9956013560295105,
                    -0.08253667503595352
                ],
                [
                    -0.02800181321799755,
                    0.08382389694452286,
                    0.9960870742797852
                ]
            ]
        ],
        [
            -0.011328176498413086,
            -0.03292459869384766,
            0.9954152221679687,
            null,
            null,
            null,
            [
                [
                    0.996641993522644,
                    -0.0361117422580719,
                    0.07348912209272385
                ],
                [
                    0.04779811203479767,
                    0.9852907061576843,
                    -0.16406570374965668
                ],
                [
                    -0.06648345291614532,
                    0.16702741384506226,
                    0.9837082028388977
                ]
            ]
        ],
        [
            -0.02187639045715332,
            -0.04837754440307617,
            1.0860030517578125,
            null,
            null,
            null,
            [
                [
                    0.997991681098938,
                    -0.043699536472558975,
                    0.045858461409807205
                ],
                [
                    0.039886727929115295,
                    0.9959158301353455,
                    0.08099791407585144
                ],
                [
                    -0.04921073839068413,
                    -0.07900609821081161,
                    0.9956587553024292
                ]
            ]
        ],
        [
            -0.025000267028808594,
            -0.05899959945678711,
            1.11153515625,
            null,
            null,
            null,
            [
                [
                    0.9812679290771484,
                    -0.05674178525805473,
                    0.18410219252109528
                ],
                [
                    0.04125102609395981,
                    0.9953617453575134,
                    0.08690984547138214
                ],
                [
                    -0.18817970156669617,
                    -0.07768744230270386,
                    0.979057252407074
                ]
            ]
        ],
        [
            -0.024776309967041017,
            -0.06961881256103515,
            1.0686666259765625,
            null,
            null,
            null,
            [
                [
                    0.9691770672798157,
                    -0.05026961863040924,
                    0.24118193984031677
                ],
                [
                    0.03220520541071892,
                    0.9964120984077454,
                    0.07826749980449677
                ],
                [
                    -0.24425108730793,
                    -0.06808774918317795,
                    0.9673187136650085
                ]
            ]
        ],
        [
            -0.023135168075561523,
            -0.08320809173583985,
            0.9993005981445312,
            null,
            null,
            null,
            [
                [
                    0.9744430780410767,
                    -0.051803942769765854,
                    0.21857966482639313
                ],
                [
                    0.047538552433252335,
                    0.9985631704330444,
                    0.024731917306780815
                ],
                [
                    -0.21954680979251862,
                    -0.01370888389647007,
                    0.9755056500434875
                ]
            ]
        ],
        [
            -0.011341136932373047,
            -0.08255153656005859,
            0.9440028076171875,
            null,
            null,
            null,
            [
                [
                    0.9880809187889099,
                    -0.05531572178006172,
                    0.14365312457084656
                ],
                [
                    0.05576898902654648,
                    0.9984433054924011,
                    0.0008725014631636441
                ],
                [
                    -0.14347776770591736,
                    0.0071492874994874,
                    0.9896277189254761
                ]
            ]
        ],
        [
            0.0015856137275695801,
            -0.0845789794921875,
            0.9317420043945313,
            null,
            null,
            null,
            [
                [
                    0.9947258234024048,
                    -0.04509079083800316,
                    0.09212673455476761
                ],
                [
                    0.04826969653367996,
                    0.9983030557632446,
                    -0.03257293999195099
                ],
                [
                    -0.09050165861845016,
                    0.036848075687885284,
                    0.9952144026756287
                ]
            ]
        ],
        [
            0.011004706382751465,
            -0.08933477783203125,
            0.9506012573242187,
            null,
            null,
            null,
            [
                [
                    0.999845564365387,
                    0.0030652170535176992,
                    -0.017306054010987282
                ],
                [
                    -0.00404968298971653,
                    0.9983579516410828,
                    -0.05714033916592598
                ],
                [
                    0.01710248924791813,
                    0.05720159783959389,
                    0.9982161521911621
                ]
            ]
        ],
        [
            0.01320234489440918,
            -0.0864154281616211,
            0.9883697509765625,
            null,
            null,
            null,
            [
                [
                    0.999298095703125,
                    0.029786374419927597,
                    -0.02271755412220955
                ],
                [
                    -0.02956216409802437,
                    0.9995114803314209,
                    0.010142366401851177
                ],
                [
                    0.02300856076180935,
                    -0.009463667869567871,
                    0.9996904730796814
                ]
            ]
        ],
        [
            0.004322554588317871,
            -0.08664643859863282,
            1.033751953125,
            null,
            null,
            null,
            [
                [
                    0.9961134195327759,
                    0.056677643209695816,
                    -0.06742151826620102
                ],
                [
                    -0.05903147533535957,
                    0.9976956844329834,
                    -0.033446427434682846
                ],
                [
                    0.06537049263715744,
                    0.03729642927646637,
                    0.9971638321876526
                ]
            ]
        ],
        [
            -0.01229378604888916,
            -0.08885218811035156,
            1.0792894287109376,
            null,
            null,
            null,
            [
                [
                    0.996629536151886,
                    0.055152375251054764,
                    -0.060727525502443314
                ],
                [
                    -0.05910031497478485,
                    0.9961167573928833,
                    -0.0652572512626648
                ],
                [
                    0.05689261481165886,
                    0.06862632185220718,
                    0.9960188865661621
                ]
            ]
        ],
        [
            -0.031192178726196288,
            -0.09055129241943359,
            1.11913427734375,
            null,
            null,
            null,
            [
                [
                    0.9966406226158142,
                    0.08100274205207825,
                    -0.012082502245903015
                ],
                [
                    -0.0817137211561203,
                    0.9934215545654297,
                    -0.08022741228342056
                ],
                [
                    0.005504378117620945,
                    0.0809452086687088,
                    0.9967033267021179
                ]
            ]
        ],
        [
            -0.0436027717590332,
            -0.09439205169677735,
            1.1419112548828125,
            null,
            null,
            null,
            [
                [
                    0.9922592639923096,
                    0.06801269203424454,
                    0.10390271246433258
                ],
                [
                    -0.06001082435250282,
                    0.9951226711273193,
                    -0.07829129695892334
                ],
                [
                    -0.10872074961662292,
                    0.07144998013973236,
                    0.9915012121200562
                ]
            ]
        ],
        [
            -0.04294149017333984,
            -0.096287353515625,
            1.1489605712890625,
            null,
            null,
            null,
            [
                [
                    0.9739114046096802,
                    0.05989234521985054,
                    0.21888233721256256
                ],
                [
                    -0.052954282611608505,
                    0.9978950619697571,
                    -0.03743334487080574
                ],
                [
                    -0.22066357731819153,
                    0.024866003543138504,
                    0.9750329852104187
                ]
            ]
        ],
        [
            -0.030982282638549803,
            -0.09898972320556641,
            1.1430318603515626,
            null,
            null,
            null,
            [
                [
                    0.9592710733413696,
                    0.020166680216789246,
                    0.28176647424697876
                ],
                [
                    -0.015178638510406017,
                    0.9996872544288635,
                    -0.019874414429068565
                ],
                [
                    -0.28207916021347046,
                    0.014788119122385979,
                    0.9592771530151367
                ]
            ]
        ],
        [
            -0.004802439212799072,
            -0.10182276153564453,
            1.1248985595703125,
            null,
            null,
            null,
            [
                [
                    0.966687023639679,
                    0.042645979672670364,
                    0.25238367915153503
                ],
                [
                    -0.02958710305392742,
                    0.9980304837226868,
                    -0.055314671248197556
                ],
                [
                    -0.2542455792427063,
                    0.04600467532873154,
                    0.9660449028015137
                ]
            ]
        ],
        [
            0.025432445526123046,
            -0.10230985260009766,
            1.1070382080078125,
            null,
            null,
            null,
            [
                [
                    0.983336865901947,
                    0.04483725503087044,
                    0.17617686092853546
                ],
                [
                    -0.040725670754909515,
                    0.9988085627555847,
                    -0.02688652276992798
                ],
                [
                    -0.1771724671125412,
                    0.01926358789205551,
                    0.983991265296936
                ]
            ]
        ],
        [
            0.05141548156738281,
            -0.09725566864013672,
            1.0938641357421874,
            null,
            null,
            null,
            [
                [
                    0.9968695640563965,
                    0.02962077409029007,
                    0.0733053982257843
                ],
                [
                    -0.02838289551436901,
                    0.9994373321533203,
                    -0.017871307209134102
                ],
                [
                    -0.07379351556301117,
                    0.01573474332690239,
                    0.9971494078636169
                ]
            ]
        ],
        [
            0.06527352142333985,
            -0.09373806762695312,
            1.0871121826171875,
            null,
            null,
            null,
            [
                [
                    0.9989910125732422,
                    0.035489752888679504,
                    -0.0275207981467247
                ],
                [
                    -0.03651561215519905,
                    0.9986211657524109,
                    -0.03771519660949707
                ],
                [
                    0.026144348084926605,
                    0.038682080805301666,
                    0.9989094734191895
                ]
            ]
        ],
        [
            0.06404072570800781,
            -0.08169960021972657,
            1.0833402099609375,
            null,
            null,
            null,
            [
                [
                    0.9959421753883362,
                    0.03958432748913765,
                    -0.08082251995801926
                ],
                [
                    -0.03925265744328499,
                    0.9992130994796753,
                    0.005689040292054415
                ],
                [
                    0.08098411560058594,
                    -0.002493456471711397,
                    0.9967122673988342
                ]
            ]
        ],
        [
            0.04911450958251953,
            -0.06881683349609374,
            1.0799110107421874,
            null,
            null,
            null,
            [
                [
                    0.9946233034133911,
                    0.025582119822502136,
                    -0.10034984350204468
                ],
                [
                    -0.029316915199160576,
                    0.9989244937896729,
                    -0.035921141505241394
                ],
                [
                    0.09932297468185425,
                    0.038669951260089874,
                    0.9943035840988159
                ]
            ]
        ],
        [
            0.030598875045776366,
            -0.05387467956542969,
            1.0781138916015625,
            null,
            null,
            null,
            [
                [
                    0.9984690546989441,
                    0.054690226912498474,
                    -0.008279570378363132
                ],
                [
                    -0.05485580489039421,
                    0.9982670545578003,
                    -0.02130170725286007
                ],
                [
                    0.007100227288901806,
                    0.021723277866840363,
                    0.9997388124465942
                ]
            ]
        ],
        [
            0.01702873992919922,
            -0.033718170166015624,
            1.07924755859375,
            null,
            null,
            null,
            [
                [
                    0.9954626560211182,
                    0.04019998759031296,
                    0.08624445647001266
                ],
                [
                    -0.037123918533325195,
                    0.9986262321472168,
                    -0.03697962686419487
                ],
                [
                    -0.08761255443096161,
                    0.03361010551452637,
                    0.9955874681472778
                ]
            ]
        ],
        [
            0.017852697372436523,
            -0.016942485809326172,
            1.0831776123046875,
            null,
            null,
            null,
            [
                [
                    0.9836640357971191,
                    0.0344565212726593,
                    0.17668572068214417
                ],
                [
                    -0.022775184363126755,
                    0.9974443316459656,
                    -0.06772099435329437
                ],
                [
                    -0.17856758832931519,
                    0.06259065121412277,
                    0.9819348454475403
                ]
            ]
        ],
        [
            0.0370105094909668,
            0.009041279792785644,
            1.0845360107421875,
            null,
            null,
            null,
            [
                [
                    0.9700639247894287,
                    0.042201682925224304,
                    0.2391548752784729
                ],
                [
                    -0.025383787229657173,
                    0.9970108866691589,
                    -0.0729721412062645
                ],
                [
                    -0.24151957035064697,
                    0.06471697986125946,
                    0.9682354927062988
                ]
            ]
        ],
        [
            0.06640079498291016,
            0.028554244995117186,
            1.082417724609375,
            null,
            null,
            null,
            [
                [
                    0.9772448539733887,
                    0.058928001672029495,
                    0.2037644386291504
                ],
                [
                    -0.03943752497434616,
                    0.9943626523017883,
                    -0.09842582792043686
                ],
                [
                    -0.20841577649116516,
                    0.08815017342567444,
                    0.9740597605705261
                ]
            ]
        ],
        [
            0.09915657043457031,
            0.04870433044433594,
            1.0758223876953126,
            null,
            null,
            null,
            [
                [
                    0.9890360832214355,
                    0.07644286751747131,
                    0.12634900212287903
                ],
                [
                    -0.06668096035718918,
                    0.9945806264877319,
                    -0.0797688290476799
                ],
                [
                    -0.13176202774047852,
                    0.07046917825937271,
                    0.9887734055519104
                ]
            ]
        ],
        [
            0.12454971313476562,
            0.0636716423034668,
            1.0684207763671876,
            null,
            null,
            null,
            [
                [
                    0.9983731508255005,
                    0.05556398257613182,
                    0.01279360055923462
                ],
                [
                    -0.0534837506711483,
                    0.990380048751831,
                    -0.1276199370622635
                ],
                [
                    -0.019761599600315094,
                    0.12672807276248932,
                    0.9917406439781189
                ]
            ]
        ],
        [
            0.13564744567871093,
            0.06979449462890625,
            1.0610048828125,
            null,
            null,
            null,
            [
                [
                    0.9943438172340393,
                    0.06045357882976532,
                    -0.08732536435127258
                ],
                [
                    -0.07162237912416458,
                    0.9887890815734863,
                    -0.13102073967456818
                ],
                [
                    0.07842569053173065,
                    0.13653412461280823,
                    0.9875261187553406
                ]
            ]
        ],
        [
            0.12736390686035157,
            0.07464205932617188,
            1.052063232421875,
            null,
            null,
            null,
            [
                [
                    0.9837397336959839,
                    0.036120105534791946,
                    -0.17593024671077728
                ],
                [
                    -0.05623193085193634,
                    0.9922608137130737,
                    -0.11070877313613892
                ],
                [
                    0.17056988179683685,
                    0.11880151927471161,
                    0.9781575202941895
                ]
            ]
        ],
        [
            0.10558425903320312,
            0.07260324096679688,
            1.0473489990234375,
            null,
            null,
            null,
            [
                [
                    0.9841802716255188,
                    0.06763121485710144,
                    -0.163753479719162
                ],
                [
                    -0.08537626266479492,
                    0.9909201264381409,
                    -0.10386651754379272
                ],
                [
                    0.15524199604988098,
                    0.11620403826236725,
                    0.9810181260108948
                ]
            ]
        ],
        [
            0.07762616729736328,
            0.07595175170898437,
            1.0460809326171876,
            null,
            null,
            null,
            [
                [
                    0.9944821000099182,
                    0.05476116016507149,
                    -0.08947928994894028
                ],
                [
                    -0.062000807374715805,
                    0.994845449924469,
                    -0.08023984730243683
                ],
                [
                    0.0846240371465683,
                    0.08534488081932068,
                    0.9927512407302856
                ]
            ]
        ],
        [
            0.051401473999023437,
            0.07451970672607422,
            1.0529805908203125,
            null,
            null,
            null,
            [
                [
                    0.9991446733474731,
                    0.03562267869710922,
                    0.020997991785407066
                ],
                [
                    -0.034048888832330704,
                    0.996890664100647,
                    -0.07106143981218338
                ],
                [
                    -0.023464100435376167,
                    0.07028570026159286,
                    0.9972509145736694
                ]
            ]
        ],
        [
            0.03778127670288086,
            0.08009325408935547,
            1.06359130859375,
            null,
            null,
            null,
            [
                [
                    0.991966724395752,
                    0.02981407381594181,
                    0.12293559312820435
                ],
                [
                    -0.02519921399652958,
                    0.9989243745803833,
                    -0.038924627006053925
                ],
                [
                    -0.123963862657547,
                    0.03551405295729637,
                    0.9916509985923767
                ]
            ]
        ],
        [
            0.040989391326904295,
            0.08018893432617187,
            1.0773565673828125,
            null,
            null,
            null,
            [
                [
                    0.9798896312713623,
                    0.060014307498931885,
                    0.1903013437986374
                ],
                [
                    -0.04381166398525238,
                    0.995135486125946,
                    -0.08823781460523605
                ],
                [
                    -0.1946711540222168,
                    0.07812590152025223,
                    0.9777522683143616
                ]
            ]
        ],
        [
            0.058337673187255856,
            0.08367005157470703,
            1.08744677734375,
            null,
            null,
            null,
            [
                [
                    0.9764469265937805,
                    0.032827895134687424,
                    0.21324560046195984
                ],
                [
                    -0.016508307307958603,
                    0.996827244758606,
                    -0.07786446064710617
                ],
                [
                    -0.2151251584291458,
                    0.07251019030809402,
                    0.9738909006118774
                ]
            ]
        ],
        [
            0.08216175842285156,
            0.08549626922607421,
            1.09095849609375,
            null,
            null,
            null,
            [
                [
                    0.989274799823761,
                    0.04389352351427078,
                    0.13931512832641602
                ],
                [
                    -0.029352081939578056,
                    0.9940634965896606,
                    -0.1047673299908638
                ],
                [
                    -0.14308670163154602,
                    0.09955448657274246,
                    0.9846903681755066
                ]
            ]
        ],
        [
            0.10170694732666016,
            0.07923164367675781,
            1.087275146484375,
            null,
            null,
            null,
            [
                [
                    0.9985160231590271,
                    0.030579855665564537,
                    0.045062050223350525
                ],
                [
                    -0.025847822427749634,
                    0.9944393634796143,
                    -0.10208915919065475
                ],
                [
                    -0.04793335124850273,
                    0.1007729098200798,
                    0.9937540888786316
                ]
            ]
        ],
        [
            0.11051348876953125,
            0.07267771911621093,
            1.0806168212890626,
            null,
            null,
            null,
            [
                [
                    0.997687578201294,
                    0.03191181644797325,
                    -0.060009509325027466
                ],
                [
                    -0.037775203585624695,
                    0.9943442940711975,
                    -0.09925956279039383
                ],
                [
                    0.056502558290958405,
                    0.10129690170288086,
                    0.9932504296302795
                ]
            ]
        ],
        [
            0.10554600524902344,
            0.06069665908813476,
            1.0729010009765625,
            null,
            null,
            null,
            [
                [
                    0.9902554750442505,
                    0.024886472150683403,
                    -0.1370209902524948
                ],
                [
                    -0.03987639769911766,
                    0.9933762550354004,
                    -0.10776590555906296
                ],
                [
                    0.13343147933483124,
                    0.11217968165874481,
                    0.9846886396408081
                ]
            ]
        ],
        [
            0.08857476043701172,
            0.051187431335449216,
            1.062889404296875,
            null,
            null,
            null,
            [
                [
                    0.9864969253540039,
                    0.05858488753437996,
                    -0.15294326841831207
                ],
                [
                    -0.06829091161489487,
                    0.9959196448326111,
                    -0.05899530649185181
                ],
                [
                    0.14886297285556793,
                    0.06864332407712936,
                    0.986472487449646
                ]
            ]
        ],
        [
            0.05961480712890625,
            0.04111157608032227,
            1.0564229736328126,
            null,
            null,
            null,
            [
                [
                    0.9905423521995544,
                    0.06254637241363525,
                    -0.12212204933166504
                ],
                [
                    -0.06852531433105469,
                    0.996616542339325,
                    -0.0453847274184227
                ],
                [
                    0.11887020617723465,
                    0.05332394689321518,
                    0.9914768934249878
                ]
            ]
        ],
        [
            0.030649541854858398,
            0.03435518646240234,
            1.061235595703125,
            null,
            null,
            null,
            [
                [
                    0.9981523752212524,
                    0.05445016548037529,
                    -0.026963509619235992
                ],
                [
                    -0.05473422631621361,
                    0.9984517693519592,
                    -0.009910878725349903
                ],
                [
                    0.026382114738225937,
                    0.011368393898010254,
                    0.9995872974395752
                ]
            ]
        ],
        [
            0.00920257568359375,
            0.03085297203063965,
            1.0803759765625,
            null,
            null,
            null,
            [
                [
                    0.9960599541664124,
                    0.053186383098363876,
                    0.07096346467733383
                ],
                [
                    -0.05101664364337921,
                    0.9981834888458252,
                    -0.03204658254981041
                ],
                [
                    -0.07253900170326233,
                    0.028300000354647636,
                    0.9969639778137207
                ]
            ]
        ],
        [
            0.0037696785926818847,
            0.03406684875488281,
            1.1037095947265625,
            null,
            null,
            null,
            [
                [
                    0.9838613867759705,
                    0.027464449405670166,
                    0.1768120676279068
                ],
                [
                    -0.031034575775265694,
                    0.9993658661842346,
                    0.017457447946071625
                ],
                [
                    -0.17622049152851105,
                    -0.022662997245788574,
                    0.9840897917747498
                ]
            ]
        ],
        [
            0.007505376338958741,
            0.04004141616821289,
            1.12541650390625,
            null,
            null,
            null,
            [
                [
                    0.9791717529296875,
                    0.03322100639343262,
                    0.20029732584953308
                ],
                [
                    -0.027399634942412376,
                    0.9991196990013123,
                    -0.03176684305071831
                ],
                [
                    -0.20117631554603577,
                    0.025617122650146484,
                    0.9792200326919556
                ]
            ]
        ],
        [
            0.025425235748291017,
            0.0441722526550293,
            1.1396341552734375,
            null,
            null,
            null,
            [
                [
                    0.9802646040916443,
                    0.027333939447999,
                    0.19579100608825684
                ],
                [
                    -0.011694692075252533,
                    0.9966785311698914,
                    -0.08059234917163849
                ],
                [
                    -0.1973436027765274,
                    0.07671211659908295,
                    0.977328360080719
                ]
            ]
        ],
        [
            0.05063797378540039,
            0.05390688705444336,
            1.1445579833984374,
            null,
            null,
            null,
            [
                [
                    0.994270920753479,
                    0.020088262856006622,
                    0.10498452931642532
                ],
                [
                    -0.015107044950127602,
                    0.9987316727638245,
                    -0.048028867691755295
                ],
                [
                    -0.10581620037555695,
                    0.04616770148277283,
                    0.9933133721351624
                ]
            ]
        ],
        [
            0.07277707672119141,
            0.06339459609985351,
            1.140544189453125,
            null,
            null,
            null,
            [
                [
                    0.9982784986495972,
                    0.05353010445833206,
                    0.02397063747048378
                ],
                [
                    -0.05172991007566452,
                    0.9961841106414795,
                    -0.07029366493225098
                ],
                [
                    -0.02764199674129486,
                    0.06893265247344971,
                    0.997238278388977
                ]
            ]
        ],
        [
