{
    "radius": 0.45,
    "angular_speed": 11,
    "save_freq": 0.1,
    "pid_gains": {
        "pid_rate": {
            "roll_kp": "50.0",
            "roll_ki": "0.0",
            "roll_kd": "0.0",
            "pitch_kp": "50.0",
            "pitch_ki": "0.0",
            "pitch_kd": "0.0",
            "yaw_kp": "80.0",
            "yaw_ki": "0.0",
            "yaw_kd": "0.0"
        },
        "pid_attitude": {
            "roll_kp": "10.0",
            "roll_ki": "0.5",
            "roll_kd": "0.5",
            "pitch_kp": "13.0",
            "pitch_ki": "0.5",
            "pitch_kd": "1.5",
            "yaw_kp": "8.0",
            "yaw_ki": "0.5",
            "yaw_kd": "0.5"
        },
        "velCtlPid": {
            "vxKp": "15.0",
            "vxKi": "1.0",
            "vxKd": "0.0",
            "vyKp": "10.0",
            "vyKi": "1.0",
            "vyKd": "0.0",
            "vzKp": "12.5",
            "vzKi": "0.5",
            "vzKd": "0.0"
        },
        "posCtlPid": {
            "xKp": "1.5",
            "xKi": "0.20000000298023224",
            "xKd": "0.20000000298023224",
            "yKp": "1.5",
            "yKi": "0.20000000298023224",
            "yKd": "0.20000000298023224",
            "zKp": "5.0",
            "zKi": "0.5",
            "zKd": "0.0"
        }
    },
    "pose": [
        [
            -0.1382606964111328,
            -0.163464599609375,
            0.26195223999023437,
            null,
            null,
            null,
            [
                [
                    0.996842086315155,
                    0.06509698927402496,
                    0.04547830671072006
                ],
                [
                    -0.06572862714529037,
                    0.9977588057518005,
                    0.012532598339021206
                ],
                [
                    -0.044560547918081284,
                    -0.015482247807085514,
                    0.9988867044448853
                ]
            ]
        ],
        [
            -0.13936622619628905,
            -0.16266036987304688,
            0.26186709594726565,
            null,
            null,
            null,
            [
                [
                    0.9972259998321533,
                    0.0629035159945488,
                    0.039792727679014206
                ],
                [
                    -0.0634922906756401,
                    0.9978882074356079,
                    0.013708144426345825
                ],
                [
                    -0.03884640336036682,
                    -0.01619664952158928,
                    0.999113917350769
                ]
            ]
        ],
        [
            -0.13541249084472656,
            -0.15764588928222656,
            0.2879022521972656,
            null,
            null,
            null,
            [
                [
                    0.9969823956489563,
                    0.03381703794002533,
                    0.0698748454451561
                ],
                [
                    -0.04534829035401344,
                    0.9842832684516907,
                    0.17067520320415497
                ],
                [
                    -0.06300491094589233,
                    -0.17332887649536133,
                    0.9828466176986694
                ]
            ]
        ],
        [
            -0.130766845703125,
            -0.15164491271972655,
            0.3756518249511719,
            null,
            null,
            null,
            [
                [
                    0.9984893202781677,
                    0.0531780980527401,
                    -0.013828208670020103
                ],
                [
                    -0.05226694047451019,
                    0.9968579411506653,
                    0.059518001973629
                ],
                [
                    0.016949813812971115,
                    -0.05870532989501953,
                    0.9981314539909363
                ]
            ]
        ],
        [
            -0.12214189147949218,
            -0.14626579284667968,
            0.48408599853515627,
            null,
            null,
            null,
            [
                [
                    0.9977367520332336,
                    0.05049482733011246,
                    -0.04440353438258171
                ],
                [
                    -0.04919911548495293,
                    0.9983441829681396,
                    0.02980511076748371
                ],
                [
                    0.045835014432668686,
                    -0.02755303867161274,
                    0.9985689520835876
                ]
            ]
        ],
        [
            -0.10770290374755859,
            -0.14014349365234374,
            0.6026427001953125,
            null,
            null,
            null,
            [
                [
                    0.9910607933998108,
                    0.07911142706871033,
                    0.10742385685443878
                ],
                [
                    -0.05445731058716774,
                    0.9749628305435181,
                    -0.21559643745422363
                ],
                [
                    -0.12179041653871536,
                    0.2078191637992859,
                    0.9705556631088257
                ]
            ]
        ],
        [
            -0.08785566711425781,
            -0.13521202087402343,
            0.720899169921875,
            null,
            null,
            null,
            [
                [
                    0.9904269576072693,
                    0.08389997482299805,
                    0.10961390286684036
                ],
                [
                    -0.06185796484351158,
                    0.9796550273895264,
                    -0.1909177303314209
                ],
                [
                    -0.12340180575847626,
                    0.1823095679283142,
                    0.9754666686058044
                ]
            ]
        ],
        [
            -0.07031468200683594,
            -0.13336293029785157,
            0.8391198120117187,
            null,
            null,
            null,
            [
                [
                    0.9653509855270386,
                    0.06747502088546753,
                    0.2520805597305298
                ],
                [
                    -0.05614287778735161,
                    0.9970735311508179,
                    -0.05188807100057602
                ],
                [
                    -0.25484398007392883,
                    0.03593767434358597,
                    0.9663141369819641
                ]
            ]
        ],
        [
            -0.05632993698120117,
            -0.13177833557128907,
            0.9579593505859375,
            null,
            null,
            null,
            [
                [
                    0.9781171083450317,
                    0.06852906942367554,
                    0.19644510746002197
                ],
                [
                    -0.06074663996696472,
                    0.9971211552619934,
                    -0.045378874987363815
                ],
                [
                    -0.19898934662342072,
                    0.032452475279569626,
                    0.9794641733169556
                ]
            ]
        ],
        [
            -0.048446014404296876,
            -0.13080975341796874,
            1.0672318115234376,
            null,
            null,
            null,
            [
                [
                    0.9967101216316223,
                    0.08079845458269119,
                    -0.006365027744323015
                ],
                [
                    -0.08083745092153549,
                    0.9967084527015686,
                    -0.006128545850515366
                ],
                [
                    0.005848899949342012,
                    0.006622916553169489,
                    0.9999609589576721
                ]
            ]
        ],
        [
            -0.04631027603149414,
            -0.12525589752197266,
            1.1397171630859375,
            null,
            null,
            null,
            [
                [
                    0.9991009831428528,
                    0.04188651964068413,
                    -0.006538523826748133
                ],
                [
                    -0.04148845002055168,
                    0.9977694153785706,
                    0.05229581519961357
                ],
                [
                    0.00871442910283804,
                    -0.051977526396512985,
                    0.998610258102417
                ]
            ]
        ],
        [
            -0.04931044387817383,
            -0.12064946746826172,
            1.175684326171875,
            null,
            null,
            null,
            [
                [
                    0.9981077909469604,
                    0.06062408909201622,
                    0.010275844484567642
                ],
                [
                    -0.061174117028713226,
                    0.9959208965301514,
                    0.06632710993289948
                ],
                [
                    -0.006212907377630472,
                    -0.06683021783828735,
                    0.9977450370788574
                ]
            ]
        ],
        [
            -0.05188449478149414,
            -0.114968505859375,
            1.180696533203125,
            null,
            null,
            null,
            [
                [
                    0.9979480504989624,
                    0.04306356981396675,
                    0.047383613884449005
                ],
                [
                    -0.04571294039487839,
                    0.9973652362823486,
                    0.05632816255092621
                ],
                [
                    -0.04483307898044586,
                    -0.05837862193584442,
                    0.9972872734069824
                ]
            ]
        ],
        [
            -0.05342185211181641,
            -0.10977494049072266,
            1.165685791015625,
            null,
            null,
            null,
            [
                [
                    0.9946829676628113,
                    0.04345325380563736,
                    0.09336800873279572
                ],
                [
                    -0.04162374138832092,
                    0.9989029765129089,
                    -0.0214544627815485
                ],
                [
                    -0.0941978469491005,
                    0.017454063519835472,
                    0.9954004883766174
                ]
            ]
        ],
        [
            -0.0497794075012207,
            -0.10174601745605469,
            1.143703125,
            null,
            null,
            null,
            [
                [
                    0.9880335330963135,
                    0.048590779304504395,
                    0.1463855654001236
                ],
                [
                    -0.05063491687178612,
                    0.9986644387245178,
                    0.010268156416714191
                ],
                [
                    -0.14569111168384552,
                    -0.017557503655552864,
                    0.9891743063926697
                ]
            ]
        ],
        [
            -0.048290699005126954,
            -0.09574126434326172,
            1.1367030029296874,
            null,
            null,
            null,
            [
                [
                    0.9890631437301636,
                    0.07401607185602188,
                    0.12757648527622223
                ],
                [
                    -0.07795356214046478,
                    0.9966140985488892,
                    0.02614533342421055
                ],
                [
                    -0.12520934641361237,
                    -0.035804424434900284,
                    0.9914840459823608
                ]
            ]
        ],
        [
            -0.048290699005126954,
            -0.09574126434326172,
            1.1367030029296874,
            null,
            null,
            null,
            [
                [
                    0.9890631437301636,
                    0.07401607185602188,
                    0.12757648527622223
                ],
                [
                    -0.07795356214046478,
                    0.9966140985488892,
                    0.02614533342421055
                ],
                [
                    -0.12520934641361237,
                    -0.035804424434900284,
                    0.9914840459823608
                ]
            ]
        ],
        [
            -0.048290699005126954,
            -0.09574126434326172,
            1.1367030029296874,
            null,
            null,
            null,
            [
                [
                    0.9890631437301636,
                    0.07401607185602188,
                    0.12757648527622223
                ],
                [
                    -0.07795356214046478,
                    0.9966140985488892,
                    0.02614533342421055
                ],
                [
                    -0.12520934641361237,
                    -0.035804424434900284,
                    0.9914840459823608
                ]
            ]
        ],
        [
            -0.048290699005126954,
            -0.09574126434326172,
            1.1367030029296874,
            null,
            null,
            null,
            [
                [
                    0.9890631437301636,
                    0.07401607185602188,
                    0.12757648527622223
                ],
                [
                    -0.07795356214046478,
                    0.9966140985488892,
                    0.02614533342421055
                ],
                [
                    -0.12520934641361237,
                    -0.035804424434900284,
                    0.9914840459823608
                ]
            ]
        ],
        [
            0.031895423889160154,
            -0.03373399353027344,
            1.0745015869140624,
            null,
            null,
            null,
            [
                [
                    0.9948026537895203,
                    0.0833655521273613,
                    0.05846291407942772
                ],
                [
                    -0.0830574631690979,
                    0.996515154838562,
                    -0.0076842946000397205
                ],
                [
                    -0.058899786323308945,
                    0.002788574667647481,
                    0.9982600212097168
                ]
            ]
        ],
        [
            0.031895423889160154,
            -0.03373399353027344,
            1.0745015869140624,
            null,
            null,
            null,
            [
                [
                    0.9948026537895203,
                    0.0833655521273613,
                    0.05846291407942772
                ],
                [
                    -0.0830574631690979,
                    0.996515154838562,
                    -0.0076842946000397205
                ],
                [
                    -0.058899786323308945,
                    0.002788574667647481,
                    0.9982600212097168
                ]
            ]
        ],
        [
            0.03745358657836914,
            -0.009072878837585448,
            1.0626180419921876,
            null,
            null,
            null,
            [
                [
                    0.9979074597358704,
                    0.05522109940648079,
                    -0.03363567218184471
                ],
                [
                    -0.05719727650284767,
                    0.9965013861656189,
                    -0.060937900096178055
                ],
                [
                    0.0301529373973608,
                    0.06273425370454788,
                    0.9975746870040894
                ]
            ]
        ],
        [
            0.021848173141479493,
            -0.004117012023925781,
            1.064975341796875,
            null,
            null,
            null,
            [
                [
                    0.9962942004203796,
                    0.07415246963500977,
                    -0.04358125850558281
                ],
                [
                    -0.07664039731025696,
                    0.9953413605690002,
                    -0.05849671736359596
                ],
                [
                    0.03904055431485176,
                    0.06162002310156822,
                    0.9973358511924744
                ]
            ]
        ],
        [
            -0.003622298240661621,
            3.415466845035553e-05,
            1.070793701171875,
            null,
            null,
            null,
            [
                [
                    0.9986116886138916,
                    0.05263598635792732,
                    0.002029582392424345
                ],
                [
                    -0.05252136290073395,
                    0.9978994131088257,
                    -0.037924785166978836
                ],
                [
                    -0.004021527711302042,
                    0.037765540182590485,
                    0.9992785453796387
                ]
            ]
        ],
        [
            -0.01984375,
            0.012332383155822755,
            1.0810146484375,
            null,
            null,
            null,
            [
                [
                    0.9923271536827087,
                    0.0805145725607872,
                    0.09383108466863632
                ],
                [
                    -0.08279118686914444,
                    0.9963535070419312,
                    0.020621804520487785
                ],
                [
                    -0.09182857722043991,
                    -0.028231961652636528,
                    0.9953745603561401
                ]
            ]
        ],
        [
            -0.028107654571533202,
            0.023407552719116213,
            1.086752197265625,
            null,
            null,
            null,
            [
                [
                    0.9824442863464355,
                    0.06367618590593338,
                    0.17535260319709778
                ],
                [
                    -0.06950047612190247,
                    0.9972091317176819,
                    0.027270058169960976
                ],
                [
                    -0.17312675714492798,
                    -0.03897840157151222,
                    0.984127938747406
                ]
            ]
        ],
        [
            -0.02306340217590332,
            0.04385468292236328,
            1.0930643310546875,
            null,
            null,
            null,
            [
                [
                    0.9716288447380066,
                    0.061380743980407715,
                    0.2284071296453476
                ],
                [
                    -0.07114320993423462,
                    0.996860682964325,
                    0.034748222678899765
                ],
                [
                    -0.22555720806121826,
                    -0.05001199245452881,
                    0.9729453921318054
                ]
            ]
        ],
        [
            -0.008026148796081543,
            0.06327365875244141,
            1.094630859375,
            null,
            null,
            null,
            [
                [
                    0.9726380109786987,
                    0.0726015493273735,
                    0.22069062292575836
                ],
                [
                    -0.0744841918349266,
                    0.9972221851348877,
                    0.00020972352649550885
                ],
                [
                    -0.22006236016750336,
                    -0.016641948372125626,
                    0.9753438234329224
                ]
            ]
        ],
        [
            0.01191252613067627,
            0.08016255187988282,
            1.093669677734375,
            null,
            null,
            null,
            [
                [
                    0.9853366017341614,
                    0.06748339533805847,
                    0.15670929849147797
                ],
                [
                    -0.06308161467313766,
                    0.9974659085273743,
                    -0.03290019556879997
                ],
                [
                    -0.15853241086006165,
                    0.02253228984773159,
                    0.9870966076850891
                ]
            ]
        ],
        [
            0.028504798889160157,
            0.0925809097290039,
            1.0932244873046875,
            null,
            null,
            null,
            [
                [
                    0.9954259991645813,
                    0.06724140793085098,
                    0.06786546856164932
                ],
                [
                    -0.061834223568439484,
                    0.9949665069580078,
                    -0.07885539531707764
                ],
                [
                    -0.07282621413469315,
                    0.07429829984903336,
                    0.9945733547210693
                ]
            ]
        ],
        [
            0.03650312042236328,
            0.09581388854980469,
            1.09028955078125,
            null,
            null,
            null,
            [
                [
                    0.9985144138336182,
                    0.05368470773100853,
                    0.009321913123130798
                ],
                [
                    -0.05214684084057808,
                    0.9911326169967651,
                    -0.12221628427505493
                ],
                [
                    -0.015800397843122482,
                    0.1215486153960228,
                    0.9924597144126892
                ]
            ]
        ],
        [
            0.03340577697753906,
            0.09516529846191406,
            1.087195068359375,
            null,
            null,
            null,
            [
                [
                    0.9959885478019714,
                    0.06942430138587952,
                    -0.056454602628946304
                ],
                [
                    -0.07439717650413513,
                    0.9930344223976135,
                    -0.09136567264795303
                ],
                [
                    0.04971836507320404,
                    0.09519922733306885,
                    0.9942158460617065
                ]
            ]
        ],
        [
            0.020690698623657227,
            0.09406468963623046,
            1.084904296875,
            null,
            null,
            null,
            [
                [
                    0.9977347254753113,
                    0.04763123020529747,
                    -0.0475047342479229
                ],
                [
                    -0.05079110339283943,
                    0.9964125752449036,
                    -0.06769193708896637
                ],
                [
                    0.04411006346344948,
                    0.06995141506195068,
                    0.9965746998786926
                ]
            ]
        ],
        [
            0.0026079137325286865,
            0.08901114654541016,
            1.082983642578125,
            null,
            null,
            null,
            [
                [
                    0.9983900189399719,
                    0.056447938084602356,
                    -0.0055633108131587505
                ],
                [
                    -0.05669552460312843,
                    0.9960862994194031,
                    -0.06780663877725601
                ],
                [
                    0.001713992445729673,
                    0.06801289319992065,
                    0.9976829886436462
                ]
            ]
        ],
        [
            -0.01217051124572754,
            0.09333113098144531,
            1.08279150390625,
            null,
            null,
            null,
            [
                [
                    0.9933241605758667,
                    0.06956544518470764,
                    0.09202025830745697
                ],
                [
                    -0.07083138823509216,
                    0.9974324107170105,
                    0.01055959053337574
                ],
                [
                    -0.09104940295219421,
                    -0.017007019370794296,
                    0.9957011342048645
                ]
            ]
        ],
        [
            -0.01733481788635254,
            0.1006373291015625,
            1.0805015869140624,
            null,
            null,
            null,
            [
                [
                    0.9828665256500244,
                    0.05221647769212723,
                    0.17676766216754913
                ],
                [
                    -0.048936065286397934,
                    0.9985400438308716,
                    -0.022869715467095375
                ],
                [
                    -0.17770376801490784,
                    0.013827565126121044,
                    0.9839868545532227
                ]
            ]
        ],
        [
            -0.01215357494354248,
            0.10524250030517578,
            1.0757584228515624,
            null,
            null,
            null,
            [
                [
                    0.9786299467086792,
                    0.04309786483645439,
                    0.2010621428489685
                ],
                [
                    -0.03703373298048973,
                    0.9987413287162781,
                    -0.03382684662938118
                ],
                [
                    -0.20226693153381348,
                    0.025657882913947105,
                    0.9789942502975464
                ]
            ]
        ],
        [
            0.001297189474105835,
            0.11265049743652343,
            1.0697344970703124,
            null,
            null,
            null,
            [
                [
                    0.9802973866462708,
                    0.043325792998075485,
                    0.19271719455718994
                ],
                [
                    -0.03234608471393585,
                    0.9976885318756104,
                    -0.0597604364156723
                ],
                [
                    -0.19486090540885925,
                    0.05234935134649277,
                    0.9794328808784485
                ]
            ]
        ],
        [
            0.020978946685791016,
            0.11426010131835937,
            1.0650511474609374,
            null,
            null,
            null,
            [
                [
                    0.987538754940033,
                    0.03990066424012184,
                    0.15223395824432373
                ],
                [
                    -0.021557128056883812,
                    0.9925040602684021,
                    -0.12029558420181274
                ],
                [
                    -0.15589268505573273,
                    0.11551482230424881,
                    0.980996310710907
                ]
            ]
        ],
        [
            0.038993923187255856,
            0.1140455551147461,
            1.0634422607421874,
            null,
            null,
            null,
            [
                [
                    0.9956657290458679,
                    0.025380803272128105,
                    0.08947360515594482
                ],
                [
                    -0.017954913899302483,
                    0.996400773525238,
                    -0.0828440934419632
                ],
                [
                    -0.09125421941280365,
                    0.08087853342294693,
                    0.992537796497345
                ]
            ]
        ],
        [
            0.04919886016845703,
            0.11271621704101563,
            1.065054931640625,
            null,
            null,
            null,
            [
                [
                    0.9988380670547485,
                    0.03894038870930672,
                    0.02839367277920246
                ],
                [
                    -0.03667529672384262,
                    0.9964065551757812,
                    -0.07634720951318741
                ],
                [
                    -0.03126463294029236,
                    0.07521715015172958,
                    0.9966769218444824
                ]
            ]
        ],
        [
            0.04993916702270508,
            0.10385836029052735,
            1.069699951171875,
            null,
            null,
            null,
            [
                [
                    0.9992275834083557,
                    0.03090248443186283,
                    -0.024274516850709915
                ],
                [
                    -0.03276919946074486,
                    0.9962000250816345,
                    -0.08069506287574768
                ],
                [
                    0.021688595414161682,
                    0.08142819255590439,
                    0.9964432120323181
                ]
            ]
        ],
        [
            0.04180765914916992,
            0.10112673950195313,
            1.0729031982421875,
            null,
            null,
            null,
            [
                [
                    0.9985800981521606,
                    0.04294072091579437,
                    -0.03152632340788841
                ],
                [
                    -0.044024813920259476,
                    0.9984332323074341,
                    -0.034538060426712036
                ],
                [
                    0.02999384142458439,
                    0.035876963287591934,
                    0.9989060163497925
                ]
            ]
        ],
        [
            0.026375429153442383,
            0.09671178436279297,
            1.0730606689453126,
            null,
            null,
            null,
            [
                [
                    0.998878538608551,
                    0.04669689014554024,
                    -0.007817883975803852
                ],
                [
                    -0.047086503356695175,
                    0.997041642665863,
                    -0.06075181066989899
                ],
                [
                    0.00495783518999815,
                    0.06105179339647293,
                    0.9981222748756409
                ]
            ]
        ],
        [
            0.011424964904785156,
            0.08930473327636719,
            1.073305419921875,
            null,
            null,
            null,
            [
                [
                    0.9966657757759094,
                    0.057690154761075974,
                    0.05769902467727661
                ],
                [
                    -0.052657853811979294,
                    0.9949689507484436,
                    -0.08522901684045792
                ],
                [
                    -0.0623256117105484,
                    0.08190653473138809,
                    0.9946893453598022
                ]
            ]
        ],
        [
            0.004145728588104248,
            0.09130219268798828,
            1.0716966552734375,
            null,
            null,
            null,
            [
                [
                    0.990488588809967,
                    0.03179847449064255,
                    0.1338702291250229
                ],
                [
                    -0.027311544865369797,
                    0.9990062713623047,
                    -0.03522143512964249
                ],
                [
                    -0.1348571926355362,
                    0.031230226159095764,
                    0.9903727769851685
                ]
            ]
        ],
        [
            0.0016288772821426393,
            0.09059759521484376,
            1.068912353515625,
            null,
            null,
            null,
            [
                [
                    0.9785823225975037,
                    0.051399506628513336,
                    0.1993357241153717
                ],
                [
                    -0.041708946228027344,
                    0.9977487325668335,
                    -0.052515190094709396
                ],
                [
                    -0.20158623158931732,
                    0.043076351284980774,
                    0.9785230755805969
                ]
            ]
        ],
        [
            0.011902862548828125,
            0.08705686950683594,
            1.0605634765625,
            null,
            null,
            null,
            [
                [
                    0.9777145981788635,
                    0.04338444024324417,
                    0.2054067701101303
                ],
                [
                    -0.022765330970287323,
                    0.9945544600486755,
                    -0.10170157998800278
                ],
                [
                    -0.20870047807693481,
                    0.09475896507501602,
                    0.97337806224823
                ]
            ]
        ],
        [
            0.028069509506225585,
            0.08963813018798829,
            1.056408203125,
            null,
            null,
            null,
            [
                [
                    0.9766178727149963,
                    0.02421460673213005,
                    0.2136145681142807
                ],
                [
                    -0.012970805168151855,
                    0.9984630942344666,
                    -0.053881485015153885
                ],
                [
                    -0.21459098160266876,
                    0.04985086992383003,
                    0.975430965423584
                ]
            ]
        ],
        [
            0.045419265747070316,
            0.087260498046875,
            1.0551954345703125,
            null,
            null,
            null,
            [
                [
                    0.9853589534759521,
                    0.0419689305126667,
                    0.1652463972568512
                ],
                [
                    -0.026950227096676826,
                    0.9953847527503967,
                    -0.09210237860679626
                ],
                [
                    -0.16834919154644012,
                    0.08630047738552094,
                    0.981942355632782
                ]
            ]
        ],
        [
            0.0658428955078125,
            0.08561930847167969,
            1.073446533203125,
            null,
            null,
            null,
            [
                [
                    0.9875512719154358,
                    0.023872140794992447,
                    0.15547560155391693
                ],
                [
                    -0.009514416567981243,
                    0.9956724047660828,
                    -0.09244445711374283
                ],
                [
                    -0.15700960159301758,
                    0.08981437981128693,
                    0.9835046529769897
                ]
            ]
        ],
        [
            0.09227655029296875,
            0.08081754302978515,
            1.1376234130859375,
            null,
            null,
            null,
            [
                [
                    0.9510140419006348,
                    0.004118949640542269,
                    0.30912020802497864
                ],
                [
                    -0.025683362036943436,
                    0.9975072741508484,
                    0.06572379916906357
                ],
                [
                    -0.30807894468307495,
                    -0.07044350355863571,
                    0.9487492442131042
                ]
            ]
        ],
        [
            0.12561839294433594,
            0.07420677185058594,
            1.2283424072265625,
            null,
            null,
            null,
            [
                [
                    0.957379162311554,
                    0.05839495733380318,
                    0.28286951780319214
                ],
                [
                    -0.02855617180466652,
                    0.9936878085136414,
                    -0.10848560929298401
                ],
                [
                    -0.28741899132728577,
                    0.09578419476747513,
                    0.9530035257339478
                ]
            ]
        ],
        [
            0.16039466857910156,
            0.07288101196289062,
            1.315778076171875,
            null,
            null,
            null,
            [
                [
                    0.9885851144790649,
                    0.09753747284412384,
                    0.11482992768287659
                ],
                [
                    -0.057357508689165115,
                    0.9484166502952576,
                    -0.31179484724998474
                ],
                [
                    -0.1393182873725891,
                    0.30164939165115356,
                    0.9431850910186768
                ]
            ]
        ],
        [
            0.16039466857910156,
            0.07288101196289062,
            1.315778076171875,
            null,
            null,
            null,
            [
                [
                    0.9885851144790649,
                    0.09753747284412384,
                    0.11482992768287659
                ],
                [
                    -0.057357508689165115,
                    0.9484166502952576,
                    -0.31179484724998474
                ],
                [
                    -0.1393182873725891,
                    0.30164939165115356,
                    0.9431850910186768
                ]
            ]
        ],
        [
            0.22939248657226563,
            0.07604569244384765,
            1.4761168212890625,
            null,
            null,
            null,
            [
                [
                    0.9977529048919678,
                    0.03645395487546921,
                    -0.05621574446558952
                ],
                [
                    -0.03294144570827484,
                    0.9975204467773438,
                    0.06219150871038437
                ],
                [
                    0.05834348127245903,
                    -0.060199931263923645,
                    0.9964798092842102
                ]
            ]
        ],
        [
            0.24156988525390624,
            0.07706510925292968,
            1.5135565185546875,
            null,
            null,
            null,
            [
                [
                    0.9958257079124451,
                    0.03148629888892174,
                    -0.08567234873771667
                ],
                [
                    -0.035997115075588226,
                    0.9980174899101257,
                    -0.05162663012742996
                ],
                [
                    0.08387697488069534,
                    0.054495085030794144,
                    0.9949848651885986
                ]
            ]
        ],
        [
