{
    "radius": 0.4,
    "angular_speed": 11,
    "save_freq": 0.1,
    "pid_gains": {
        "pid_rate": {
            "roll_kp": "50.0",
            "roll_ki": "0.0",
            "roll_kd": "0.0",
            "pitch_kp": "50.0",
            "pitch_ki": "0.0",
            "pitch_kd": "0.0",
            "yaw_kp": "80.0",
            "yaw_ki": "0.0",
            "yaw_kd": "0.0"
        },
        "pid_attitude": {
            "roll_kp": "10.0",
            "roll_ki": "0.5",
            "roll_kd": "0.5",
            "pitch_kp": "13.0",
            "pitch_ki": "0.5",
            "pitch_kd": "1.5",
            "yaw_kp": "8.0",
            "yaw_ki": "0.5",
            "yaw_kd": "0.5"
        },
        "velCtlPid": {
            "vxKp": "15.0",
            "vxKi": "1.0",
            "vxKd": "0.0",
            "vyKp": "10.0",
            "vyKi": "1.0",
            "vyKd": "0.0",
            "vzKp": "12.5",
            "vzKi": "0.5",
            "vzKd": "0.0"
        },
        "posCtlPid": {
            "xKp": "1.5",
            "xKi": "0.20000000298023224",
            "xKd": "0.20000000298023224",
            "yKp": "1.5",
            "yKi": "0.20000000298023224",
            "yKd": "0.20000000298023224",
            "zKp": "5.0",
            "zKi": "0.5",
            "zKd": "0.0"
        }
    },
    "pose": [
        [
            0.02339375877380371,
            0.04292625045776367,
            0.26044320678710936,
            null,
            null,
            null,
            [
                [
                    0.9941675662994385,
                    -0.09449537098407745,
                    0.051976099610328674
                ],
                [
                    0.09352780878543854,
                    0.9954004287719727,
                    0.02074849233031273
                ],
                [
                    -0.05369766801595688,
                    -0.015766266733407974,
                    0.9984327554702759
                ]
            ]
        ],
        [
            0.02338766860961914,
            0.04316184234619141,
            0.260328369140625,
            null,
            null,
            null,
            [
                [
                    0.9939993619918823,
                    -0.09754913300275803,
                    0.049492236226797104
                ],
                [
                    0.09658433496952057,
                    0.9950919151306152,
                    0.02153044193983078
                ],
                [
                    -0.05134959891438484,
                    -0.016621069982647896,
                    0.9985424280166626
                ]
            ]
        ],
        [
            0.023330833435058592,
            0.05242965316772461,
            0.28284375,
            null,
            null,
            null,
            [
                [
                    0.993325412273407,
                    -0.10752582550048828,
                    0.041747212409973145
                ],
                [
                    0.10301171988248825,
                    0.9898065328598022,
                    0.09834443777799606
                ],
                [
                    -0.05189622938632965,
                    -0.09338758140802383,
                    0.9942764043807983
                ]
            ]
        ],
        [
            0.024044137954711914,
            0.04998640823364258,
            0.36268853759765624,
            null,
            null,
            null,
            [
                [
                    0.9857710003852844,
                    -0.10759789496660233,
                    0.12914443016052246
                ],
                [
                    0.10491979122161865,
                    0.9941035509109497,
                    0.027384623885154724
                ],
                [
                    -0.1313294768333435,
                    -0.01344516035169363,
                    0.9912475943565369
                ]
            ]
        ],
        [
            0.021555538177490233,
            0.04254582595825195,
            0.46784637451171873,
            null,
            null,
            null,
            [
                [
                    0.9928109645843506,
                    -0.11783948540687561,
                    0.02098235674202442
                ],
                [
                    0.11924866586923599,
                    0.9888991713523865,
                    -0.08864639699459076
                ],
                [
                    -0.010303388349711895,
                    0.09051123261451721,
                    0.9958421587944031
                ]
            ]
        ],
        [
            0.015999517440795898,
            0.035446712493896484,
            0.5797927856445313,
            null,
            null,
            null,
            [
                [
                    0.9941876530647278,
                    -0.10437719523906708,
                    0.026387987658381462
                ],
                [
                    0.10665521025657654,
                    0.9882836937904358,
                    -0.1091790497303009
                ],
                [
                    -0.014683013781905174,
                    0.1113588809967041,
                    0.9936717748641968
                ]
            ]
        ],
        [
            0.008633384704589844,
            0.021436071395874022,
            0.6999424438476562,
            null,
            null,
            null,
            [
                [
                    0.993866503238678,
                    -0.09705326706171036,
                    0.053010277450084686
                ],
                [
                    0.10153625905513763,
                    0.9907795190811157,
                    -0.08970137685537338
                ],
                [
                    -0.04381568729877472,
                    0.09453365206718445,
                    0.9945569634437561
                ]
            ]
        ],
        [
            0.001831782102584839,
            0.0014511994123458862,
            0.814226806640625,
            null,
            null,
            null,
            [
                [
                    0.9943152070045471,
                    -0.09150522202253342,
                    0.05444367602467537
                ],
                [
                    0.09550204873085022,
                    0.992523193359375,
                    -0.07600664347410202
                ],
                [
                    -0.047081608325242996,
                    0.08077404648065567,
                    0.9956198334693909
                ]
            ]
        ],
        [
            -0.0007395362257957459,
            -0.016997156143188478,
            0.9305658569335937,
            null,
            null,
            null,
            [
                [
                    0.9930015802383423,
                    -0.08231792598962784,
                    0.08468574285507202
                ],
                [
                    0.07931099086999893,
                    0.9961144924163818,
                    0.03828437998890877
                ],
                [
                    -0.0875081866979599,
                    -0.03129994124174118,
                    0.9956719279289246
                ]
            ]
        ],
        [
            0.0007641063332557678,
            -0.031078857421875,
            1.03695068359375,
            null,
            null,
            null,
            [
                [
                    0.9926386475563049,
                    -0.04415624961256981,
                    0.11277739703655243
                ],
                [
                    0.043984152376651764,
                    0.9990241527557373,
                    0.0040149143896996975
                ],
                [
                    -0.11284462362527847,
                    0.0009750591707415879,
                    0.9936121702194214
                ]
            ]
        ],
        [
            0.007537925243377685,
            -0.03994717025756836,
            1.1115740966796874,
            null,
            null,
            null,
            [
                [
                    0.9924328327178955,
                    -0.051433783024549484,
                    0.11149732023477554
                ],
                [
                    0.05153605714440346,
                    0.9986692070960999,
                    0.001966502983123064
                ],
                [
                    -0.11145008355379105,
                    0.003794510383158922,
                    0.9937627911567688
                ]
            ]
        ],
        [
            0.013487030982971191,
            -0.04346038818359375,
            1.15332763671875,
            null,
            null,
            null,
            [
                [
                    0.9927006959915161,
                    -0.0573808029294014,
                    0.10607901215553284
                ],
                [
                    0.04878091812133789,
                    0.9954410195350647,
                    0.08196110278367996
                ],
                [
                    -0.11029838770627975,
                    -0.07618821412324905,
                    0.9909740686416626
                ]
            ]
        ],
        [
            0.01952479934692383,
            -0.04410347747802734,
            1.163079833984375,
            null,
            null,
            null,
            [
                [
                    0.9939968585968018,
                    -0.0546882338821888,
                    0.09476020932197571
                ],
                [
                    0.04867912083864212,
                    0.9967228174209595,
                    0.06460640579462051
                ],
                [
                    -0.09798286855220795,
                    -0.059605713933706284,
                    0.9934014678001404
                ]
            ]
        ],
        [
            0.02476844596862793,
            -0.04376411437988281,
            1.1507420654296876,
            null,
            null,
            null,
            [
                [
                    0.9951391816139221,
                    -0.05127507448196411,
                    0.08407667279243469
                ],
                [
                    0.05115313082933426,
                    0.998684287071228,
                    0.0036053878720849752
                ],
                [
                    -0.08415092527866364,
                    0.0007129223085939884,
                    0.9964527487754822
                ]
            ]
        ],
        [
            0.02996807861328125,
            -0.04627724838256836,
            1.1272017822265625,
            null,
            null,
            null,
            [
                [
                    0.9975253343582153,
                    -0.050044674426317215,
                    0.04938323050737381
                ],
                [
                    0.05236506462097168,
                    0.997527539730072,
                    -0.046868905425071716
                ],
                [
                    -0.04691559448838234,
                    0.04933887720108032,
                    0.997679591178894
                ]
            ]
        ],
        [
            0.033021610260009764,
            -0.039988525390625,
            1.104714599609375,
            null,
            null,
            null,
            [
                [
                    0.9983965754508972,
                    -0.045342013239860535,
                    0.033886946737766266
                ],
                [
                    0.04569336026906967,
                    0.9989087581634521,
                    -0.009666327387094498
                ],
                [
                    -0.033411674201488495,
                    0.01119923684746027,
                    0.9993789196014404
                ]
            ]
        ],
        [
            0.03294530868530274,
            -0.035257396697998045,
            1.086056884765625,
            null,
            null,
            null,
            [
                [
                    0.9993297457695007,
                    -0.027730494737625122,
                    0.0238975640386343
                ],
                [
                    0.028295161202549934,
                    0.9993204474449158,
                    -0.023623552173376083
                ],
                [
                    -0.023226231336593628,
                    0.02428390271961689,
                    0.9994352459907532
                ]
            ]
        ],
        [
            0.03137156105041504,
            -0.033873146057128906,
            1.073827392578125,
            null,
            null,
            null,
            [
                [
                    0.9995898008346558,
                    -0.011723160743713379,
                    0.02612992189824581
                ],
                [
                    0.01246362179517746,
                    0.9995201230049133,
                    -0.028357291594147682
                ],
                [
                    -0.025784946978092194,
                    0.02867133356630802,
                    0.9992562532424927
                ]
            ]
        ],
        [
            0.02902098083496094,
            -0.02566961669921875,
            1.0665928955078126,
            null,
            null,
            null,
            [
                [
                    0.998935341835022,
                    -0.03478887677192688,
                    0.030297907069325447
                ],
                [
                    0.034980420023202896,
                    0.9993710517883301,
                    -0.005814887583255768
                ],
                [
                    -0.030076557770371437,
                    0.006868530064821243,
                    0.9995239973068237
                ]
            ]
        ],
        [
            0.025432279586791992,
            -0.02123606872558594,
            1.0675638427734375,
            null,
            null,
            null,
            [
                [
                    0.9995474815368652,
                    -0.013608855195343494,
                    0.026826051995158195
                ],
                [
                    0.014562023803591728,
                    0.9992578029632568,
                    -0.035662323236465454
                ],
                [
                    -0.026320818811655045,
                    0.03603682667016983,
                    0.9990037679672241
                ]
            ]
        ],
        [
            0.021939613342285155,
            -0.012813451766967774,
            1.0729287109375,
            null,
            null,
            null,
            [
                [
                    0.9984721541404724,
                    -0.023647593334317207,
                    0.04994181916117668
                ],
                [
                    0.024132655933499336,
                    0.9996670484542847,
                    -0.009131891652941704
                ],
                [
                    -0.049709245562553406,
                    0.010323167778551579,
                    0.9987103939056396
                ]
            ]
        ],
        [
            0.024689163208007812,
            -0.004213764190673828,
            1.07759619140625,
            null,
            null,
            null,
            [
                [
                    0.9961442351341248,
                    -0.0250204186886549,
                    0.08408717811107635
                ],
                [
                    0.02773308753967285,
                    0.9991268515586853,
                    -0.031248312443494797
                ],
                [
                    -0.08323191106319427,
                    0.033459823578596115,
                    0.9959683418273926
                ]
            ]
        ],
        [
            0.02874164581298828,
            0.001104302406311035,
            1.0808448486328126,
            null,
            null,
            null,
            [
                [
                    0.9964887499809265,
                    -0.03132746368646622,
                    0.07764501869678497
                ],
                [
                    0.03408888354897499,
                    0.9988232254981995,
                    -0.03449786826968193
                ],
                [
                    -0.07647291570901871,
                    0.03702357038855553,
                    0.9963840246200562
                ]
            ]
        ],
        [
            0.03241392135620117,
            0.012509592056274414,
            1.080959228515625,
            null,
            null,
            null,
            [
                [
                    0.9973623752593994,
                    -0.01860314980149269,
                    0.0701582208275795
                ],
                [
                    0.02022194303572178,
                    0.9995437860488892,
                    -0.022434193640947342
                ],
                [
                    -0.06970886886119843,
                    0.02379375696182251,
                    0.9972835779190063
                ]
            ]
        ],
        [
            0.04069070816040039,
            0.02317728614807129,
            1.080123779296875,
            null,
            null,
            null,
            [
                [
                    0.9968194961547852,
                    -0.03912212327122688,
                    0.0694289356470108
                ],
                [
                    0.04257839545607567,
                    0.9978898167610168,
                    -0.04902002215385437
                ],
                [
                    -0.0673646554350853,
                    0.051820285618305206,
                    0.9963817596435547
                ]
            ]
        ],
        [
            0.04606115341186524,
            0.03190821647644043,
            1.0779298095703125,
            null,
            null,
            null,
            [
                [
                    0.9978717565536499,
                    -0.05217638611793518,
                    0.03910914435982704
                ],
                [
                    0.053419020026922226,
                    0.998077392578125,
                    -0.03143152967095375
                ],
                [
                    -0.037393972277641296,
                    0.0334538072347641,
                    0.9987404942512512
                ]
            ]
        ],
        [
            0.04453078460693359,
            0.04074857330322266,
            1.07466650390625,
            null,
            null,
            null,
            [
                [
                    0.9985187649726868,
                    -0.05402369424700737,
                    -0.00645868806168437
                ],
                [
                    0.053548917174339294,
                    0.9968128800392151,
                    -0.059132419526576996
                ],
                [
                    0.009632655419409275,
                    0.058698974549770355,
                    0.9982292652130127
                ]
            ]
        ],
        [
            0.04221856307983399,
            0.04665684127807617,
            1.073521484375,
            null,
            null,
            null,
            [
                [
                    0.9989803433418274,
                    -0.03841153904795647,
                    -0.023723330348730087
                ],
                [
                    0.03581316024065018,
                    0.9941765666007996,
                    -0.10163858532905579
                ],
                [
                    0.027489272877573967,
                    0.10068534314632416,
                    0.9945384860038757
                ]
            ]
        ],
        [
            0.03843411254882813,
            0.05920391082763672,
            1.070670166015625,
            null,
            null,
            null,
            [
                [
                    0.9991527795791626,
                    -0.03587087243795395,
                    -0.020174972712993622
                ],
                [
                    0.03499571979045868,
                    0.9984971284866333,
                    -0.04217563942074776
                ],
                [
                    0.021657530218362808,
                    0.04143386706709862,
                    0.9989064931869507
                ]
            ]
        ],
        [
            0.026726511001586913,
            0.06762814331054688,
            1.068198486328125,
            null,
            null,
            null,
            [
                [
                    0.9991288781166077,
                    -0.03974708914756775,
                    -0.012716110795736313
                ],
                [
                    0.03837442770600319,
                    0.9948014616966248,
                    -0.09432634711265564
                ],
                [
                    0.0163992028683424,
                    0.09375619888305664,
                    0.9954600930213928
                ]
            ]
        ],
        [
            0.018608177185058594,
            0.07404648590087891,
            1.066959716796875,
            null,
            null,
            null,
            [
                [
                    0.9996824264526367,
                    0.00980398803949356,
                    0.023215800523757935
                ],
                [
                    -0.008560932241380215,
                    0.9985551238059998,
                    -0.053050488233566284
                ],
                [
                    -0.023702362552285194,
                    0.0528348907828331,
                    0.9983219504356384
                ]
            ]
        ],
        [
            0.014258479118347168,
            0.08198461151123047,
            1.067834228515625,
            null,
            null,
            null,
            [
                [
                    0.9978046417236328,
                    -0.03369808569550514,
                    0.05701122060418129
                ],
                [
                    0.03835080936551094,
                    0.9958454370498657,
                    -0.08258960396051407
                ],
                [
                    -0.053991254419088364,
                    0.0845947191119194,
                    0.994951605796814
                ]
            ]
        ],
        [
            0.010541894912719726,
            0.08282613372802734,
            1.070425048828125,
            null,
            null,
            null,
            [
                [
                    0.997215747833252,
                    -0.039325498044490814,
                    0.06335819512605667
                ],
                [
                    0.04560317471623421,
                    0.9938514232635498,
                    -0.10089464485645294
                ],
                [
                    -0.059000901877880096,
                    0.10350306332111359,
                    0.9928776621818542
                ]
            ]
        ],
        [
            0.008090298652648925,
            0.08849567413330078,
            1.0712294921875,
            null,
            null,
            null,
            [
                [
                    0.997835636138916,
                    -0.04878130927681923,
                    0.04409604147076607
                ],
                [
                    0.0526912622153759,
                    0.9943311214447021,
                    -0.0923539474606514
                ],
                [
                    -0.03934092074632645,
                    0.09447753429412842,
                    0.9947493672370911
                ]
            ]
        ],
        [
            0.00921723747253418,
            0.09064983367919922,
            1.07376611328125,
            null,
            null,
            null,
            [
                [
                    0.9992772936820984,
                    -0.010998575948178768,
                    0.036385033279657364
                ],
                [
                    0.015586264431476593,
                    0.9916111826896667,
                    -0.12831346690654755
                ],
                [
                    -0.034668538719415665,
                    0.1287878453731537,
                    0.9910659790039062
                ]
            ]
        ],
        [
            0.009187820434570313,
            0.09156829071044922,
            1.0746673583984374,
            null,
            null,
            null,
            [
                [
                    0.998145341873169,
                    -0.05785145238041878,
                    0.01894848607480526
                ],
                [
                    0.059623487293720245,
                    0.9918559193611145,
                    -0.11254741996526718
                ],
                [
                    -0.012283136136829853,
                    0.1134684607386589,
                    0.9934656620025635
                ]
            ]
        ],
        [
            0.0027339208126068116,
            0.08579955291748047,
            1.07380810546875,
            null,
            null,
            null,
            [
                [
                    0.9983534812927246,
                    -0.05705517902970314,
                    -0.005920364521443844
                ],
                [
                    0.05560988932847977,
                    0.9880093336105347,
                    -0.14403171837329865
                ],
                [
                    0.014067131094634533,
                    0.1434653401374817,
                    0.9895553588867188
                ]
            ]
        ],
        [
            -0.0011816118955612182,
            0.07930117797851563,
            1.07296484375,
            null,
            null,
            null,
            [
                [
                    0.9999217987060547,
                    0.011431857012212276,
                    0.005068127531558275
                ],
                [
                    -0.010687113739550114,
                    0.9916738867759705,
                    -0.12833058834075928
                ],
                [
                    -0.006492986343801022,
                    0.128266379237175,
                    0.9917184710502625
                ]
            ]
        ],
        [
            -0.0022778804302215575,
            0.06940264129638672,
            1.070814453125,
            null,
            null,
            null,
            [
                [
                    0.9991573691368103,
                    -0.004619654268026352,
                    0.04078175500035286
                ],
                [
                    0.00900482852011919,
                    0.9941090941429138,
                    -0.10800909996032715
                ],
                [
                    -0.04004254937171936,
                    0.1082853227853775,
                    0.9933130741119385
                ]
            ]
        ],
        [
            -0.0019649536609649657,
            0.05969425582885742,
            1.06885302734375,
            null,
            null,
            null,
            [
                [
                    0.997773289680481,
                    -0.04611712321639061,
                    0.04818322882056236
                ],
                [
                    0.04919670522212982,
                    0.9966838955879211,
                    -0.06481438130140305
                ],
                [
                    -0.045034393668174744,
                    0.06704051792621613,
                    0.9967334270477295
                ]
            ]
        ],
        [
            2.4977779015898706e-05,
            0.05474990844726563,
            1.068986328125,
            null,
            null,
            null,
            [
                [
                    0.9976826906204224,
                    0.018071018159389496,
                    0.06559484452009201
                ],
                [
                    -0.014865268021821976,
                    0.9986864328384399,
                    -0.04903525859117508
                ],
                [
                    -0.06639479845762253,
                    0.047946542501449585,
                    0.9966408014297485
                ]
            ]
        ],
        [
            0.005721768379211426,
            0.04721186065673828,
            1.0657734375,
            null,
            null,
            null,
            [
                [
                    0.9984604716300964,
                    -0.0005454554921016097,
                    0.05546516552567482
                ],
                [
                    0.0037846057675778866,
                    0.9982912540435791,
                    -0.058311477303504944
                ],
                [
                    -0.05533858388662338,
                    0.05843162164092064,
                    0.9967564344406128
                ]
            ]
        ],
        [
            0.01314759063720703,
            0.040240245819091795,
            1.064992919921875,
            null,
            null,
            null,
            [
                [
                    0.9962984919548035,
                    -0.054254885762929916,
                    0.06667660176753998
                ],
                [
                    0.05852486938238144,
                    0.9962419867515564,
                    -0.06384909898042679
                ],
                [
                    -0.06296190619468689,
                    0.06751500070095062,
                    0.9957296252250671
                ]
            ]
        ],
        [
            0.018216732025146485,
            0.03164140510559082,
            1.0628321533203124,
            null,
            null,
            null,
            [
                [
                    0.9987577199935913,
                    -0.017636293545365334,
                    0.04660491272807121
                ],
                [
                    0.022558795288205147,
                    0.9939704537391663,
                    -0.10730230808258057
                ],
                [
                    -0.04443149268627167,
                    0.10822036117315292,
                    0.993133544921875
                ]
            ]
        ],
        [
            0.02067107582092285,
            0.02084651184082031,
            1.0584075927734375,
            null,
            null,
            null,
            [
                [
                    0.9999424815177917,
                    0.00911194458603859,
                    0.005658653099089861
                ],
                [
                    -0.008214849978685379,
                    0.9898038506507874,
                    -0.14219996333122253
                ],
                [
                    -0.006896674633026123,
                    0.1421452909708023,
                    0.9898217916488647
                ]
            ]
        ],
        [
            0.020805458068847656,
            0.00728273344039917,
            1.05590576171875,
            null,
            null,
            null,
            [
                [
                    0.9970442652702332,
                    -0.07682939618825912,
                    -0.00017883506370708346
                ],
                [
                    0.07638238370418549,
                    0.9914886355400085,
                    -0.10543272644281387
                ],
                [
                    0.008277645334601402,
                    0.10510742664337158,
                    0.994426429271698
                ]
            ]
        ],
        [
            0.014679841995239258,
            -0.009434540748596192,
            1.0524100341796876,
            null,
            null,
            null,
            [
                [
                    0.9989855289459229,
                    -0.040923021733760834,
                    -0.018793564289808273
                ],
                [
                    0.03886888176202774,
                    0.9943241477012634,
                    -0.09903907030820847
                ],
                [
                    0.022739872336387634,
                    0.09820811450481415,
                    0.9949060678482056
                ]
            ]
        ],
        [
            0.005884606838226319,
            -0.028771369934082032,
            1.0497515869140626,
            null,
            null,
            null,
            [
                [
                    0.9999876022338867,
                    -0.00232578138820827,
                    -0.004399728495627642
                ],
                [
                    0.001864332938566804,
                    0.9947701692581177,
                    -0.10212178528308868
                ],
                [
                    0.004614231176674366,
                    0.10211231559515,
                    0.9947621822357178
                ]
            ]
        ],
        [
            0.0004046140015125275,
            -0.04112526321411133,
            1.05052294921875,
            null,
            null,
            null,
            [
                [
                    0.9985995292663574,
                    -0.037223685532808304,
                    0.037594933062791824
                ],
                [
                    0.04001152515411377,
                    0.9962779879570007,
                    -0.07634935528039932
                ],
                [
                    -0.034612998366355896,
                    0.07774665951728821,
                    0.9963721036911011
                ]
            ]
        ],
        [
            -0.005080961704254151,
            -0.06257067489624023,
            1.051152099609375,
            null,
            null,
            null,
            [
                [
                    0.9960435628890991,
                    -0.043392110615968704,
                    0.07755205035209656
                ],
                [
                    0.05018191039562225,
                    0.994867742061615,
                    -0.0878630205988884
                ],
                [
                    -0.0733414739370346,
                    0.09140710532665253,
                    0.9931091666221619
                ]
            ]
        ],
        [
            0.0027439537048339845,
            -0.08100302124023437,
            1.07229736328125,
            null,
            null,
            null,
            [
                [
                    0.9216270446777344,
                    -0.3566310405731201,
                    0.15302887558937073
                ],
                [
                    0.37204864621162415,
                    0.9241237640380859,
                    -0.0870351493358612
                ],
                [
                    -0.11037817597389221,
                    0.13714814186096191,
                    0.9843815565109253
                ]
            ]
        ],
        [
            0.024003164291381836,
            -0.09348161315917969,
            1.137890625,
            null,
            null,
            null,
            [
                [
                    0.777953028678894,
                    -0.5969257950782776,
                    0.19613419473171234
                ],
                [
                    0.6037169694900513,
                    0.7966368198394775,
                    0.02992645837366581
                ],
                [
                    -0.17411158978939056,
                    0.09512816369533539,
                    0.9801203012466431
                ]
            ]
        ],
        [
            0.053976696014404295,
            -0.09449927520751954,
            1.2297861328125,
            null,
            null,
            null,
            [
                [
                    0.7210862636566162,
                    -0.6723971366882324,
                    0.16708290576934814
                ],
                [
                    0.6769102811813354,
                    0.7351325154304504,
                    0.03704925253987312
                ],
                [
                    -0.14773988723754883,
                    0.08638442307710648,
                    0.985246479511261
                ]
            ]
        ],
        [
            0.08118150329589843,
            -0.0895428466796875,
            1.318298095703125,
            null,
            null,
            null,
            [
                [
                    0.7085533738136292,
                    -0.6850388050079346,
                    0.16933400928974152
                ],
                [
                    0.6958975195884705,
                    0.7181090712547302,
                    -0.006779290270060301
                ],
                [
                    -0.1169562116265297,
                    0.12264260649681091,
                    0.9855353832244873
                ]
            ]
        ],
        [
            0.10420756530761718,
            -0.0774002914428711,
            1.3917542724609375,
            null,
            null,
            null,
            [
                [
                    0.7312994003295898,
                    -0.6803916692733765,
                    0.047627758234739304
                ],
                [
                    0.6782644987106323,
                    0.7328115105628967,
                    0.05426328256726265
                ],
                [
                    -0.07182245701551437,
                    -0.007378486916422844,
                    0.9973901510238647
                ]
            ]
        ],
        [
            0.11916220092773437,
            -0.0593251838684082,
            1.4348692626953126,
            null,
            null,
            null,
            [
                [
                    0.7560403943061829,
                    -0.6541233062744141,
                    0.02292642742395401
                ],
                [
                    0.6517593264579773,
                    0.7556005120277405,
                    0.06540370732545853
                ],
                [
                    -0.060105305165052414,
                    -0.03450533002614975,
                    0.997595489025116
                ]
            ]
        ],
        [
            0.12971510314941406,
            -0.04160707473754883,
            1.4549012451171874,
            null,
            null,
            null,
            [
                [
                    0.7720662355422974,
                    -0.6353828310966492,
                    0.014225390739738941
                ],
                [
                    0.635438859462738,
                    0.7721508145332336,
                    0.0007376899593509734
                ],
                [
                    -0.011452862061560154,
                    0.008469820953905582,
                    0.9998985528945923
                ]
            ]
        ],
        [
