{
    "radius": 0.28,
    "angular_speed": 10,
    "save_freq": 0.1,
    "pid_gains": {
        "pid_rate": {
            "roll_kp": "50.0",
            "roll_ki": "0.0",
            "roll_kd": "0.0",
            "pitch_kp": "50.0",
            "pitch_ki": "0.0",
            "pitch_kd": "0.0",
            "yaw_kp": "80.0",
            "yaw_ki": "0.0",
            "yaw_kd": "0.0"
        },
        "pid_attitude": {
            "roll_kp": "10.0",
            "roll_ki": "0.5",
            "roll_kd": "0.5",
            "pitch_kp": "13.0",
            "pitch_ki": "0.5",
            "pitch_kd": "1.5",
            "yaw_kp": "8.0",
            "yaw_ki": "0.5",
            "yaw_kd": "0.5"
        },
        "velCtlPid": {
            "vxKp": "15.0",
            "vxKi": "1.0",
            "vxKd": "0.0",
            "vyKp": "10.0",
            "vyKi": "1.0",
            "vyKd": "0.0",
            "vzKp": "12.5",
            "vzKi": "0.5",
            "vzKd": "0.0"
        },
        "posCtlPid": {
            "xKp": "1.5",
            "xKi": "0.20000000298023224",
            "xKd": "0.20000000298023224",
            "yKp": "1.5",
            "yKi": "0.20000000298023224",
            "yKd": "0.20000000298023224",
            "zKp": "5.0",
            "zKi": "0.5",
            "zKd": "0.0"
        }
    },
    "pose": [
        [
            0.027749814987182618,
            0.09045713043212891,
            0.2611502075195313,
            null,
            null,
            null,
            [
                [
                    0.9965589642524719,
                    -0.042962696403265,
                    0.07088358700275421
                ],
                [
                    0.04180895537137985,
                    0.9989691376686096,
                    0.017681358382105827
                ],
                [
                    -0.07157015800476074,
                    -0.014656946994364262,
                    0.9973278641700745
                ]
            ]
        ],
        [
            0.027743268966674804,
            0.09077349853515625,
            0.2611562805175781,
            null,
            null,
            null,
            [
                [
                    0.9963721632957458,
                    -0.04547007009387016,
                    0.0719374343752861
                ],
                [
                    0.044311024248600006,
                    0.9988622665405273,
                    0.017627300694584846
                ],
                [
                    -0.07265710830688477,
                    -0.01437573041766882,
                    0.9972533583641052
                ]
            ]
        ],
        [
            0.02881939125061035,
            0.09867118835449219,
            0.2874964294433594,
            null,
            null,
            null,
            [
                [
                    0.9917386770248413,
                    -0.04079273343086243,
                    0.12161576002836227
                ],
                [
                    0.033737171441316605,
                    0.9976567625999451,
                    0.05952100455760956
                ],
                [
                    -0.12375880777835846,
                    -0.0549263097345829,
                    0.9907910227775574
                ]
            ]
        ],
        [
            0.026213510513305664,
            0.09436458587646485,
            0.37382614135742187,
            null,
            null,
            null,
            [
                [
                    0.9992208480834961,
                    -0.035781580954790115,
                    0.01665506698191166
                ],
                [
                    0.0382595993578434,
                    0.9817771911621094,
                    -0.18614444136619568
                ],
                [
                    -0.009691021405160427,
                    0.18663662672042847,
                    0.9823812246322632
                ]
            ]
        ],
        [
            0.020112417221069337,
            0.0871753158569336,
            0.48043887329101564,
            null,
            null,
            null,
            [
                [
                    0.9987288117408752,
                    -0.047798868268728256,
                    0.015999531373381615
                ],
                [
                    0.04800136014819145,
                    0.9987688064575195,
                    -0.01252081710845232
                ],
                [
                    -0.015381352044641972,
                    0.013272900134325027,
                    0.9997935891151428
                ]
            ]
        ],
        [
            0.008424444198608399,
            0.07031503295898438,
            0.5967232666015625,
            null,
            null,
            null,
            [
                [
                    0.998141884803772,
                    -0.058647748082876205,
                    0.01653040200471878
                ],
                [
                    0.060167551040649414,
                    0.991504967212677,
                    -0.11531588435173035
                ],
                [
                    -0.009626958519220352,
                    0.11609620600938797,
                    0.9931913018226624
                ]
            ]
        ],
        [
            -0.0038770816326141357,
            0.03857060623168945,
            0.708998046875,
            null,
            null,
            null,
            [
                [
                    0.9966300129890442,
                    -0.06165289506316185,
                    0.05410665646195412
                ],
                [
                    0.06876982748508453,
                    0.9875565767288208,
                    -0.14143089950084686
                ],
                [
                    -0.044713761657476425,
                    0.14467518031597137,
                    0.9884684085845947
                ]
            ]
        ],
        [
            -0.013487735748291015,
            0.011918670654296875,
            0.8278842163085938,
            null,
            null,
            null,
            [
                [
                    0.9941284656524658,
                    -0.04533765837550163,
                    0.09824993461370468
                ],
                [
                    0.052773233503103256,
                    0.9958272576332092,
                    -0.07445196807384491
                ],
                [
                    -0.09446448087692261,
                    0.07919979095458984,
                    0.9923728704452515
                ]
            ]
        ],
        [
            -0.014998456001281739,
            -0.01083080768585205,
            0.949511962890625,
            null,
            null,
            null,
            [
                [
                    0.992035984992981,
                    -0.022283485159277916,
                    0.12396810203790665
                ],
                [
                    0.02101478911936283,
                    0.9997126460075378,
                    0.011532451957464218
                ],
                [
                    -0.12418945878744125,
                    -0.008835444226861,
                    0.9922192096710205
                ]
            ]
        ],
        [
            -0.009267696380615234,
            -0.017409717559814453,
            1.0510732421875,
            null,
            null,
            null,
            [
                [
                    0.9710299372673035,
                    -0.03965968266129494,
                    0.23564377427101135
                ],
                [
                    0.017019866034388542,
                    0.9951051473617554,
                    0.09734504669904709
                ],
                [
                    -0.2383510172367096,
                    -0.09051433205604553,
                    0.9669519066810608
                ]
            ]
        ],
        [
            -0.003041433334350586,
            -0.01378874111175537,
            1.124031005859375,
            null,
            null,
            null,
            [
                [
                    0.996120810508728,
                    -0.010340235196053982,
                    0.08738671988248825
                ],
                [
                    0.005151315592229366,
                    0.9982211589813232,
                    0.05939699336886406
                ],
                [
                    -0.08784545212984085,
                    -0.05871642008423805,
                    0.9944021105766296
                ]
            ]
        ],
        [
            0.0031550657749176026,
            -0.004798222064971924,
            1.16297705078125,
            null,
            null,
            null,
            [
                [
                    0.9967929124832153,
                    -0.0035218338016420603,
                    0.07994712144136429
                ],
                [
                    -0.005025020334869623,
                    0.9943049550056458,
                    0.10645388811826706
                ],
                [
                    -0.07986672967672348,
                    -0.10651421546936035,
                    0.9910984039306641
                ]
            ]
        ],
        [
            0.00666309118270874,
            0.006500741958618164,
            1.1720968017578124,
            null,
            null,
            null,
            [
                [
                    0.9977982640266418,
                    0.025438524782657623,
                    0.06124954670667648
                ],
                [
                    -0.02496333047747612,
                    0.9996521472930908,
                    -0.008511205203831196
                ],
                [
                    -0.06144475191831589,
                    0.006963473279029131,
                    0.9980862140655518
                ]
            ]
        ],
        [
            0.008352849960327148,
            0.016281896591186524,
            1.1590733642578126,
            null,
            null,
            null,
            [
                [
                    0.9978516697883606,
                    0.04621969535946846,
                    0.04643024876713753
                ],
                [
                    -0.043845467269420624,
                    0.9977400898933411,
                    -0.05091450735926628
                ],
                [
                    -0.048678573220968246,
                    0.04876936972141266,
                    0.9976231455802917
                ]
            ]
        ],
        [
            0.0110963773727417,
            0.026691940307617186,
            1.1377938232421876,
            null,
            null,
            null,
            [
                [
                    0.9982813596725464,
                    0.022479701787233353,
                    0.05412033200263977
                ],
                [
                    -0.018013540655374527,
                    0.9964990019798279,
                    -0.08164066821336746
                ],
                [
                    -0.055766116827726364,
                    0.08052545040845871,
                    0.9951913356781006
                ]
            ]
        ],
        [
            0.012500164031982421,
            0.03635459518432617,
            1.1120211181640625,
            null,
            null,
            null,
            [
                [
                    0.997133731842041,
                    0.054814018309116364,
                    0.052151165902614594
                ],
                [
                    -0.04944281652569771,
                    0.9938353300094604,
                    -0.09923095256090164
                ],
                [
                    -0.05726891756057739,
                    0.09636802971363068,
                    0.9936968684196472
                ]
            ]
        ],
        [
            0.016390148162841796,
            0.035877437591552735,
            1.0939417724609375,
            null,
            null,
            null,
            [
                [
                    0.9967398047447205,
                    0.0660100057721138,
                    0.046394336968660355
                ],
                [
                    -0.06132370978593826,
                    0.9934856295585632,
                    -0.0960506722331047
                ],
                [
                    -0.05243241414427757,
                    0.09289246052503586,
                    0.9942946434020996
                ]
            ]
        ],
        [
            0.02158236312866211,
            0.037042533874511716,
            1.081810302734375,
            null,
            null,
            null,
            [
                [
                    0.997378945350647,
                    0.04964946582913399,
                    0.05263271927833557
                ],
                [
                    -0.04577383026480675,
                    0.9963214993476868,
                    -0.07244496047496796
                ],
                [
                    -0.05603596195578575,
                    0.06984587758779526,
                    0.9959827065467834
                ]
            ]
        ],
        [
            0.02090220260620117,
            0.0313935661315918,
            1.0772469482421876,
            null,
            null,
            null,
            [
                [
                    0.9992403984069824,
                    0.035606417804956436,
                    0.015835419297218323
                ],
                [
                    -0.03406979888677597,
                    0.995490550994873,
                    -0.08853151649236679
                ],
                [
                    -0.018916301429271698,
                    0.08792475610971451,
                    0.9959474802017212
                ]
            ]
        ],
        [
            0.01965048408508301,
            0.026709218978881837,
            1.07886669921875,
            null,
            null,
            null,
            [
                [
                    0.99872225522995,
                    0.049424126744270325,
                    0.01054335292428732
                ],
                [
                    -0.04910558834671974,
                    0.9983843564987183,
                    -0.028589589521288872
                ],
                [
                    -0.011939333751797676,
                    0.028035322204232216,
                    0.9995356202125549
                ]
            ]
        ],
        [
            0.01590602397918701,
            0.022289798736572265,
            1.0832823486328125,
            null,
            null,
            null,
            [
                [
                    0.9985542297363281,
                    0.05364095792174339,
                    0.0034867245703935623
                ],
                [
                    -0.05348871275782585,
                    0.9979689717292786,
                    -0.03459678217768669
                ],
                [
                    -0.0053354473784565926,
                    0.034360263496637344,
                    0.9993952512741089
                ]
            ]
        ],
        [
            0.007581216812133789,
            0.014219069480895996,
            1.08979638671875,
            null,
            null,
            null,
            [
                [
                    0.9988283514976501,
                    0.04796294495463371,
                    0.0064444392919540405
                ],
                [
                    -0.047548726201057434,
                    0.997422456741333,
                    -0.05373648554086685
                ],
                [
                    -0.009005188941955566,
                    0.05336710065603256,
                    0.9985343813896179
                ]
            ]
        ],
        [
            -0.0011923681497573852,
            0.014868292808532715,
            1.09428173828125,
            null,
            null,
            null,
            [
                [
                    0.9981111288070679,
                    0.05664945766329765,
                    0.02376885898411274
                ],
                [
                    -0.05593298003077507,
                    0.9979897737503052,
                    -0.029797324910759926
                ],
                [
                    -0.02540908008813858,
                    0.028411580249667168,
                    0.9992733001708984
                ]
            ]
        ],
        [
            -0.0075544905662536625,
            0.015161808967590331,
            1.096307373046875,
            null,
            null,
            null,
            [
                [
                    0.9977880120277405,
                    0.05001774802803993,
                    0.04378741979598999
                ],
                [
                    -0.047801993787288666,
                    0.9975912570953369,
                    -0.050265830010175705
                ],
                [
                    -0.04619612917304039,
                    0.048061516135931015,
                    0.9977755546569824
                ]
            ]
        ],
        [
            -0.01435845947265625,
            0.012402948379516601,
            1.0969942626953124,
            null,
            null,
            null,
            [
                [
                    0.9957690834999084,
                    0.07730666548013687,
                    0.049674902111291885
                ],
                [
                    -0.07396742701530457,
                    0.9950829148292542,
                    -0.06586962193250656
                ],
                [
                    -0.0545228086411953,
                    0.06191660836338997,
                    0.9965909719467163
                ]
            ]
        ],
        [
            -0.019756126403808593,
            0.016430856704711914,
            1.094172607421875,
            null,
            null,
            null,
            [
                [
                    0.9946828484535217,
                    0.06549626588821411,
                    0.07947473973035812
                ],
                [
                    -0.0624203197658062,
                    0.9972241520881653,
                    -0.040591947734355927
                ],
                [
                    -0.08191274851560593,
                    0.035415276885032654,
                    0.9960100650787354
                ]
            ]
        ],
        [
            -0.020371932983398438,
            0.017643474578857423,
            1.09171484375,
            null,
            null,
            null,
            [
                [
                    0.9950052499771118,
                    0.04325878620147705,
                    0.08996237069368362
                ],
                [
                    -0.03640466183423996,
                    0.9964061379432678,
                    -0.07648186385631561
                ],
                [
                    -0.0929475724697113,
                    0.07282480597496033,
                    0.9930042028427124
                ]
            ]
        ],
        [
            -0.02032280731201172,
            0.015586474418640136,
            1.0879569091796875,
            null,
            null,
            null,
            [
                [
                    0.9948081970214844,
                    0.04984699934720993,
                    0.08872395008802414
                ],
                [
                    -0.042887162417173386,
                    0.9959759712219238,
                    -0.07869254052639008
                ],
                [
                    -0.0922895073890686,
                    0.0744788646697998,
                    0.9929428696632385
                ]
            ]
        ],
        [
            -0.021739091873168945,
            0.020003189086914064,
            1.0824190673828125,
            null,
            null,
            null,
            [
                [
                    0.9959142804145813,
                    0.04834996908903122,
                    0.07626973092556
                ],
                [
                    -0.04407818615436554,
                    0.9974159598350525,
                    -0.056732021272182465
                ],
                [
                    -0.07881563901901245,
                    0.05313839763402939,
                    0.9954719543457031
                ]
            ]
        ],
        [
            -0.019183774948120118,
            0.01970841407775879,
            1.0805152587890625,
            null,
            null,
            null,
            [
                [
                    0.9953488111495972,
                    0.060775645077228546,
                    0.07474679499864578
                ],
                [
                    -0.05503063276410103,
                    0.9955378174781799,
                    -0.07665584981441498
                ],
                [
                    -0.07907207310199738,
                    0.0721859484910965,
                    0.9942519068717957
                ]
            ]
        ],
        [
            -0.015661316871643065,
            0.019976045608520506,
            1.0796251220703126,
            null,
            null,
            null,
            [
                [
                    0.9962650537490845,
                    0.03654104471206665,
                    0.07823462039232254
                ],
                [
                    -0.03386841341853142,
                    0.9988055229187012,
                    -0.03522074222564697
                ],
                [
                    -0.07942816615104675,
                    0.03243951499462128,
                    0.9963126182556152
                ]
            ]
        ],
        [
            -0.017033905029296876,
            0.017993886947631835,
            1.078729248046875,
            null,
            null,
            null,
            [
                [
                    0.995582640171051,
                    0.06887415796518326,
                    0.06380873173475266
                ],
                [
                    -0.0640115812420845,
                    0.9951005578041077,
                    -0.07534855604171753
                ],
                [
                    -0.06868567317724228,
                    0.07093121856451035,
                    0.9951136112213135
                ]
            ]
        ],
        [
            -0.015497868537902831,
            0.011386093139648437,
            1.078544677734375,
            null,
            null,
            null,
            [
                [
                    0.9954595565795898,
                    0.07614889740943909,
                    0.057110805064439774
                ],
                [
                    -0.07045181840658188,
                    0.9928961396217346,
                    -0.09588403254747391
                ],
                [
                    -0.06400656700134277,
                    0.09142511337995529,
                    0.9937527775764465
                ]
            ]
        ],
        [
            -0.013838547706604004,
            0.01077428436279297,
            1.07454296875,
            null,
            null,
            null,
            [
                [
                    0.997626006603241,
                    0.05070626735687256,
                    0.04659644141793251
                ],
                [
                    -0.048996321856975555,
                    0.9981083869934082,
                    -0.03713472560048103
                ],
                [
                    -0.04839126393198967,
                    0.03476351499557495,
                    0.9982233047485352
                ]
            ]
        ],
        [
            -0.016892173767089843,
            0.00846911334991455,
            1.0703861083984374,
            null,
            null,
            null,
            [
                [
                    0.9985140562057495,
                    0.044753797352313995,
                    0.031092088669538498
                ],
                [
                    -0.04265433922410011,
                    0.9969609379768372,
                    -0.06518790125846863
                ],
                [
                    -0.03391500189900398,
                    0.06376482546329498,
                    0.997388482093811
                ]
            ]
        ],
        [
            -0.02041048812866211,
            0.0039924302101135255,
            1.06486083984375,
            null,
            null,
            null,
            [
                [
                    0.9965434074401855,
                    0.07920832186937332,
                    0.025044672191143036
                ],
                [
                    -0.07797887921333313,
                    0.9958581328392029,
                    -0.04675295948982239
                ],
                [
                    -0.02864416316151619,
                    0.04463839903473854,
                    0.9985924959182739
                ]
            ]
        ],
        [
            -0.023123083114624025,
            0.002700154781341553,
            1.060202880859375,
            null,
            null,
            null,
            [
                [
                    0.9988223910331726,
                    0.01992853358387947,
                    0.0442340113222599
                ],
                [
                    -0.018407469615340233,
                    0.9992340803146362,
                    -0.03453172743320465
                ],
                [
                    -0.04488829895853996,
                    0.03367682918906212,
                    0.998424232006073
                ]
            ]
        ],
        [
            -0.028519523620605468,
            -0.0037040042877197264,
            1.0593665771484375,
            null,
            null,
            null,
            [
                [
                    0.99751216173172,
                    0.027532121166586876,
                    0.06489565968513489
                ],
                [
                    -0.023281926289200783,
                    0.9975899457931519,
                    -0.06536280363798141
                ],
                [
                    -0.06653883308172226,
                    0.06368929892778397,
                    0.9957491159439087
                ]
            ]
        ],
        [
            -0.034207595825195315,
            -0.006602264404296875,
            1.05933251953125,
            null,
            null,
            null,
            [
                [
                    0.9963982105255127,
                    0.042389679700136185,
                    0.07344167679548264
                ],
                [
                    -0.03878354653716087,
                    0.9980033040046692,
                    -0.04985160380601883
                ],
                [
                    -0.07540822774171829,
                    0.04682371765375137,
                    0.9960528016090393
                ]
            ]
        ],
        [
            -0.035748207092285156,
            -0.010756839752197265,
            1.0601126708984374,
            null,
            null,
            null,
            [
                [
                    0.9966028332710266,
                    0.01824493519961834,
                    0.0803115963935852
                ],
                [
                    -0.012740754522383213,
                    0.9975682497024536,
                    -0.06852182000875473
                ],
                [
                    -0.08136647939682007,
                    0.06726580858230591,
                    0.9944117665290833
                ]
            ]
        ],
        [
            -0.03658290863037109,
            -0.01765709686279297,
            1.0591719970703124,
            null,
            null,
            null,
            [
                [
                    0.9950308203697205,
                    0.004513667430728674,
                    0.09946510940790176
                ],
                [
                    0.0001472796720918268,
                    0.9989041090011597,
                    -0.04680303484201431
                ],
                [
                    -0.09956736117601395,
                    0.04658510908484459,
                    0.9939396977424622
                ]
            ]
        ],
        [
            -0.03602553939819336,
            -0.01921385192871094,
            1.0567109375,
            null,
            null,
            null,
            [
                [
                    0.9955883622169495,
                    0.02161073312163353,
                    0.0913057029247284
                ],
                [
                    -0.01696944423019886,
                    0.9985387921333313,
                    -0.051306482404470444
                ],
                [
                    -0.0922810509800911,
                    0.04953072965145111,
                    0.9945003390312195
                ]
            ]
        ],
        [
            -0.030709184646606446,
            -0.028658287048339844,
            1.0542613525390625,
            null,
            null,
            null,
            [
                [
                    0.9941462278366089,
                    0.06752420961856842,
                    0.08434315025806427
                ],
                [
                    -0.060097623616456985,
                    0.9943336248397827,
                    -0.08768659085035324
                ],
                [
                    -0.08978619426488876,
                    0.08210446685552597,
                    0.9925710558891296
                ]
            ]
        ],
        [
            -0.02155160331726074,
            -0.033158679962158204,
            1.050541259765625,
            null,
            null,
            null,
            [
                [
                    0.9953867197036743,
                    0.05489758029580116,
                    0.07868602871894836
                ],
                [
                    -0.04884253069758415,
                    0.9958406686782837,
                    -0.07691371440887451
                ],
                [
                    -0.08258112519979477,
                    0.07271566987037659,
                    0.9939279556274414
                ]
            ]
        ],
        [
            -0.017968408584594725,
            -0.04400979232788086,
            1.051707763671875,
            null,
            null,
            null,
            [
                [
                    0.9972494840621948,
                    0.04992671683430672,
                    0.05477936938405037
                ],
                [
                    -0.043403688818216324,
                    0.9924851655960083,
                    -0.11440837383270264
                ],
                [
                    -0.06007974594831467,
                    0.11171606928110123,
                    0.9919223189353943
                ]
            ]
        ],
        [
            -0.015769033432006835,
            -0.05915846252441406,
            1.05489208984375,
            null,
            null,
            null,
            [
                [
                    0.9975217580795288,
                    0.06309419870376587,
                    0.03113541379570961
                ],
                [
                    -0.05836180970072746,
                    0.9891678094863892,
                    -0.13468816876411438
                ],
                [
                    -0.039296191185712814,
                    0.13253726065158844,
                    0.9903987646102905
                ]
            ]
        ],
        [
            -0.01193405532836914,
            -0.08011358642578124,
            1.0588648681640624,
            null,
            null,
            null,
            [
                [
                    0.9967014193534851,
                    0.05094333365559578,
                    0.06317473948001862
                ],
                [
                    -0.04312969371676445,
                    0.9919078350067139,
                    -0.11940951645374298
                ],
                [
                    -0.06874663382768631,
                    0.11629092693328857,
                    0.9908331632614136
                ]
            ]
        ],
        [
            -0.009750301361083985,
            -0.09547307586669922,
            1.0614808349609375,
            null,
            null,
            null,
            [
                [
                    0.9946469664573669,
                    0.04119713976979256,
                    0.09476390480995178
                ],
                [
                    -0.03325718268752098,
                    0.9959197640419006,
                    -0.08389154076576233
                ],
                [
                    -0.09783333539962769,
                    0.08029089123010635,
                    0.9919586777687073
                ]
            ]
        ],
        [
            -0.003037766218185425,
            -0.12329802703857422,
            1.0653658447265626,
            null,
            null,
            null,
            [
                [
                    0.9923142194747925,
                    0.04752343147993088,
                    0.11425440013408661
                ],
                [
                    -0.03986256197094917,
                    0.9968594908714294,
                    -0.0684262067079544
                ],
                [
                    -0.11714743077754974,
                    0.06334581971168518,
                    0.9910922050476074
                ]
            ]
        ],
        [
            0.006550858020782471,
            -0.1397418212890625,
            1.0670284423828125,
            null,
            null,
            null,
            [
                [
                    0.992102861404419,
                    0.06376027315855026,
                    0.10801198333501816
                ],
                [
                    -0.06458012759685516,
                    0.9979040622711182,
                    0.0041059586219489574
                ],
                [
                    -0.10752379894256592,
                    -0.011048960499465466,
                    0.9941411018371582
                ]
            ]
        ],
        [
            0.020187559127807616,
            -0.1531083984375,
            1.05272119140625,
            null,
            null,
            null,
            [
                [
                    0.9820876121520996,
                    -0.0963803306221962,
                    0.16190983355045319
                ],
                [
                    0.08416241407394409,
                    0.9931778907775879,
                    0.08071131259202957
                ],
                [
                    -0.16858425736427307,
                    -0.06563885509967804,
                    0.98349928855896
                ]
            ]
        ],
        [
            0.04029751586914063,
            -0.15453970336914064,
            0.9909840087890625,
            null,
            null,
            null,
            [
                [
                    0.9575759172439575,
                    -0.2299828827381134,
                    0.1736554056406021
                ],
                [
                    0.19739151000976562,
                    0.9624776244163513,
                    0.18620793521404266
                ],
                [
                    -0.2099640816450119,
                    -0.1440301388502121,
                    0.967042088508606
                ]
            ]
        ],
        [
            0.06406705474853516,
            -0.15586552429199219,
            0.9101493530273438,
            null,
            null,
            null,
            [
                [
                    0.8737900257110596,
                    -0.4353657364845276,
                    0.21667417883872986
                ],
                [
                    0.39646002650260925,
                    0.8957661390304565,
                    0.20105336606502533
                ],
                [
                    -0.28162112832069397,
                    -0.08977576345205307,
                    0.9553166031837463
                ]
            ]
        ],
        [
            0.09027107238769531,
            -0.14432745361328125,
            0.82605810546875,
            null,
            null,
            null,
            [
                [
                    0.7605041265487671,
                    -0.6223179697990417,
                    0.1853477656841278
                ],
                [
                    0.5927780270576477,
                    0.781893253326416,
                    0.19302119314670563
                ],
                [
                    -0.2650427222251892,
                    -0.036923326551914215,
                    0.9635294675827026
                ]
            ]
        ],
        [
            0.11832987976074219,
            -0.12071029663085937,
            0.7373622436523437,
            null,
            null,
            null,
            [
                [
                    0.5420849919319153,
                    -0.8352903723716736,
                    0.09183578938245773
                ],
                [
                    0.8038740158081055,
                    0.5473033785820007,
                    0.2329067438840866
                ],
                [
                    -0.24480681121349335,
                    -0.05243084579706192,
                    0.968153178691864
                ]
            ]
        ],
        [
            0.13350186157226562,
            -0.09468462371826172,
            0.6589878540039062,
            null,
            null,
            null,
            [
                [
                    0.21245087683200836,
                    -0.9754533171653748,
                    -0.057926204055547714
                ],
                [
                    0.9697090983390808,
                    0.20314542949199677,
                    0.1356324553489685
                ],
                [
                    -0.12053567916154861,
                    -0.08498680591583252,
                    0.9890643954277039
                ]
            ]
        ],
        [
            0.139862548828125,
            -0.06515476989746094,
            0.589076904296875,
            null,
            null,
            null,
            [
                [
                    -0.11998550593852997,
                    -0.9891172647476196,
                    -0.08514987677335739
                ],
                [
                    0.9613354802131653,
                    -0.13717159628868103,
                    0.23878449201583862
                ],
                [
                    -0.24786600470542908,
                    -0.0532069206237793,
                    0.967332124710083
                ]
