{
    "radius": 0.5,
    "angular_speed": 10,
    "save_freq": 0.1,
    "pid_gains": {
        "pid_rate": {
            "roll_kp": "50.0",
            "roll_ki": "0.0",
            "roll_kd": "0.0",
            "pitch_kp": "50.0",
            "pitch_ki": "0.0",
            "pitch_kd": "0.0",
            "yaw_kp": "80.0",
            "yaw_ki": "0.0",
            "yaw_kd": "0.0"
        },
        "pid_attitude": {
            "roll_kp": "10.0",
            "roll_ki": "0.5",
            "roll_kd": "0.5",
            "pitch_kp": "13.0",
            "pitch_ki": "0.5",
            "pitch_kd": "1.5",
            "yaw_kp": "8.0",
            "yaw_ki": "0.5",
            "yaw_kd": "0.5"
        },
        "velCtlPid": {
            "vxKp": "15.0",
            "vxKi": "1.0",
            "vxKd": "0.0",
            "vyKp": "10.0",
            "vyKi": "1.0",
            "vyKd": "0.0",
            "vzKp": "12.5",
            "vzKi": "0.5",
            "vzKd": "0.0"
        },
        "posCtlPid": {
            "xKp": "1.5",
            "xKi": "0.20000000298023224",
            "xKd": "0.20000000298023224",
            "yKp": "1.5",
            "yKi": "0.20000000298023224",
            "yKd": "0.20000000298023224",
            "zKp": "5.0",
            "zKi": "0.5",
            "zKd": "0.0"
        }
    },
    "pose": [
        [
            0.472622802734375,
            0.20793402099609376,
            0.2582276000976563,
            null,
            null,
            null,
            [
                [
                    0.997516930103302,
                    -0.06419873237609863,
                    0.02895674668252468
                ],
                [
                    0.06336195021867752,
                    0.9975707530975342,
                    0.028945425525307655
                ],
                [
                    -0.03074466437101364,
                    -0.02703879587352276,
                    0.9991614818572998
                ]
            ]
        ],
        [
            0.4741512451171875,
            0.2076219940185547,
            0.2581125183105469,
            null,
            null,
            null,
            [
                [
                    0.9972175359725952,
                    -0.06537629663944244,
                    0.035820312798023224
                ],
                [
                    0.06441348791122437,
                    0.997546911239624,
                    0.027405288070440292
                ],
                [
                    -0.03752410039305687,
                    -0.02502172254025936,
                    0.9989824295043945
                ]
            ]
        ],
        [
            0.467479736328125,
            0.21731610107421875,
            0.2735267333984375,
            null,
            null,
            null,
            [
                [
                    0.996634304523468,
                    -0.061494071036577225,
                    -0.05420835316181183
                ],
                [
                    0.06329481303691864,
                    0.9974768161773682,
                    0.03215136379003525
                ],
                [
                    0.052094459533691406,
                    -0.0354742594063282,
                    0.9980118870735168
                ]
            ]
        ],
        [
            0.44467538452148436,
            0.23231866455078126,
            0.35376907348632813,
            null,
            null,
            null,
            [
                [
                    0.9689708948135376,
                    -0.07989243417978287,
                    -0.23390714824199677
                ],
                [
                    0.07440965622663498,
                    0.9967082142829895,
                    -0.032186489552259445
                ],
                [
                    0.23570862412452698,
                    0.013782821595668793,
                    0.9717260599136353
                ]
            ]
        ],
        [
            0.39687094116210936,
            0.2363125305175781,
            0.4604580078125,
            null,
            null,
            null,
            [
                [
                    0.9750946760177612,
                    -0.07359448075294495,
                    -0.20922288298606873
                ],
                [
                    0.044789813458919525,
                    0.9892474412918091,
                    -0.13922397792339325
                ],
                [
                    0.21721932291984558,
                    0.12638550996780396,
                    0.9679062366485596
                ]
            ]
        ],
        [
            0.33171542358398437,
            0.22303125,
            0.591397705078125,
            null,
            null,
            null,
            [
                [
                    0.9805924892425537,
                    -0.07793521136045456,
                    -0.17990127205848694
                ],
                [
                    0.04641319811344147,
                    0.9837917685508728,
                    -0.17320381104946136
                ],
                [
                    0.19048407673835754,
                    0.16149255633354187,
                    0.9683160781860352
                ]
            ]
        ],
        [
            0.26724972534179686,
            0.1939122772216797,
            0.7115680541992188,
            null,
            null,
            null,
            [
                [
                    0.9881892800331116,
                    -0.11238354444503784,
                    -0.10417237877845764
                ],
                [
                    0.0934092104434967,
                    0.9806777834892273,
                    -0.1718888133764267
                ],
                [
                    0.12147701531648636,
                    0.16012802720069885,
                    0.9795929789543152
                ]
            ]
        ],
        [
            0.20359159851074218,
            0.16487582397460937,
            0.8339031982421875,
            null,
            null,
            null,
            [
                [
                    0.9950973391532898,
                    -0.09188497811555862,
                    -0.036584459245204926
                ],
                [
                    0.08762674033641815,
                    0.9906426668167114,
                    -0.10463578253984451
                ],
                [
                    0.04585658386349678,
                    0.10091701149940491,
                    0.9938374757766724
                ]
            ]
        ],
        [
            0.15672218322753906,
            0.13463731384277344,
            0.9625106201171875,
            null,
            null,
            null,
            [
                [
                    0.9968118071556091,
                    -0.04535381868481636,
                    0.06564445048570633
                ],
                [
                    0.049109261482954025,
                    0.9971785545349121,
                    -0.056773070245981216
                ],
                [
                    -0.0628843680024147,
                    0.059815820306539536,
                    0.9962266683578491
                ]
            ]
        ],
        [
            0.13450794982910155,
            0.11475146484375,
            1.078369873046875,
            null,
            null,
            null,
            [
                [
                    0.986575722694397,
                    -0.017759382724761963,
                    0.16233588755130768
                ],
                [
                    0.018329784274101257,
                    0.9998299479484558,
                    -0.002016550162807107
                ],
                [
                    -0.16227248311042786,
                    0.004965061787515879,
                    0.9867334961891174
                ]
            ]
        ],
        [
            0.12610269165039062,
            0.10310932159423829,
            1.1575621337890625,
            null,
            null,
            null,
            [
                [
                    0.9831156730651855,
                    -0.07472709566354752,
                    0.16703130304813385
                ],
                [
                    0.06894923746585846,
                    0.9968125224113464,
                    0.04013516753911972
                ],
                [
                    -0.16949808597564697,
                    -0.02794083021581173,
                    0.9851343631744385
                ]
            ]
        ],
        [
            0.12696977996826173,
            0.0949278335571289,
            1.1939119873046875,
            null,
            null,
            null,
            [
                [
                    0.9917632937431335,
                    -0.020814955234527588,
                    0.1263815015554428
                ],
                [
                    0.021334225311875343,
                    0.9997686147689819,
                    -0.002756447298452258
                ],
                [
                    -0.12629488110542297,
                    0.005429994780570269,
                    0.991977870464325
                ]
            ]
        ],
        [
            0.13037486267089843,
            0.09122509765625,
            1.197920166015625,
            null,
            null,
            null,
            [
                [
                    0.9976589679718018,
                    -0.003133821301162243,
                    0.06831379234790802
                ],
                [
                    0.0032848077826201916,
                    0.9999924302101135,
                    -0.0020979701075702906
                ],
                [
                    -0.06830669939517975,
                    0.0023174562957137823,
                    0.9976616501808167
                ]
            ]
        ],
        [
            0.13037486267089843,
            0.09122509765625,
            1.197920166015625,
            null,
            null,
            null,
            [
                [
                    0.9976589679718018,
                    -0.003133821301162243,
                    0.06831379234790802
                ],
                [
                    0.0032848077826201916,
                    0.9999924302101135,
                    -0.0020979701075702906
                ],
                [
                    -0.06830669939517975,
                    0.0023174562957137823,
                    0.9976616501808167
                ]
            ]
        ],
        [
            0.11732105255126953,
            0.09354062652587891,
            1.147473388671875,
            null,
            null,
            null,
            [
                [
                    -0.9802768230438232,
                    0.11554362624883652,
                    0.16033416986465454
                ],
                [
                    0.12354406714439392,
                    0.9914988875389099,
                    0.04082728549838066
                ],
                [
                    -0.15425381064414978,
                    0.059830375015735626,
                    -0.9862180948257446
                ]
            ]
        ],
        [
            0.097661865234375,
            0.09365773773193359,
            1.1256236572265625,
            null,
            null,
            null,
            [
                [
                    0.9872481822967529,
                    0.027351781725883484,
                    -0.15682139992713928
                ],
                [
                    -0.029265763238072395,
                    0.9995225667953491,
                    -0.009908398613333702
                ],
                [
                    0.1564755141735077,
                    0.014371546916663647,
                    0.9875772595405579
                ]
            ]
        ],
        [
            0.04854096221923828,
            0.09857614135742188,
            1.102091796875,
            null,
            null,
            null,
            [
                [
                    0.9686399102210999,
                    0.09436196088790894,
                    -0.22985322773456573
                ],
                [
                    -0.10859591513872147,
                    0.9928249716758728,
                    -0.05005555972456932
                ],
                [
                    0.22348067164421082,
                    0.07344693690538406,
                    0.9719371795654297
                ]
            ]
        ],
        [
            -0.002569918155670166,
            0.10423365783691406,
            1.096160400390625,
            null,
            null,
            null,
            [
                [
                    0.9783114790916443,
                    0.05180403217673302,
                    -0.2005566507577896
                ],
                [
                    -0.06311613321304321,
                    0.9967316389083862,
                    -0.050422266125679016
                ],
                [
                    0.19728907942771912,
                    0.06198704242706299,
                    0.9783836603164673
                ]
            ]
        ],
        [
            -0.05749277114868164,
            0.10958226013183593,
            1.1033970947265626,
            null,
            null,
            null,
            [
                [
                    0.9860811233520508,
                    0.05054018273949623,
                    -0.15839721262454987
                ],
                [
                    -0.06511653959751129,
                    0.9939697980880737,
                    -0.08822616934776306
                ],
                [
                    0.15298306941986084,
                    0.09731244295835495,
                    0.9834258556365967
                ]
            ]
        ],
        [
            -0.1055103759765625,
            0.11476450347900391,
            1.1172991943359376,
            null,
            null,
            null,
            [
                [
                    0.9993417263031006,
                    0.031860556453466415,
                    0.017348505556583405
                ],
                [
                    -0.02938453108072281,
                    0.9913459420204163,
                    -0.1279444396495819
                ],
                [
                    -0.0212747510522604,
                    0.12735043466091156,
                    0.9916296005249023
                ]
            ]
        ],
        [
            -0.13215875244140626,
            0.11720127105712891,
            1.129435302734375,
            null,
            null,
            null,
            [
                [
                    0.9928339719772339,
                    0.047945957630872726,
                    0.10946203023195267
                ],
                [
                    -0.03204936534166336,
                    0.9892587661743164,
                    -0.14261804521083832
                ],
                [
                    -0.11512422561645508,
                    0.13808783888816833,
                    0.9837063550949097
                ]
            ]
        ],
        [
            -0.14049754333496095,
            0.11650632476806641,
            1.135134521484375,
            null,
            null,
            null,
            [
                [
                    0.9847816228866577,
                    0.02786731719970703,
                    0.17154763638973236
                ],
                [
                    -0.0011488060699775815,
                    0.9880833029747009,
                    -0.1539158970117569
                ],
                [
                    -0.17379257082939148,
                    0.15137647092342377,
                    0.9730782508850098
                ]
            ]
        ],
        [
            -0.13591253662109376,
            0.11682784271240235,
            1.132503173828125,
            null,
            null,
            null,
            [
                [
                    0.9839927554130554,
                    0.06775566935539246,
                    0.16482560336589813
                ],
                [
                    -0.05060235783457756,
                    0.9930636286735535,
                    -0.1061324030160904
                ],
                [
                    -0.17087337374687195,
                    0.09609294682741165,
                    0.9805959463119507
                ]
            ]
        ],
        [
            -0.12020661163330078,
            0.11589459228515625,
            1.1246661376953124,
            null,
            null,
            null,
            [
                [
                    0.9901506900787354,
                    0.06359293311834335,
                    0.12472984939813614
                ],
                [
                    -0.049784064292907715,
                    0.9925880432128906,
                    -0.11086245626211166
                ],
                [
                    -0.13085542619228363,
                    0.10356097668409348,
                    0.9859776496887207
                ]
            ]
        ],
        [
            -0.10725382232666016,
            0.11275127410888672,
            1.1213475341796875,
            null,
            null,
            null,
            [
                [
                    0.9962344169616699,
                    0.07959593832492828,
                    0.034372009336948395
                ],
                [
                    -0.07486122101545334,
                    0.989692747592926,
                    -0.12208198010921478
                ],
                [
                    -0.04373495653271675,
                    0.11904914677143097,
                    0.9919246435165405
                ]
            ]
        ],
        [
            -0.09967245483398438,
            0.10936605834960937,
            1.1205213623046875,
            null,
            null,
            null,
            [
                [
                    0.993007242679596,
                    0.1062564104795456,
                    -0.051441412419080734
                ],
                [
                    -0.11191990226507187,
                    0.9859668016433716,
                    -0.12386861443519592
                ],
                [
                    0.0375576876103878,
                    0.1287597417831421,
                    0.9909643530845642
                ]
            ]
        ],
        [
            -0.10085401916503907,
            0.103124267578125,
            1.12182958984375,
            null,
            null,
            null,
            [
                [
                    0.9836000800132751,
                    0.13444674015045166,
                    -0.12022878229618073
                ],
                [
                    -0.15034045279026031,
                    0.9794137477874756,
                    -0.134708970785141
                ],
                [
                    0.09964253753423691,
                    0.15057499706745148,
                    0.9835641980171204
                ]
            ]
        ],
        [
            -0.1141044692993164,
            0.0950152587890625,
            1.122051025390625,
            null,
            null,
            null,
            [
                [
                    0.9787929654121399,
                    0.14473378658294678,
                    -0.14497050642967224
                ],
                [
                    -0.163531094789505,
                    0.978273332118988,
                    -0.12743201851844788
                ],
                [
                    0.12337706238031387,
                    0.1484367549419403,
                    0.9811955094337463
                ]
            ]
        ],
        [
            -0.13507498168945312,
            0.08832621002197266,
            1.118819091796875,
            null,
            null,
            null,
            [
                [
                    0.9807413220405579,
                    0.15337443351745605,
                    -0.1209244504570961
                ],
                [
                    -0.16682898998260498,
                    0.9797943830490112,
                    -0.11032242327928543
                ],
                [
                    0.10156045854091644,
                    0.128371462225914,
                    0.9865121841430664
                ]
            ]
        ],
        [
            -0.15425865173339845,
            0.08100616455078125,
            1.115720947265625,
            null,
            null,
            null,
            [
                [
                    0.9912971258163452,
                    0.12661884725093842,
                    -0.03602399304509163
                ],
                [
                    -0.129514679312706,
                    0.9870548844337463,
                    -0.09459714591503143
                ],
                [
                    0.023579876869916916,
                    0.09843951463699341,
                    0.9948636293411255
                ]
            ]
        ],
        [
            -0.17160523986816406,
            0.07264472961425782,
            1.1137281494140625,
            null,
            null,
            null,
            [
                [
                    0.994151771068573,
                    0.10485480725765228,
                    0.02584025263786316
                ],
                [
                    -0.1011437252163887,
                    0.9879133105278015,
                    -0.11746179312467575
                ],
                [
                    -0.03784436360001564,
                    0.11416126787662506,
                    0.9927411675453186
                ]
            ]
        ],
        [
            -0.17778057861328125,
            0.06408266448974609,
            1.110114501953125,
            null,
            null,
            null,
            [
                [
                    0.9908334612846375,
                    0.08733369410037994,
                    0.10306257754564285
                ],
                [
                    -0.07450146228075027,
                    0.9896816611289978,
                    -0.12239174544811249
                ],
                [
                    -0.11268807202577591,
                    0.1135915219783783,
                    0.9871161580085754
                ]
            ]
        ],
        [
            -0.16910218811035158,
            0.05584590530395508,
            1.108365966796875,
            null,
            null,
            null,
            [
                [
                    0.9809548854827881,
                    0.113148033618927,
                    0.15787670016288757
                ],
                [
                    -0.0916542336344719,
                    0.9862715601921082,
                    -0.13736046850681305
                ],
                [
                    -0.17125137150287628,
                    0.12027435004711151,
                    0.9778584241867065
                ]
            ]
        ],
        [
            -0.15260017395019532,
            0.041099529266357425,
            1.1057742919921876,
            null,
            null,
            null,
            [
                [
                    0.985832929611206,
                    0.0729939267039299,
                    0.1510142683982849
                ],
                [
                    -0.0503680594265461,
                    0.9876188635826111,
                    -0.14856667816638947
                ],
                [
                    -0.15998899936676025,
                    0.13885563611984253,
                    0.9773037433624268
                ]
            ]
        ],
        [
            -0.13168875122070312,
            0.030471611022949218,
            1.10025830078125,
            null,
            null,
            null,
            [
                [
                    0.990310549736023,
                    0.07401740550994873,
                    0.11750102043151855
                ],
                [
                    -0.05902349203824997,
                    0.9902319312095642,
                    -0.1263207048177719
                ],
                [
                    -0.12570320069789886,
                    0.1181614100933075,
                    0.9850058555603027
                ]
            ]
        ],
        [
            -0.10954576110839843,
            0.014789055824279786,
            1.096814453125,
            null,
            null,
            null,
            [
                [
                    0.9934402108192444,
                    0.09900286793708801,
                    0.05722731724381447
                ],
                [
                    -0.09031513333320618,
                    0.9862525463104248,
                    -0.13838040828704834
                ],
                [
                    -0.07014064490795135,
                    0.13230416178703308,
                    0.9887243509292603
                ]
            ]
        ],
        [
            -0.09634238433837891,
            -0.008188099861145019,
            1.09575048828125,
            null,
            null,
            null,
            [
                [
                    0.9975468516349792,
                    0.06937814503908157,
                    -0.00932238344103098
                ],
                [
                    -0.07000164687633514,
                    0.988567590713501,
                    -0.13354378938674927
                ],
                [
                    -4.921425352222286e-05,
                    0.13386878371238708,
                    0.9909990429878235
                ]
            ]
        ],
        [
            -0.0938328857421875,
            -0.028948843002319338,
            1.09500244140625,
            null,
            null,
            null,
            [
                [
                    0.9960429072380066,
                    0.06413181126117706,
                    -0.06152792647480965
                ],
                [
                    -0.0712074264883995,
                    0.9901311993598938,
                    -0.12070528417825699
                ],
                [
                    0.05317966639995575,
                    0.12460888177156448,
                    0.9907797574996948
                ]
            ]
        ],
        [
            -0.09926395416259766,
            -0.051620899200439455,
            1.0968785400390626,
            null,
            null,
            null,
            [
                [
                    0.9939228892326355,
                    0.08121010661125183,
                    -0.07431162148714066
                ],
                [
                    -0.08914586156606674,
                    0.9898611307144165,
                    -0.11058010905981064
                ],
                [
                    0.06457795947790146,
                    0.11653267592191696,
                    0.9910851716995239
                ]
            ]
        ],
        [
            -0.11302285003662109,
            -0.07428244018554687,
            1.0982545166015625,
            null,
            null,
            null,
            [
                [
                    0.9957720637321472,
                    0.07112327963113785,
                    -0.05813300982117653
                ],
                [
                    -0.07640356570482254,
                    0.9926056861877441,
                    -0.09432105720043182
                ],
                [
                    0.05099473148584366,
                    0.09836384654045105,
                    0.9938430786132812
                ]
            ]
        ],
        [
            -0.13014083862304687,
            -0.0950762939453125,
            1.09584326171875,
            null,
            null,
            null,
            [
                [
                    0.997414767742157,
                    0.07174874097108841,
                    0.003991694189608097
                ],
                [
                    -0.07113724201917648,
                    0.9937195181846619,
                    -0.08637701719999313
                ],
                [
                    -0.010164067149162292,
                    0.08586975932121277,
                    0.9962545037269592
                ]
            ]
        ],
        [
            -0.14160258483886717,
            -0.11321278381347656,
            1.093817626953125,
            null,
            null,
            null,
            [
                [
                    0.9922190308570862,
                    0.07591509073972702,
                    0.09868272393941879
                ],
                [
                    -0.07117681205272675,
                    0.9961751103401184,
                    -0.05068499967455864
                ],
                [
                    -0.10215303301811218,
                    0.043266698718070984,
                    0.9938273429870605
                ]
            ]
        ],
        [
            -0.14555804443359374,
            -0.1320068359375,
            1.0916353759765625,
            null,
            null,
            null,
            [
                [
                    0.9829018115997314,
                    0.04473327472805977,
                    0.1786138415336609
                ],
                [
                    -0.03881194815039635,
                    0.9985792636871338,
                    -0.03651109337806702
                ],
                [
                    -0.17999334633350372,
                    0.02895446866750717,
                    0.983241617679596
                ]
            ]
        ],
        [
            -0.13646662902832032,
            -0.1483140869140625,
            1.0842945556640624,
            null,
            null,
            null,
            [
                [
                    0.9748862981796265,
                    0.04831098020076752,
                    0.21739988029003143
                ],
                [
                    -0.0331091471016407,
                    0.9967796802520752,
                    -0.07303477078676224
                ],
                [
                    -0.2202281653881073,
                    0.06400267779827118,
                    0.9733464121818542
                ]
            ]
        ],
        [
            -0.116382080078125,
            -0.16495840454101562,
            1.0780826416015625,
            null,
            null,
            null,
            [
                [
                    0.9737337231636047,
                    0.10712656378746033,
                    0.20091427862644196
                ],
                [
                    -0.094192735850811,
                    0.9928817749023438,
                    -0.0728936493396759
                ],
                [
                    -0.20729297399520874,
                    0.05205434188246727,
                    0.9768930077552795
                ]
            ]
        ],
        [
            -0.08924288177490235,
            -0.18202494812011719,
            1.0734888916015626,
            null,
            null,
            null,
            [
                [
                    0.978437602519989,
                    0.1277385652065277,
                    0.1623045653104782
                ],
                [
                    -0.11653723567724228,
                    0.9902129769325256,
                    -0.07679373025894165
                ],
                [
                    -0.17052561044692993,
                    0.056223347783088684,
                    0.9837478995323181
                ]
            ]
        ],
        [
            -0.060346347808837894,
            -0.20028802490234374,
            1.0700599365234376,
            null,
            null,
            null,
            [
                [
                    0.9870533347129822,
                    0.07960132509469986,
                    0.1392454355955124
                ],
                [
                    -0.07591909915208817,
                    0.9966141581535339,
                    -0.03156733885407448
                ],
                [
                    -0.14128677546977997,
                    0.020587259903550148,
                    0.9897546172142029
                ]
            ]
        ],
        [
            -0.03575966262817383,
            -0.22047425842285157,
            1.07364404296875,
            null,
            null,
            null,
            [
                [
                    0.9941591024398804,
                    0.08531991392374039,
                    0.06609241664409637
                ],
                [
                    -0.08447013050317764,
                    0.9963046312332153,
                    -0.015552165918052197
                ],
                [
                    -0.06717509031295776,
                    0.00987849198281765,
                    0.9976922869682312
                ]
            ]
        ],
        [
            -0.03575966262817383,
            -0.22047425842285157,
            1.07364404296875,
            null,
            null,
            null,
            [
                [
                    0.9941591024398804,
                    0.08531991392374039,
                    0.06609241664409637
                ],
                [
                    -0.08447013050317764,
                    0.9963046312332153,
                    -0.015552165918052197
                ],
                [
                    -0.06717509031295776,
                    0.00987849198281765,
                    0.9976922869682312
                ]
            ]
        ],
        [
            -0.03575966262817383,
            -0.22047425842285157,
            1.07364404296875,
            null,
            null,
            null,
            [
                [
                    0.9941591024398804,
                    0.08531991392374039,
                    0.06609241664409637
                ],
                [
                    -0.08447013050317764,
                    0.9963046312332153,
                    -0.015552165918052197
                ],
                [
                    -0.06717509031295776,
                    0.00987849198281765,
                    0.9976922869682312
                ]
            ]
        ],
        [
            -0.027511060714721678,
            -0.28151837158203125,
            1.087581298828125,
            null,
            null,
            null,
            [
                [
                    0.9874640107154846,
                    -0.13844943046569824,
                    -0.07580593228340149
                ],
                [
                    0.14092430472373962,
                    0.9896155595779419,
                    0.028308842331171036
                ],
                [
                    0.07109938561916351,
                    -0.038636863231658936,
                    0.9967206716537476
                ]
            ]
        ],
        [
            -0.02996585464477539,
            -0.2855601806640625,
            1.0862353515625,
            null,
            null,
            null,
            [
                [
                    0.917884349822998,
                    -0.3859724700450897,
                    0.09226908534765244
                ],
                [
                    0.36848190426826477,
                    0.9152430295944214,
                    0.16294561326503754
                ],
                [
                    -0.14734116196632385,
                    -0.11556573957204819,
                    0.9823111295700073
                ]
            ]
        ],
        [
            -0.01907951545715332,
            -0.27662771606445313,
            1.0746217041015624,
            null,
            null,
            null,
            [
                [
                    0.7708260416984558,
                    -0.5629904866218567,
                    0.2981089651584625
                ],
                [
                    0.4977699816226959,
                    0.824320375919342,
                    0.26966822147369385
                ],
                [
                    -0.39755794405937195,
                    -0.05947759374976158,
                    0.9156473875045776
                ]
            ]
        ],
        [
            0.006409178256988526,
            -0.2442987060546875,
            1.0547886962890625,
            null,
            null,
            null,
            [
                [
                    0.5750788450241089,
                    -0.7439748048782349,
                    0.3402732014656067
                ],
                [
                    0.6743966341018677,
                    0.6665650606155396,
                    0.31761643290519714
                ],
                [
                    -0.46311286091804504,
                    0.046824611723423004,
                    0.8850615620613098
                ]
            ]
        ],
        [
            0.049213600158691403,
            -0.19171916198730468,
            1.0379022216796876,
            null,
            null,
            null,
            [
                [
                    0.39384064078330994,
                    -0.8647753596305847,
                    0.31153354048728943
                ],
                [
                    0.798819899559021,
                    0.48968249559402466,
                    0.34942498803138733
                ],
                [
                    -0.4547266364097595,
                    0.1112414300441742,
                    0.8836566209793091
                ]
            ]
        ],
        [
            0.0934671630859375,
            -0.12389141845703125,
            1.0334503173828125,
            null,
            null,
            null,
            [
                [
                    0.09992074221372604,
                    -0.9862775802612305,
                    0.13142424821853638
                ],
                [
                    0.929377555847168,
                    0.13968594372272491,
                    0.3416799306869507
                ],
                [
                    -0.3553493916988373,
                    0.08800183236598969,
                    0.93058180809021
                ]
            ]
        ],
        [
            0.12874900817871093,
            -0.0470255012512207,
            1.0505924072265624,
            null,
            null,
            null,
            [
                [
                    -0.2289726287126541,
                    -0.972212016582489,
                    -0.0487372949719429
                ],
                [
                    0.9344772100448608,
                    -0.2335558533668518,
                    0.26870808005332947
                ],
                [
                    -0.27262410521507263,
                    0.01598290726542473,
                    0.9619878530502319
                ]
            ]
        ],
        [
            0.141998779296875,
            0.02363033866882324,
            1.080085693359375,
            null,
