{
    "radius": 0.3,
    "angular_speed": 12,
    "save_freq": 0.1,
    "pid_gains": {
        "pid_rate": {
            "roll_kp": "50.0",
            "roll_ki": "0.0",
            "roll_kd": "0.0",
            "pitch_kp": "50.0",
            "pitch_ki": "0.0",
            "pitch_kd": "0.0",
            "yaw_kp": "80.0",
            "yaw_ki": "0.0",
            "yaw_kd": "0.0"
        },
        "pid_attitude": {
            "roll_kp": "10.0",
            "roll_ki": "0.5",
            "roll_kd": "0.5",
            "pitch_kp": "13.0",
            "pitch_ki": "0.5",
            "pitch_kd": "1.5",
            "yaw_kp": "8.0",
            "yaw_ki": "0.5",
            "yaw_kd": "0.5"
        },
        "velCtlPid": {
            "vxKp": "15.0",
            "vxKi": "1.0",
            "vxKd": "0.0",
            "vyKp": "10.0",
            "vyKi": "1.0",
            "vyKd": "0.0",
            "vzKp": "12.5",
            "vzKi": "0.5",
            "vzKd": "0.0"
        },
        "posCtlPid": {
            "xKp": "1.5",
            "xKi": "0.20000000298023224",
            "xKd": "0.20000000298023224",
            "yKp": "1.5",
            "yKi": "0.20000000298023224",
            "yKd": "0.20000000298023224",
            "zKp": "5.0",
            "zKi": "0.5",
            "zKd": "0.0"
        }
    },
    "pose": [
        [
            0.0767562255859375,
            0.059097415924072264,
            0.2605325317382812,
            null,
            null,
            null,
            [
                [
                    0.9972356557846069,
                    -0.03927583247423172,
                    0.06307510286569595
                ],
                [
                    0.03752850368618965,
                    0.9988846778869629,
                    0.028652654960751534
                ],
                [
                    -0.06413010507822037,
                    -0.026206335052847862,
                    0.9975973963737488
                ]
            ]
        ],
        [
            0.07654801940917969,
            0.05908052062988281,
            0.26066012573242187,
            null,
            null,
            null,
            [
                [
                    0.9972426891326904,
                    -0.037900879979133606,
                    0.06380079686641693
                ],
                [
                    0.03614707291126251,
                    0.9989421963691711,
                    0.02842262201011181
                ],
                [
                    -0.06481055170297623,
                    -0.026038039475679398,
                    0.9975578188896179
                ]
            ]
        ],
        [
            0.07711866760253906,
            0.07192695617675782,
            0.27532763671875,
            null,
            null,
            null,
            [
                [
                    0.9976171851158142,
                    -0.04888256639242172,
                    0.04868735373020172
                ],
                [
                    0.04032851755619049,
                    0.9857430458068848,
                    0.1633531004190445
                ],
                [
                    -0.05597833916544914,
                    -0.16100037097930908,
                    0.9853655695915222
                ]
            ]
        ],
        [
            0.07774630737304687,
            0.06949620819091797,
            0.358550048828125,
            null,
            null,
            null,
            [
                [
                    0.9997602701187134,
                    -0.015459692105650902,
                    0.015505949035286903
                ],
                [
                    0.014952855184674263,
                    0.999366819858551,
                    0.03228653222322464
                ],
                [
                    -0.015995269641280174,
                    -0.032046932727098465,
                    0.9993583559989929
                ]
            ]
        ],
        [
            0.07271549224853516,
            0.06772935485839844,
            0.461500732421875,
            null,
            null,
            null,
            [
                [
                    0.9998263120651245,
                    -0.01629703678190708,
                    0.009044014848768711
                ],
                [
                    0.01759122498333454,
                    0.9854681491851807,
                    -0.16894711554050446
                ],
                [
                    -0.006159251090139151,
                    0.1690768599510193,
                    0.9855836033821106
                ]
            ]
        ],
        [
            0.06278372192382813,
            0.06582286071777343,
            0.5740320434570313,
            null,
            null,
            null,
            [
                [
                    0.9999812841415405,
                    -0.0056539434008300304,
                    0.0023265655618160963
                ],
                [
                    0.0058139353059232235,
                    0.9971104264259338,
                    -0.0757429450750351
                ],
                [
                    -0.0018915965920314193,
                    0.0757550522685051,
                    0.9971246719360352
                ]
            ]
        ],
        [
            0.051451683044433594,
            0.05844844436645508,
            0.690147216796875,
            null,
            null,
            null,
            [
                [
                    0.9920606017112732,
                    0.015018193982541561,
                    0.12486099451780319
                ],
                [
                    -0.0040749176405370235,
                    0.9961613416671753,
                    -0.08744107931852341
                ],
                [
                    -0.1256949007511139,
                    0.08623804897069931,
                    0.988313615322113
                ]
            ]
        ],
        [
            0.03657924270629883,
            0.04191078567504883,
            0.813779052734375,
            null,
            null,
            null,
            [
                [
                    0.9993879795074463,
                    -0.025920705869793892,
                    0.023490941151976585
                ],
                [
                    0.028056910261511803,
                    0.995013952255249,
                    -0.09570815414190292
                ],
                [
                    -0.020892992615699768,
                    0.09630865603685379,
                    0.9951322078704834
                ]
            ]
        ],
        [
            0.024818775177001953,
            0.020013513565063475,
            0.94056689453125,
            null,
            null,
            null,
            [
                [
                    0.9992117285728455,
                    -0.00620351592078805,
                    0.03921037167310715
                ],
                [
                    0.01001756452023983,
                    0.9951520562171936,
                    -0.09783704578876495
                ],
                [
                    -0.03841334581375122,
                    0.09815271943807602,
                    0.9944297075271606
                ]
            ]
        ],
        [
            0.017550155639648436,
            0.0014282937049865723,
            1.0462691650390625,
            null,
            null,
            null,
            [
                [
                    0.9997798800468445,
                    0.008919691666960716,
                    -0.018989570438861847
                ],
                [
                    -0.009664478711783886,
                    0.9991729259490967,
                    -0.03949730843305588
                ],
                [
                    0.01862156018614769,
                    0.039672140032052994,
                    0.9990392327308655
                ]
            ]
        ],
        [
            0.014203457832336426,
            -0.01667898178100586,
            1.1367901611328124,
            null,
            null,
            null,
            [
                [
                    0.9947566986083984,
                    -0.023687463253736496,
                    0.09948880970478058
                ],
                [
                    0.021586250513792038,
                    0.9995217323303223,
                    0.02214386872947216
                ],
                [
                    -0.09996575862169266,
                    -0.01988017000257969,
                    0.9947922229766846
                ]
            ]
        ],
        [
            0.01431673526763916,
            -0.025874736785888672,
            1.1776419677734375,
            null,
            null,
            null,
            [
                [
                    0.9945245385169983,
                    0.020363524556159973,
                    0.10250009596347809
                ],
                [
                    -0.025361092761158943,
                    0.9985401034355164,
                    0.047691989690065384
                ],
                [
                    -0.10137927532196045,
                    -0.05003036931157112,
                    0.9935890436172485
                ]
            ]
        ],
        [
            0.013884535789489746,
            -0.03251897430419922,
            1.1840616455078126,
            null,
            null,
            null,
            [
                [
                    0.9930781722068787,
                    0.03790751099586487,
                    0.11116986721754074
                ],
                [
                    -0.045456066727638245,
                    0.9967723488807678,
                    0.06617142260074615
                ],
                [
                    -0.10830265283584595,
                    -0.07076673954725266,
                    0.991595983505249
                ]
            ]
        ],
        [
            0.014872152328491211,
            -0.035202289581298826,
            1.1676810302734375,
            null,
            null,
            null,
            [
                [
                    0.9930042028427124,
                    0.05427374318242073,
                    0.1048664003610611
                ],
                [
                    -0.06089632213115692,
                    0.996277391910553,
                    0.06101670488715172
                ],
                [
                    -0.10116441547870636,
                    -0.06697582453489304,
                    0.9926127195358276
                ]
            ]
        ],
        [
            0.016346525192260743,
            -0.03903134918212891,
            1.14302978515625,
            null,
            null,
            null,
            [
                [
                    0.9954599142074585,
                    0.049387991428375244,
                    0.08136589825153351
                ],
                [
                    -0.046665772795677185,
                    0.9982962608337402,
                    -0.03502622991800308
                ],
                [
                    -0.08295714855194092,
                    0.031070206314325333,
                    0.9960686564445496
                ]
            ]
        ],
        [
            0.015363958358764649,
            -0.03765521240234375,
            1.117623046875,
            null,
            null,
            null,
            [
                [
                    0.9976842999458313,
                    0.053660355508327484,
                    0.041792720556259155
                ],
                [
                    -0.05363556370139122,
                    0.9985591173171997,
                    -0.0017150875646620989
                ],
                [
                    -0.04182453453540802,
                    -0.0005304600927047431,
                    0.9991248250007629
                ]
            ]
        ],
        [
            0.010926041603088379,
            -0.0321220817565918,
            1.09908447265625,
            null,
            null,
            null,
            [
                [
                    0.998574435710907,
                    0.052578844130039215,
                    0.009194009006023407
                ],
                [
                    -0.05241674184799194,
                    0.9984794855117798,
                    -0.01706317998468876
                ],
                [
                    -0.010077191516757011,
                    0.016556935384869576,
                    0.999812126159668
                ]
            ]
        ],
        [
            0.0030073883533477783,
            -0.028846445083618163,
            1.089956787109375,
            null,
            null,
            null,
            [
                [
                    0.9967381954193115,
                    0.08070255815982819,
                    -0.00028229906456544995
                ],
                [
                    -0.0806741714477539,
                    0.9962818622589111,
                    -0.030235394835472107
                ],
                [
                    -0.002158824121579528,
                    0.030159546062350273,
                    0.999542772769928
                ]
            ]
        ],
        [
            -0.007064834117889405,
            -0.01711338996887207,
            1.086138427734375,
            null,
            null,
            null,
            [
                [
                    0.9975284337997437,
                    0.06775817275047302,
                    0.01859637349843979
                ],
                [
                    -0.06745105981826782,
                    0.997583270072937,
                    -0.01667354628443718
                ],
                [
                    -0.01968120038509369,
                    0.015377991832792759,
                    0.9996880292892456
                ]
            ]
        ],
        [
            -0.015941134452819826,
            -0.007938840866088866,
            1.0857476806640625,
            null,
            null,
            null,
            [
                [
                    0.9939863681793213,
                    0.09255371987819672,
                    0.05852292850613594
                ],
                [
                    -0.0899326503276825,
                    0.9948875904083252,
                    -0.04594303295016289
                ],
                [
                    -0.062475934624671936,
                    0.04040362313389778,
                    0.9972283244132996
                ]
            ]
        ],
        [
            -0.01937224578857422,
            0.0011266167163848876,
            1.086233642578125,
            null,
            null,
            null,
            [
                [
                    0.9923400282859802,
                    0.07174059748649597,
                    0.10057097673416138
                ],
                [
                    -0.07005279511213303,
                    0.9973383545875549,
                    -0.02021913416683674
                ],
                [
                    -0.10175382345914841,
                    0.013018978759646416,
                    0.9947243928909302
                ]
            ]
        ],
        [
            -0.01845667839050293,
            0.012938332557678223,
            1.087623291015625,
            null,
            null,
            null,
            [
                [
                    0.9886382818222046,
                    0.08925972133874893,
                    0.12094210833311081
                ],
                [
                    -0.08376996964216232,
                    0.9952424764633179,
                    -0.049749936908483505
                ],
                [
                    -0.12480738759040833,
                    0.03905337676405907,
                    0.9914121031761169
                ]
            ]
        ],
        [
            -0.00884259033203125,
            0.021251298904418944,
            1.08929638671875,
            null,
            null,
            null,
            [
                [
                    0.9848721623420715,
                    0.1130041629076004,
                    0.13136529922485352
                ],
                [
                    -0.10249167680740356,
                    0.9911617636680603,
                    -0.08422472327947617
                ],
                [
                    -0.13972200453281403,
                    0.06948673725128174,
                    0.9877496361732483
                ]
            ]
        ],
        [
            0.0074431424140930175,
            0.03108975410461426,
            1.0897857666015625,
            null,
            null,
            null,
            [
                [
                    0.9857127070426941,
                    0.10949428379535675,
                    0.12799012660980225
                ],
                [
                    -0.10359448194503784,
                    0.9932647347450256,
                    -0.05189785733819008
                ],
                [
                    -0.1328105926513672,
                    0.03789730742573738,
                    0.9904166460037231
                ]
            ]
        ],
        [
            0.020698442459106445,
            0.040297378540039064,
            1.0905732421875,
            null,
            null,
            null,
            [
                [
                    0.9884006977081299,
                    0.12847986817359924,
                    0.08097484707832336
                ],
                [
                    -0.12356682866811752,
                    0.9903321862220764,
                    -0.0630345344543457
                ],
                [
                    -0.08829066157341003,
                    0.052297573536634445,
                    0.9947209358215332
                ]
            ]
        ],
        [
            0.03166090965270996,
            0.044701694488525394,
            1.091036376953125,
            null,
            null,
            null,
            [
                [
                    0.9904968738555908,
                    0.1337432712316513,
                    0.0320739708840847
                ],
                [
                    -0.13119292259216309,
                    0.9887706637382507,
                    -0.07156078517436981
                ],
                [
                    -0.041284576058387756,
                    0.06667285412549973,
                    0.9969204068183899
                ]
            ]
        ],
        [
            0.035846744537353516,
            0.051731964111328126,
            1.08979296875,
            null,
            null,
            null,
            [
                [
                    0.9909810423851013,
                    0.13385942578315735,
                    0.00618559867143631
                ],
                [
                    -0.13355596363544464,
                    0.9903919100761414,
                    -0.035869866609573364
                ],
                [
                    -0.010927686467766762,
                    0.03472023457288742,
                    0.9993373155593872
                ]
            ]
        ],
        [
            0.031063669204711913,
            0.05839763641357422,
            1.08608154296875,
            null,
            null,
            null,
            [
                [
                    0.9929481148719788,
                    0.11469309031963348,
                    -0.029991338029503822
                ],
                [
                    -0.11637431383132935,
                    0.99126136302948,
                    -0.06211226433515549
                ],
                [
                    0.022605406120419502,
                    0.0651644766330719,
                    0.9976184368133545
                ]
            ]
        ],
        [
            0.020858049392700195,
            0.05948427200317383,
            1.082163818359375,
            null,
            null,
            null,
            [
                [
                    0.9964218735694885,
                    0.0844321921467781,
                    -0.003820711513981223
                ],
                [
                    -0.08448845148086548,
                    0.9938410520553589,
                    -0.07170545309782028
                ],
                [
                    -0.0022570688743144274,
                    0.07177169620990753,
                    0.9974185228347778
                ]
            ]
        ],
        [
            0.009321845054626465,
            0.06583534240722656,
            1.0794822998046876,
            null,
            null,
            null,
            [
                [
                    0.9952660202980042,
                    0.09151723980903625,
                    0.03271353989839554
                ],
                [
                    -0.09029487520456314,
                    0.9952247738838196,
                    -0.03707366809248924
                ],
                [
                    -0.035950202494859695,
                    0.03394429385662079,
                    0.998776912689209
                ]
            ]
        ],
        [
            -6.518171727657318e-05,
            0.06874761199951172,
            1.0768419189453124,
            null,
            null,
            null,
            [
                [
                    0.9932268261909485,
                    0.08555363118648529,
                    0.0786193385720253
                ],
                [
                    -0.07936960458755493,
                    0.9937354326248169,
                    -0.07867853343486786
                ],
                [
                    -0.08485805988311768,
                    0.07190565019845963,
                    0.9937950968742371
                ]
            ]
        ],
        [
            -0.00442727518081665,
            0.0691109390258789,
            1.073983642578125,
            null,
            null,
            null,
            [
                [
                    0.9874364137649536,
                    0.09076833724975586,
                    0.12934638559818268
                ],
                [
                    -0.08325077593326569,
                    0.994573175907135,
                    -0.06239759549498558
                ],
                [
                    -0.13430817425251007,
                    0.050845466554164886,
                    0.9896342754364014
                ]
            ]
        ],
        [
            -0.003093606472015381,
            0.07034375,
            1.0710689697265625,
            null,
            null,
            null,
            [
                [
                    0.9848561882972717,
                    0.07703834027051926,
                    0.15531691908836365
                ],
                [
                    -0.0650377869606018,
                    0.9945959448814392,
                    -0.080925852060318
                ],
                [
                    -0.16071197390556335,
                    0.06959885358810425,
                    0.9845443964004517
                ]
            ]
        ],
        [
            0.004766100883483886,
            0.0658010025024414,
            1.0687471923828125,
            null,
            null,
            null,
            [
                [
                    0.9827993512153625,
                    0.09070216864347458,
                    0.1608680635690689
                ],
                [
                    -0.07295805960893631,
                    0.9909149408340454,
                    -0.11298078298568726
                ],
                [
                    -0.16965416073799133,
                    0.099300816655159,
                    0.9804880619049072
                ]
            ]
        ],
        [
            0.01564585304260254,
            0.06239345550537109,
            1.0658341064453125,
            null,
            null,
            null,
            [
                [
                    0.9882410168647766,
                    0.06263475865125656,
                    0.13948702812194824
                ],
                [
                    -0.05409511178731918,
                    0.9964699745178223,
                    -0.06419703364372253
                ],
                [
                    -0.14301560819149017,
                    0.0558965727686882,
                    0.9881407618522644
                ]
            ]
        ],
        [
            0.023897830963134765,
            0.0559122314453125,
            1.0645518798828124,
            null,
            null,
            null,
            [
                [
                    0.9921315908432007,
                    0.09318548440933228,
                    0.08361431211233139
                ],
                [
                    -0.08558813482522964,
                    0.9922336935997009,
                    -0.09026063978672028
                ],
                [
                    -0.0913759171962738,
                    0.08239404112100601,
                    0.9924019575119019
                ]
            ]
        ],
        [
            0.03135530853271484,
            0.04619943618774414,
            1.0656492919921876,
            null,
            null,
            null,
            [
                [
                    0.9923024773597717,
                    0.1131785437464714,
                    0.05026344954967499
                ],
                [
                    -0.10952099412679672,
                    0.991489827632904,
                    -0.07037767767906189
                ],
                [
                    -0.05780094489455223,
                    0.0643310397863388,
                    0.996253252029419
                ]
            ]
        ],
        [
            0.03177598571777344,
            0.038782142639160154,
            1.0677850341796875,
            null,
            null,
            null,
            [
                [
                    0.9929651618003845,
                    0.11769949644804001,
                    0.012922202236950397
                ],
                [
                    -0.11648914217948914,
                    0.990610659122467,
                    -0.07156006246805191
                ],
                [
                    -0.02122345380485058,
                    0.06955134868621826,
                    0.9973526000976562
                ]
            ]
        ],
        [
            0.029757719039916992,
            0.029799386978149413,
            1.0705538330078126,
            null,
            null,
            null,
            [
                [
                    0.9887696504592896,
                    0.14944683015346527,
                    -0.0004999683005735278
                ],
                [
                    -0.14881110191345215,
                    0.9842440485954285,
                    -0.0954931378364563
                ],
                [
                    -0.013779055327177048,
                    0.09449511021375656,
                    0.9954299926757812
                ]
            ]
        ],
        [
            0.026060539245605467,
            0.022221036911010742,
            1.07104150390625,
            null,
            null,
            null,
            [
                [
                    0.987969696521759,
                    0.15221349895000458,
                    0.02733040228486061
                ],
                [
                    -0.15056867897510529,
                    0.9870921969413757,
                    -0.05457163229584694
                ],
                [
                    -0.03528416529297829,
                    0.04980001598596573,
                    0.9981357455253601
                ]
            ]
        ],
        [
            0.01768631362915039,
            0.014457953453063966,
            1.069161376953125,
            null,
            null,
            null,
            [
                [
                    0.993839681148529,
                    0.10741159319877625,
                    0.02730342000722885
                ],
                [
                    -0.10539897531270981,
                    0.9921867847442627,
                    -0.06675659120082855
                ],
                [
                    -0.034260522574186325,
                    0.0634675994515419,
                    0.9973956346511841
                ]
            ]
        ],
        [
            0.009055997848510742,
            0.004369211673736572,
            1.0676864013671874,
            null,
            null,
            null,
            [
                [
                    0.9908092617988586,
                    0.1285521388053894,
                    0.042086802423000336
                ],
                [
                    -0.12448911368846893,
                    0.9883094429969788,
                    -0.08801621943712234
                ],
                [
                    -0.05290945991873741,
                    0.08196794241666794,
                    0.9952295422554016
                ]
            ]
        ],
        [
            0.0017201937437057496,
            -0.000876377284526825,
            1.0643857421875,
            null,
            null,
            null,
            [
                [
                    0.9927098155021667,
                    0.10619883984327316,
                    0.05700032413005829
                ],
                [
                    -0.10366108268499374,
                    0.9935585856437683,
                    -0.045778676867485046
                ],
                [
                    -0.06149480491876602,
                    0.03953622654080391,
                    0.9973240494728088
                ]
            ]
        ],
        [
            -0.006288398742675781,
            -0.006907421112060547,
            1.059998779296875,
            null,
            null,
            null,
            [
                [
                    0.9951490759849548,
                    0.08202345669269562,
                    0.054318297654390335
                ],
                [
                    -0.07901575416326523,
                    0.9953337907791138,
                    -0.055382173508405685
                ],
                [
                    -0.058607473969459534,
                    0.050821516662836075,
                    0.9969866275787354
                ]
            ]
        ],
        [
            -0.012833555221557618,
            -0.016277599334716796,
            1.05832373046875,
            null,
            null,
            null,
            [
                [
                    0.9958315491676331,
                    0.07795550674200058,
                    0.04735518619418144
                ],
                [
                    -0.07409118860960007,
                    0.9941565990447998,
                    -0.0785055011510849
                ],
                [
                    -0.05319840833544731,
                    0.07466965168714523,
                    0.9957883358001709
                ]
            ]
        ],
        [
            -0.02030721664428711,
            -0.018621660232543944,
            1.0552724609375,
            null,
            null,
            null,
            [
                [
                    0.995983898639679,
                    0.0795847550034523,
                    0.04101663455367088
                ],
                [
                    -0.07612726092338562,
                    0.9938918948173523,
                    -0.07989722490310669
                ],
                [
                    -0.047124702483415604,
                    0.07645386457443237,
                    0.9959588646888733
                ]
            ]
        ],
        [
            -0.026965299606323243,
            -0.024227052688598632,
            1.055083740234375,
            null,
            null,
            null,
            [
                [
                    0.9926161766052246,
                    0.1135186031460762,
                    0.042739320546388626
                ],
                [
                    -0.10885019600391388,
                    0.9891060590744019,
                    -0.09910020232200623
                ],
                [
                    -0.053523436188697815,
                    0.09371627867221832,
                    0.9941592216491699
                ]
            ]
        ],
        [
            -0.03266980361938476,
            -0.02773467254638672,
            1.0545106201171874,
            null,
            null,
            null,
            [
                [
                    0.9958788156509399,
                    0.08317442238330841,
                    0.03615725412964821
                ],
                [
                    -0.08048082888126373,
                    0.9942619204521179,
                    -0.07047023624181747
                ],
                [
                    -0.041811101138591766,
                    0.06726984679698944,
                    0.9968583583831787
                ]
            ]
        ],
        [
            -0.043049678802490235,
            -0.03594026947021484,
            1.0542255859375,
            null,
            null,
            null,
            [
                [
                    0.9957157969474792,
                    0.0814003124833107,
                    0.04386448115110397
                ],
                [
                    -0.07622820138931274,
                    0.9911267161369324,
                    -0.10889001935720444
                ],
                [
                    -0.052338939160108566,
                    0.10507979989051819,
                    0.993085503578186
                ]
            ]
        ],
        [
            -0.04655660629272461,
            -0.043325401306152346,
            1.0569102783203126,
            null,
            null,
            null,
            [
                [
                    0.9909573197364807,
                    0.09773696959018707,
                    0.0919296070933342
                ],
                [
                    -0.08776900172233582,
                    0.9903936386108398,
                    -0.10685060918331146
                ],
                [
                    -0.10148975253105164,
                    0.09781582653522491,
                    0.9900161027908325
                ]
            ]
        ],
        [
            -0.044681583404541016,
            -0.0555399055480957,
            1.0728453369140625,
            null,
            null,
            null,
            [
                [
                    0.8996822237968445,
                    0.42145612835884094,
                    0.11378324031829834
                ],
                [
                    -0.407746821641922,
                    0.904384970664978,
                    -0.12581850588321686
                ],
                [
                    -0.15593084692955017,
                    0.06680192053318024,
                    0.985506534576416
                ]
            ]
        ],
        [
            -0.041865364074707034,
            -0.06665264129638672,
            1.13022802734375,
            null,
            null,
            null,
            [
                [
                    0.42985862493515015,
                    0.9028164744377136,
                    0.011999075300991535
                ],
                [
                    -0.8946117758750916,
                    0.4276730418205261,
                    -0.12948176264762878
                ],
                [
                    -0.12202995270490646,
                    0.04492433741688728,
                    0.991509199142456
                ]
            ]
        ],
        [
            -0.04021585083007812,
            -0.0802728271484375,
            1.2000006103515626,
            null,
            null,
            null,
            [
                [
                    0.2373996078968048,
                    0.9683642983436584,
                    0.07688941806554794
                ],
                [
                    -0.965140700340271,
                    0.2441065013408661,
                    -0.09442133456468582
                ],
                [
                    -0.11020345985889435,
                    -0.051793523132801056,
                    0.9925585985183716
                ]
            ]
        ],
        [
            -0.0455551986694336,
            -0.09003596496582031,
            1.2628204345703125,
            null,
            null,
            null,
            [
                [
                    0.07585861533880234,
                    0.996974527835846,
                    -0.016948005184531212
                ],
                [
                    -0.9925689101219177,
                    0.07387973368167877,
                    -0.09668909758329391
                ],
                [
                    -0.09514445811510086,
                    0.024156764149665833,
                    0.9951703548431396
                ]
            ]
        ],
        [
            -0.05101139831542969,
            -0.097577392578125,
            1.3025970458984375,
            null,
            null,
            null,
            [
                [
                    -0.027056187391281128,
                    0.9992281794548035,
                    -0.028477180749177933
                ],
                [
                    -0.9962641000747681,
                    -0.029291199520230293,
                    -0.08123993873596191
                ],
                [
                    -0.08201137185096741,
                    0.02617274969816208,
                    0.9962876439094543
                ]
            ]
        ],
        [
            -0.05274721908569336,
            -0.10322476959228516,
            1.3216744384765624,
            null,
            null,
            null,
            [
                [
                    -0.0416899211704731,
                    0.9975364804267883,
                    0.0564170777797699
                ],
                [
                    -0.9969534873962402,
                    -0.03780709579586983,
                    -0.06822320073843002
                ],
                [
                    -0.06592217087745667,
                    -0.05908942222595215,
                    0.9960736632347107
                ]
            ]
        ],
        [
            -0.05431064224243164,
            -0.10576181793212891,
            1.3200157470703124,
            null,
            null,
            null,
            [
                [
                    -0.05864519998431206,
                    0.9964809417724609,
                    0.05988757684826851
                ],
                [
                    -0.9976552128791809,
                    -0.05638280138373375,
                    -0.03879440948367119
                ],
                [
                    -0.035281259566545486,
                    -0.06202226132154465,
                    0.9974510073661804
                ]
            ]
        ],
