{
    "radius": 0.9,
    "angular_speed": 12,
    "save_freq": 0.1,
    "pid_gains": {
        "pid_rate": {
            "roll_kp": "50.0",
            "roll_ki": "0.0",
            "roll_kd": "0.0",
            "pitch_kp": "50.0",
            "pitch_ki": "0.0",
            "pitch_kd": "0.0",
            "yaw_kp": "80.0",
            "yaw_ki": "0.0",
            "yaw_kd": "0.0"
        },
        "pid_attitude": {
            "roll_kp": "10.0",
            "roll_ki": "0.5",
            "roll_kd": "0.5",
            "pitch_kp": "13.0",
            "pitch_ki": "0.5",
            "pitch_kd": "1.5",
            "yaw_kp": "8.0",
            "yaw_ki": "0.5",
            "yaw_kd": "0.5"
        },
        "velCtlPid": {
            "vxKp": "15.0",
            "vxKi": "1.0",
            "vxKd": "0.0",
            "vyKp": "10.0",
            "vyKi": "1.0",
            "vyKd": "0.0",
            "vzKp": "12.5",
            "vzKi": "0.5",
            "vzKd": "0.0"
        },
        "posCtlPid": {
            "xKp": "1.5",
            "xKi": "0.20000000298023224",
            "xKd": "0.20000000298023224",
            "yKp": "1.5",
            "yKi": "0.20000000298023224",
            "yKd": "0.20000000298023224",
            "zKp": "5.0",
            "zKi": "0.5",
            "zKd": "0.0"
        }
    },
    "pose": [
        [
            0.08517373657226562,
            0.1182838363647461,
            0.2584327087402344,
            null,
            null,
            null,
            [
                [
                    0.9972388744354248,
                    0.012314808554947376,
                    0.07323198765516281
                ],
                [
                    -0.01250972505658865,
                    0.9999192953109741,
                    0.0022035373840481043
                ],
                [
                    -0.07319894433021545,
                    -0.003113565267995,
                    0.9973124861717224
                ]
            ]
        ],
        [
            0.08557091522216796,
            0.11820867919921875,
            0.25844842529296874,
            null,
            null,
            null,
            [
                [
                    0.9970911741256714,
                    0.013490302488207817,
                    0.07501432299613953
                ],
                [
                    -0.013615238480269909,
                    0.9999066591262817,
                    0.0011543307919055223
                ],
                [
                    -0.07499174773693085,
                    -0.0021723108366131783,
                    0.99718177318573
                ]
            ]
        ],
        [
            0.08119939422607422,
            0.11597586059570313,
            0.2726820068359375,
            null,
            null,
            null,
            [
                [
                    0.9989245533943176,
                    0.03656594827771187,
                    0.02850702591240406
                ],
                [
                    -0.03706271946430206,
                    0.9991666674613953,
                    0.017096973955631256
                ],
                [
                    -0.027858104556798935,
                    -0.018135135993361473,
                    0.9994473457336426
                ]
            ]
        ],
        [
            0.0773184814453125,
            0.1083511962890625,
            0.34784378051757814,
            null,
            null,
            null,
            [
                [
                    0.9999340772628784,
                    -0.008076835423707962,
                    -0.008157629519701004
                ],
                [
                    0.007759764790534973,
                    0.9992408156394958,
                    -0.03817892074584961
                ],
                [
                    0.008459800854325294,
                    0.038113102316856384,
                    0.999237596988678
                ]
            ]
        ],
        [
            0.06423458862304687,
            0.10409619903564453,
            0.45087591552734374,
            null,
            null,
            null,
            [
                [
                    0.9898699522018433,
                    0.04070524498820305,
                    0.13601666688919067
                ],
                [
                    -0.03378427028656006,
                    0.9980328679084778,
                    -0.05281072109937668
                ],
                [
                    -0.137898787856102,
                    0.04768052324652672,
                    0.9892979860305786
                ]
            ]
        ],
        [
            0.04458428192138672,
            0.09432018280029297,
            0.5636348266601563,
            null,
            null,
            null,
            [
                [
                    0.9843844771385193,
                    0.07606064528226852,
                    -0.15875114500522614
                ],
                [
                    -0.08808711171150208,
                    0.9936403632164001,
                    -0.07013905048370361
                ],
                [
                    0.1524067372083664,
                    0.08302772045135498,
                    0.9848241209983826
                ]
            ]
        ],
        [
            0.020536291122436524,
            0.07277621459960938,
            0.6970380249023438,
            null,
            null,
            null,
            [
                [
                    0.9996459484100342,
                    0.02543025277554989,
                    -0.007829367183148861
                ],
                [
                    -0.02622147463262081,
                    0.9914902448654175,
                    -0.12751273810863495
                ],
                [
                    0.004520060494542122,
                    0.12767289578914642,
                    0.9918060302734375
                ]
            ]
        ],
        [
            0.004084763050079346,
            0.05334206390380859,
            0.81156787109375,
            null,
            null,
            null,
            [
                [
                    0.9982846975326538,
                    -0.04301074519753456,
                    0.03972054645419121
                ],
                [
                    0.0467982292175293,
                    0.9938916563987732,
                    -0.09994661808013916
                ],
                [
                    -0.03517914190888405,
                    0.10163403302431107,
                    0.9941996335983276
                ]
            ]
        ],
        [
            -0.011779544830322265,
            0.019289379119873048,
            0.9394503784179687,
            null,
            null,
            null,
            [
                [
                    0.996752142906189,
                    -0.009395233355462551,
                    0.07998069375753403
                ],
                [
                    0.017162490636110306,
                    0.9951375126838684,
                    -0.09698840230703354
                ],
                [
                    -0.07868055999279022,
                    0.09804606437683105,
                    0.9920666813850403
                ]
            ]
        ],
        [
            -0.022701967239379884,
            -0.002180644750595093,
            1.04983642578125,
            null,
            null,
            null,
            [
                [
                    0.9912872314453125,
                    0.03931678831577301,
                    0.12571310997009277
                ],
                [
                    -0.03474319353699684,
                    0.9986594319343567,
                    -0.03836987912654877
                ],
                [
                    -0.1270531564950943,
                    0.03366789594292641,
                    0.9913243651390076
                ]
            ]
        ],
        [
            -0.019256376266479493,
            -0.014487366676330566,
            1.12997607421875,
            null,
            null,
            null,
            [
                [
                    0.9667264223098755,
                    0.02224879525601864,
                    0.2548431158065796
                ],
                [
                    -0.03161695599555969,
                    0.998964250087738,
                    0.03272286057472229
                ],
                [
                    -0.25385111570358276,
                    -0.039691414684057236,
                    0.9664285778999329
                ]
            ]
        ],
        [
            -0.014422744750976562,
            -0.020395544052124022,
            1.17260205078125,
            null,
            null,
            null,
            [
                [
                    0.9804650545120239,
                    0.017092389985919,
                    0.19594915211200714
                ],
                [
                    -0.02786652371287346,
                    0.9982393980026245,
                    0.05235978960990906
                ],
                [
                    -0.19470921158790588,
                    -0.056797366589307785,
                    0.9792152047157288
                ]
            ]
        ],
        [
            -0.006043882846832276,
            -0.02117932891845703,
            1.1796820068359375,
            null,
            null,
            null,
            [
                [
                    0.985214352607727,
                    0.014933183789253235,
                    0.17067420482635498
                ],
                [
                    -0.02383110113441944,
                    0.9984545707702637,
                    0.05020463466644287
                ],
                [
                    -0.16966073215007782,
                    -0.05352967977523804,
                    0.9840476512908936
                ]
            ]
        ],
        [
            0.00224878454208374,
            -0.023268754959106446,
            1.16680615234375,
            null,
            null,
            null,
            [
                [
                    0.9929418563842773,
                    0.03997461870312691,
                    0.11166217923164368
                ],
                [
                    -0.03443197160959244,
                    0.9980981349945068,
                    -0.051133181899785995
                ],
                [
                    -0.11349383741617203,
                    0.04692752659320831,
                    0.9924298524856567
                ]
            ]
        ],
        [
            0.006175691604614258,
            -0.021170461654663086,
            1.14372021484375,
            null,
            null,
            null,
            [
                [
                    0.9959152340888977,
                    0.07224231958389282,
                    0.05416494607925415
                ],
                [
                    -0.06913496553897858,
                    0.9959660172462463,
                    -0.05720173567533493
                ],
                [
                    -0.058078832924366,
                    0.0532233864068985,
                    0.9968922138214111
                ]
            ]
        ],
        [
            0.00606649398803711,
            -0.014010392189025878,
            1.1189127197265625,
            null,
            null,
            null,
            [
                [
                    0.9959546327590942,
                    0.08956068009138107,
                    0.0072974697686731815
                ],
                [
                    -0.08921270817518234,
                    0.9952532649040222,
                    -0.03888411447405815
                ],
                [
                    -0.010745318606495857,
                    0.03807578608393669,
                    0.9992170929908752
                ]
            ]
        ],
        [
            -0.0002794998288154602,
            -0.009853206634521484,
            1.0968092041015625,
            null,
            null,
            null,
            [
                [
                    0.9943910241127014,
                    0.10377176105976105,
                    -0.020442591980099678
                ],
                [
                    -0.10485335439443588,
                    0.9925585389137268,
                    -0.061913978308439255
                ],
                [
                    0.013865547254681587,
                    0.06371017545461655,
                    0.9978721141815186
                ]
            ]
        ],
        [
            -0.010032129287719727,
            -0.005142474174499511,
            1.0818055419921875,
            null,
            null,
            null,
            [
                [
                    0.9905855059623718,
                    0.13495658338069916,
                    -0.022959208115935326
                ],
                [
                    -0.13530920445919037,
                    0.9906964302062988,
                    -0.014561589807271957
                ],
                [
                    0.020780423656105995,
                    0.01753109134733677,
                    0.999630331993103
                ]
            ]
        ],
        [
            -0.024763559341430662,
            0.0009793741703033446,
            1.075900146484375,
            null,
            null,
            null,
            [
                [
                    0.9942101240158081,
                    0.10714168846607208,
                    0.008179977536201477
                ],
                [
                    -0.10665372759103775,
                    0.993217408657074,
                    -0.04630496725440025
                ],
                [
                    -0.013085688464343548,
                    0.04516444355249405,
                    0.9988938570022583
                ]
            ]
        ],
        [
            -0.03552521896362305,
            0.005892632484436035,
            1.07822021484375,
            null,
            null,
            null,
            [
                [
                    0.9909992814064026,
                    0.09704933315515518,
                    0.09220556914806366
                ],
                [
                    -0.09335456043481827,
                    0.9946785569190979,
                    -0.043582916259765625
                ],
                [
                    -0.0959445983171463,
                    0.03458282724022865,
                    0.994785726070404
                ]
            ]
        ],
        [
            -0.039674640655517575,
            0.012985467910766602,
            1.0837930908203126,
            null,
            null,
            null,
            [
                [
                    0.984178364276886,
                    0.11184030771255493,
                    0.13742147386074066
                ],
                [
                    -0.10422836244106293,
                    0.9926553964614868,
                    -0.06141386181116104
                ],
                [
                    -0.14328071475028992,
                    0.04611898213624954,
                    0.9886069297790527
                ]
            ]
        ],
        [
            -0.03622869110107422,
            0.015571826934814454,
            1.089546142578125,
            null,
            null,
            null,
            [
                [
                    0.9784892201423645,
                    0.11579436808824539,
                    0.17073526978492737
                ],
                [
                    -0.09929404407739639,
                    0.9897927641868591,
                    -0.10223003476858139
                ],
                [
                    -0.1808301955461502,
                    0.08307798951864243,
                    0.9799992442131042
                ]
            ]
        ],
        [
            -0.02414979362487793,
            0.02117590141296387,
            1.09067919921875,
            null,
            null,
            null,
            [
                [
                    0.9745295643806458,
                    0.13121381402015686,
                    0.18186549842357635
                ],
                [
                    -0.12140212208032608,
                    0.9905301928520203,
                    -0.06412040442228317
                ],
                [
                    -0.1885567456483841,
                    0.04040837660431862,
                    0.981230616569519
                ]
            ]
        ],
        [
            -0.007816175937652587,
            0.025971271514892577,
            1.0901767578125,
            null,
            null,
            null,
            [
                [
                    0.9802319407463074,
                    0.13588818907737732,
                    0.1438046246767044
                ],
                [
                    -0.12657764554023743,
                    0.9893353581428528,
                    -0.0720667764544487
                ],
                [
                    -0.1520640254020691,
                    0.05243970826268196,
                    0.9869785308837891
                ]
            ]
        ],
        [
            0.009885276794433594,
            0.02730821418762207,
            1.0890704345703126,
            null,
            null,
            null,
            [
                [
                    0.9804554581642151,
                    0.1733536273241043,
                    0.09303557127714157
                ],
                [
                    -0.16469044983386993,
                    0.9818635582923889,
                    -0.0939205065369606
                ],
                [
                    -0.10762969404459,
                    0.07676280289888382,
                    0.991223156452179
                ]
            ]
        ],
        [
            0.026851388931274416,
            0.032383457183837894,
            1.0861627197265624,
            null,
            null,
            null,
            [
                [
                    0.9845287799835205,
                    0.16717243194580078,
                    0.05250219628214836
                ],
                [
                    -0.16526177525520325,
                    0.9854835271835327,
                    -0.03886875882744789
                ],
                [
                    -0.05823783576488495,
                    0.029590805992484093,
                    0.9978640675544739
                ]
            ]
        ],
        [
            0.03641037750244141,
            0.0387015380859375,
            1.082747314453125,
            null,
            null,
            null,
            [
                [
                    0.985576331615448,
                    0.1683795005083084,
                    -0.01696120575070381
                ],
                [
                    -0.16903579235076904,
                    0.9842991232872009,
                    -0.05081481486558914
                ],
                [
                    0.008138725534081459,
                    0.052948929369449615,
                    0.9985640645027161
                ]
            ]
        ],
        [
            0.03791935729980469,
            0.040152698516845706,
            1.079572509765625,
            null,
            null,
            null,
            [
                [
                    0.9853524565696716,
                    0.16584450006484985,
                    -0.039699986577034
                ],
                [
                    -0.16875070333480835,
                    0.9818224906921387,
                    -0.08687831461429596
                ],
                [
                    0.024570049718022346,
                    0.09230516105890274,
                    0.9954276084899902
                ]
            ]
        ],
        [
            0.03384988021850586,
            0.04649724578857422,
            1.07665966796875,
            null,
            null,
            null,
            [
                [
                    0.989976167678833,
                    0.13604718446731567,
                    -0.03792600333690643
                ],
                [
                    -0.13805624842643738,
                    0.9888028502464294,
                    -0.05665140971541405
                ],
                [
                    0.029794074594974518,
                    0.061319466680288315,
                    0.9976733922958374
                ]
            ]
        ],
        [
            0.023658145904541017,
            0.04998831176757813,
            1.0733643798828125,
            null,
            null,
            null,
            [
                [
                    0.9913911819458008,
                    0.13084626197814941,
                    -0.004768610466271639
                ],
                [
                    -0.13071660697460175,
                    0.9870012998580933,
                    -0.09349632263183594
                ],
                [
                    -0.0075270202942192554,
                    0.0933147668838501,
                    0.9956082105636597
                ]
            ]
        ],
        [
            0.012968855857849121,
            0.05113483428955078,
            1.0727139892578126,
            null,
            null,
            null,
            [
                [
                    0.991711437702179,
                    0.11948561668395996,
                    0.047240208834409714
                ],
                [
                    -0.11611372232437134,
                    0.9908615946769714,
                    -0.06863636523485184
                ],
                [
                    -0.055009566247463226,
                    0.06258223205804825,
                    0.9965226650238037
                ]
            ]
        ],
        [
            0.006642321586608887,
            0.056015209197998045,
            1.072863525390625,
            null,
            null,
            null,
            [
                [
                    0.9850995540618896,
                    0.12779101729393005,
                    0.11510153114795685
                ],
                [
                    -0.11842098087072372,
                    0.9893282651901245,
                    -0.08488854765892029
                ],
                [
                    -0.12472118437290192,
                    0.06999323517084122,
                    0.9897199273109436
                ]
            ]
        ],
        [
            0.008848431587219239,
            0.05598919677734375,
            1.0735782470703126,
            null,
            null,
            null,
            [
                [
                    0.9799512624740601,
                    0.1375671774148941,
                    0.14412076771259308
                ],
                [
                    -0.12326984107494354,
                    0.9869223833084106,
                    -0.10386909544467926
                ],
                [
                    -0.15652498602867126,
                    0.08402091264724731,
                    0.9840937256813049
                ]
            ]
        ],
        [
            0.016716793060302736,
            0.057247257232666014,
            1.0732769775390625,
            null,
            null,
            null,
            [
                [
                    0.9778590202331543,
                    0.13741473853588104,
                    0.15782558917999268
                ],
                [
                    -0.12662960588932037,
                    0.9889944195747375,
                    -0.0765179693698883
                ],
                [
                    -0.16660332679748535,
                    0.0548383928835392,
                    0.9844979047775269
                ]
            ]
        ],
        [
            0.026945175170898436,
            0.057657367706298826,
            1.0728734130859374,
            null,
            null,
            null,
            [
                [
                    0.9817759990692139,
                    0.14420068264007568,
                    0.12378210574388504
                ],
                [
                    -0.13207314908504486,
                    0.986062228679657,
                    -0.10118263214826584
                ],
                [
                    -0.13664746284484863,
                    0.0829903855919838,
                    0.9871373176574707
                ]
            ]
        ],
        [
            0.038291866302490235,
            0.05351432037353516,
            1.0722703857421876,
            null,
            null,
            null,
            [
                [
                    0.9851118326187134,
                    0.1516382247209549,
                    0.0809968039393425
                ],
                [
                    -0.14226731657981873,
                    0.9835742115974426,
                    -0.11109369248151779
                ],
                [
                    -0.09651242196559906,
                    0.09791652113199234,
                    0.9905037879943848
                ]
            ]
        ],
        [
            0.04704928207397461,
            0.053376750946044924,
            1.069396484375,
            null,
            null,
            null,
            [
                [
                    0.98659747838974,
                    0.15822425484657288,
                    0.03988097235560417
                ],
                [
                    -0.15522149205207825,
                    0.9854230880737305,
                    -0.0696246325969696
                ],
                [
                    -0.050315938889980316,
                    0.06250110268592834,
                    0.99677574634552
                ]
            ]
        ],
        [
            0.050186386108398436,
            0.051631988525390624,
            1.0647271728515626,
            null,
            null,
            null,
            [
                [
                    0.9881892800331116,
                    0.1531538963317871,
                    -0.005084111355245113
                ],
                [
                    -0.1530342549085617,
                    0.9846189022064209,
                    -0.08429805934429169
                ],
                [
                    -0.007904664613306522,
                    0.08408048003911972,
                    0.996427595615387
                ]
            ]
        ],
        [
            0.046598411560058596,
            0.04547698211669922,
            1.060505859375,
            null,
            null,
            null,
            [
                [
                    0.9875304102897644,
                    0.1560538411140442,
                    -0.020757272839546204
                ],
                [
                    -0.15732337534427643,
                    0.983069121837616,
                    -0.09393829107284546
                ],
                [
                    0.005746402312070131,
                    0.0960325226187706,
                    0.9953616261482239
                ]
            ]
        ],
        [
            0.0351004638671875,
            0.04430755996704101,
            1.0575289306640625,
            null,
            null,
            null,
            [
                [
                    0.9931082129478455,
                    0.11624449491500854,
                    -0.014942390844225883
                ],
                [
                    -0.11691303551197052,
                    0.9915149807929993,
                    -0.05682743340730667
                ],
                [
                    0.008209728635847569,
                    0.05818274989724159,
                    0.998272180557251
                ]
            ]
        ],
        [
            0.019874128341674804,
            0.03755832672119141,
            1.058974853515625,
            null,
            null,
            null,
            [
                [
                    0.9928755760192871,
                    0.11839529126882553,
                    0.013441042974591255
                ],
                [
                    -0.11608602106571198,
                    0.9865623116493225,
                    -0.11497318744659424
                ],
                [
                    -0.02687271125614643,
                    0.11259375512599945,
                    0.9932776689529419
                ]
            ]
        ],
        [
            0.005183474063873291,
            0.03430145263671875,
            1.060842529296875,
            null,
            null,
            null,
            [
                [
                    0.9919295907020569,
                    0.10474232584238052,
                    0.0714474692940712
                ],
                [
                    -0.0999378114938736,
                    0.9926807284355164,
                    -0.06780391186475754
                ],
                [
                    -0.07802646607160568,
                    0.06011640280485153,
                    0.995137095451355
                ]
            ]
        ],
        [
            -0.006148278713226318,
            0.03032530403137207,
            1.06296435546875,
            null,
            null,
            null,
            [
                [
                    0.9850327968597412,
                    0.1293783336877823,
                    0.11389302462339401
                ],
                [
                    -0.1189531683921814,
                    0.9884372353553772,
                    -0.09403203427791595
                ],
                [
                    -0.1247418150305748,
                    0.07907669991254807,
                    0.989033043384552
                ]
            ]
        ],
        [
            -0.009387136459350586,
            0.020736589431762695,
            1.06364501953125,
            null,
            null,
            null,
            [
                [
                    0.9835510849952698,
                    0.10489362478256226,
                    0.14705298840999603
                ],
                [
                    -0.08723484724760056,
                    0.9887146949768066,
                    -0.12179239839315414
                ],
                [
                    -0.15816868841648102,
                    0.10696090012788773,
                    0.9816017746925354
                ]
            ]
        ],
        [
            -0.0074340877532958986,
            0.010289308547973632,
            1.0623046875,
            null,
            null,
            null,
            [
                [
                    0.9765406847000122,
                    0.14518426358699799,
                    0.1590276062488556
                ],
                [
                    -0.1292136311531067,
                    0.985871434211731,
                    -0.1065894290804863
                ],
                [
                    -0.17225588858127594,
                    0.08354038000106812,
                    0.9815033674240112
                ]
            ]
        ],
        [
            0.0018122297525405883,
            -0.0014932814836502075,
            1.0607276611328125,
            null,
            null,
            null,
            [
                [
                    0.983778178691864,
                    0.11383906751871109,
                    0.13864034414291382
                ],
                [
                    -0.10111062228679657,
                    0.990266740322113,
                    -0.09564760327339172
                ],
                [
                    -0.14817935228347778,
                    0.08007801324129105,
                    0.9857131242752075
                ]
            ]
        ],
        [
            0.01288754940032959,
            -0.020271570205688476,
            1.060840576171875,
            null,
            null,
            null,
            [
                [
                    0.9852426648139954,
                    0.1291678249835968,
                    0.1123058870434761
                ],
                [
                    -0.11974050104618073,
                    0.9889851808547974,
                    -0.08700897544622421
                ],
                [
                    -0.12230762094259262,
                    0.07227738946676254,
                    0.9898569583892822
                ]
            ]
        ],
        [
            0.019372203826904296,
            -0.03157702445983887,
            1.0601727294921874,
            null,
            null,
            null,
            [
                [
                    0.9914366006851196,
                    0.11415120959281921,
                    0.06342652440071106
                ],
                [
                    -0.11216160655021667,
                    0.9931046366691589,
                    -0.034102074801921844
                ],
                [
                    -0.06688196212053299,
                    0.02669602632522583,
                    0.9974036812782288
                ]
            ]
        ],
        [
            0.019852312088012695,
            -0.04418579483032226,
            1.05881396484375,
            null,
            null,
            null,
            [
                [
                    0.9916649460792542,
                    0.12786416709423065,
                    0.015853626653552055
                ],
                [
                    -0.12692014873027802,
                    0.9906202554702759,
                    -0.05062412843108177
                ],
                [
                    -0.022177936509251595,
                    0.048190031200647354,
                    0.998591959476471
                ]
            ]
        ],
        [
            0.013679357528686523,
            -0.05821284484863281,
            1.0561834716796874,
            null,
            null,
            null,
            [
                [
                    0.9902865290641785,
                    0.13903194665908813,
                    -0.0016587218269705772
                ],
                [
                    -0.13900552690029144,
                    0.9896848201751709,
                    -0.03466197848320007
                ],
                [
                    -0.003177510341629386,
                    0.03455585986375809,
                    0.9993976950645447
                ]
            ]
        ],
        [
            0.013843309402465821,
            -0.058791580200195315,
            1.043044677734375,
            null,
            null,
            null,
            [
                [
                    0.9984705448150635,
                    0.03159432113170624,
                    0.04536956548690796
                ],
                [
                    -0.034920621663331985,
                    0.9966094493865967,
                    0.07449958473443985
                ],
                [
                    -0.042861972004175186,
                    -0.07596997916698456,
                    0.9961884617805481
                ]
            ]
        ],
        [
            0.022658721923828125,
            -0.03597304153442383,
            0.9836776123046875,
            null,
            null,
            null,
            [
                [
                    0.9630717039108276,
                    -0.023805812001228333,
                    0.26819053292274475
                ],
                [
                    -0.03844965249300003,
                    0.9737143516540527,
                    0.22450394928455353
                ],
                [
                    -0.26648545265197754,
                    -0.2265252321958542,
                    0.9368414282798767
                ]
            ]
        ],
        [
            0.03931390762329102,
            -0.009657663345336914,
            0.8944894409179688,
            null,
            null,
            null,
            [
                [
                    0.915717601776123,
                    -0.17578519880771637,
                    0.3613319993019104
                ],
                [
                    0.06032165139913559,
                    0.9491807222366333,
                    0.30889686942100525
                ],
                [
                    -0.3972688615322113,
                    -0.26106613874435425,
                    0.8797851800918579
                ]
            ]
        ],
        [
            0.07029890441894532,
            0.023054145812988282,
            0.8002039184570312,
            null,
            null,
            null,
            [
                [
                    0.8663963675498962,
                    -0.3043377995491028,
                    0.3958987593650818
                ],
                [
                    0.21247178316116333,
                    0.942143440246582,
                    0.2592710256576538
                ],
                [
                    -0.4518994092941284,
                    -0.14051416516304016,
                    0.8809328675270081
                ]
            ]
        ],
        [
            0.12128868865966796,
            0.06712002563476563,
            0.7094866333007812,
            null,
            null,
            null,
            [
                [
                    0.8357872366905212,
                    -0.3560372591018677,
                    0.41796785593032837
                ],
                [
                    0.30750012397766113,
                    0.9341970682144165,
                    0.18088535964488983
                ],
                [
                    -0.45486629009246826,
                    -0.022656502202153206,
                    0.8902714848518372
                ]
            ]
        ],
        [
            0.18027447509765626,
            0.11488162994384765,
            0.6318438720703125,
            null,
            null,
            null,
            [
                [
                    0.8634489178657532,
                    -0.36110398173332214,
                    0.35222142934799194
                ],
                [
                    0.339010626077652,
                    0.9324539303779602,
                    0.12490572035312653
                ],
                [
                    -0.3735342025756836,
                    0.011557093821465969,
                    0.9275444149971008
                ]
            ]
        ],
        [
            0.2353436737060547,
            0.1521805419921875,
            0.5856467895507812,
            null,
            null,
            null,
            [
                [
                    0.9038973450660706,
                    -0.36280331015586853,
                    0.22659072279930115
                ],
                [
                    0.3639071583747864,
                    0.9306425452232361,
                    0.03841941058635712
                ],
                [
                    -0.22481365501880646,
                    0.04773078113794327,
                    0.9732320308685303
                ]
            ]
        ],
        [
            0.27998373413085936,
