{
    "radius": 0.275,
    "angular_speed": 13,
    "save_freq": 0.1,
    "pid_gains": {
        "pid_rate": {
            "roll_kp": "50.0",
            "roll_ki": "0.0",
            "roll_kd": "0.0",
            "pitch_kp": "50.0",
            "pitch_ki": "0.0",
            "pitch_kd": "0.0",
            "yaw_kp": "80.0",
            "yaw_ki": "0.0",
            "yaw_kd": "0.0"
        },
        "pid_attitude": {
            "roll_kp": "10.0",
            "roll_ki": "0.5",
            "roll_kd": "0.5",
            "pitch_kp": "13.0",
            "pitch_ki": "0.5",
            "pitch_kd": "1.5",
            "yaw_kp": "8.0",
            "yaw_ki": "0.5",
            "yaw_kd": "0.5"
        },
        "velCtlPid": {
            "vxKp": "15.0",
            "vxKi": "1.0",
            "vxKd": "0.0",
            "vyKp": "10.0",
            "vyKi": "1.0",
            "vyKd": "0.0",
            "vzKp": "12.5",
            "vzKi": "0.5",
            "vzKd": "0.0"
        },
        "posCtlPid": {
            "xKp": "1.5",
            "xKi": "0.20000000298023224",
            "xKd": "0.20000000298023224",
            "yKp": "1.5",
            "yKi": "0.20000000298023224",
            "yKd": "0.20000000298023224",
            "zKp": "5.0",
            "zKi": "0.5",
            "zKd": "0.0"
        }
    },
    "pose": [
        [
            -0.04477970886230469,
            -0.024238700866699218,
            0.26235806274414064,
            null,
            null,
            null,
            [
                [
                    0.9959124326705933,
                    0.05922503024339676,
                    0.0681968554854393
                ],
                [
                    -0.05912454426288605,
                    0.9982445240020752,
                    -0.003492689225822687
                ],
                [
                    -0.06828399002552032,
                    -0.000553695484995842,
                    0.9976657629013062
                ]
            ]
        ],
        [
            -0.04455876159667969,
            -0.024335931777954102,
            0.26224813842773437,
            null,
            null,
            null,
            [
                [
                    0.9956938028335571,
                    0.06212305650115013,
                    0.06880851089954376
                ],
                [
                    -0.06228012219071388,
                    0.9980586767196655,
                    0.00013769374345429242
                ],
                [
                    -0.06866637617349625,
                    -0.004422503523528576,
                    0.9976298809051514
                ]
            ]
        ],
        [
            -0.04602708053588867,
            -0.031903392791748045,
            0.28035812377929686,
            null,
            null,
            null,
            [
                [
                    0.9978844523429871,
                    0.06444094330072403,
                    -0.008604862727224827
                ],
                [
                    -0.06478135287761688,
                    0.9967433214187622,
                    -0.04802233725786209
                ],
                [
                    0.0054822345264256,
                    0.048478178679943085,
                    0.9988092184066772
                ]
            ]
        ],
        [
            -0.04488022613525391,
            -0.03605683135986328,
            0.37948309326171875,
            null,
            null,
            null,
            [
                [
                    0.9946327805519104,
                    0.0722270980477333,
                    0.0740867555141449
                ],
                [
                    -0.07904202491044998,
                    0.9924669861793518,
                    0.09360348433256149
                ],
                [
                    -0.06676794588565826,
                    -0.09895706176757812,
                    0.9928492307662964
                ]
            ]
        ],
        [
            -0.04760110855102539,
            -0.0427518310546875,
            0.5214246826171876,
            null,
            null,
            null,
            [
                [
                    0.9970003366470337,
                    0.06305187195539474,
                    0.04488576948642731
                ],
                [
                    -0.06217195466160774,
                    0.9978500008583069,
                    -0.02073819935321808
                ],
                [
                    -0.04609684646129608,
                    0.01788535714149475,
                    0.9987768530845642
                ]
            ]
        ],
        [
            -0.04867314910888672,
            -0.05311155319213867,
            0.6566541748046875,
            null,
            null,
            null,
            [
                [
                    0.9952436685562134,
                    0.08496131002902985,
                    0.047661781311035156
                ],
                [
                    -0.08231312781572342,
                    0.9950867295265198,
                    -0.055017855018377304
                ],
                [
                    -0.052101995795965195,
                    0.05083297938108444,
                    0.9973471760749817
                ]
            ]
        ],
        [
            -0.04855621337890625,
            -0.06882933807373047,
            0.79240087890625,
            null,
            null,
            null,
            [
                [
                    0.9912860989570618,
                    0.11238686740398407,
                    0.06871000677347183
                ],
                [
                    -0.10754019021987915,
                    0.9916917681694031,
                    -0.07058709859848022
                ],
                [
                    -0.07607221603393555,
                    0.06258292496204376,
                    0.9951363801956177
                ]
            ]
        ],
        [
            -0.047468448638916014,
            -0.07995471954345704,
            0.923259765625,
            null,
            null,
            null,
            [
                [
                    0.9694539904594421,
                    0.050555016845464706,
                    0.24000656604766846
                ],
                [
                    -0.03364931792020798,
                    0.9966886043548584,
                    -0.07402358204126358
                ],
                [
                    -0.2429540753364563,
                    0.06368640065193176,
                    0.9679449200630188
                ]
            ]
        ],
        [
            -0.044766197204589846,
            -0.09467805480957031,
            1.0449515380859375,
            null,
            null,
            null,
            [
                [
                    0.9947528839111328,
                    0.044285282492637634,
                    0.0922250971198082
                ],
                [
                    -0.028917020186781883,
                    0.9864069223403931,
                    -0.16175663471221924
                ],
                [
                    -0.09813490509986877,
                    0.15824100375175476,
                    0.9825117588043213
                ]
            ]
        ],
        [
            -0.04271272277832031,
            -0.10163735198974609,
            1.1365650634765625,
            null,
            null,
            null,
            [
                [
                    0.9880342483520508,
                    0.07306821644306183,
                    0.13582853972911835
                ],
                [
                    -0.08630359917879105,
                    0.9918007254600525,
                    0.09424968808889389
                ],
                [
                    -0.1278281807899475,
                    -0.10484441369771957,
                    0.9862391352653503
                ]
            ]
        ],
        [
            -0.03689892578125,
            -0.10198589324951172,
            1.185232177734375,
            null,
            null,
            null,
            [
                [
                    0.9867277145385742,
                    0.07173503935337067,
                    0.1456795185804367
                ],
                [
                    -0.08349689841270447,
                    0.9935834407806396,
                    0.07629042118787766
                ],
                [
                    -0.1392720490694046,
                    -0.08744166046380997,
                    0.9863859415054321
                ]
            ]
        ],
        [
            -0.030336740493774415,
            -0.09803291320800782,
            1.1949027099609375,
            null,
            null,
            null,
            [
                [
                    0.9877011775970459,
                    0.07579385489225388,
                    0.13675397634506226
                ],
                [
                    -0.08789228647947311,
                    0.9925217032432556,
                    0.08470885455608368
                ],
                [
                    -0.12931087613105774,
                    -0.0956866517663002,
                    0.9869765639305115
                ]
            ]
        ],
        [
            -0.019488540649414063,
            -0.08923944091796875,
            1.1799854736328126,
            null,
            null,
            null,
            [
                [
                    0.987959623336792,
                    0.09376730769872665,
                    0.12305878102779388
                ],
                [
                    -0.09967438876628876,
                    0.9941015839576721,
                    0.042744144797325134
                ],
                [
                    -0.11832492798566818,
                    -0.054495297372341156,
                    0.991478443145752
                ]
            ]
        ],
        [
            -0.008569877624511718,
            -0.07842225646972656,
            1.1584306640625,
            null,
            null,
            null,
            [
                [
                    0.9872872233390808,
                    0.11884013563394547,
                    0.1055508553981781
                ],
                [
                    -0.11800767481327057,
                    0.9929122924804688,
                    -0.014119833707809448
                ],
                [
                    -0.10648074746131897,
                    0.0014845201512798667,
                    0.994313657283783
                ]
            ]
        ],
        [
            0.0036577839851379395,
            -0.06557301330566406,
            1.1356485595703125,
            null,
            null,
            null,
            [
                [
                    0.9877121448516846,
                    0.13411112129688263,
                    0.0802430585026741
                ],
                [
                    -0.1348269283771515,
                    0.9908628463745117,
                    0.0035451166331768036
                ],
                [
                    -0.07903442531824112,
                    -0.01432048063725233,
                    0.9967690110206604
                ]
            ]
        ],
        [
            0.011313922882080078,
            -0.055395832061767576,
            1.119648193359375,
            null,
            null,
            null,
            [
                [
                    0.9948802590370178,
                    0.09623944014310837,
                    0.030841652303934097
                ],
                [
                    -0.09512787312269211,
                    0.9948252439498901,
                    -0.03568481653928757
                ],
                [
                    -0.034116342663764954,
                    0.03256822004914284,
                    0.9988870620727539
                ]
            ]
        ],
        [
            0.01164687156677246,
            -0.05223938751220703,
            1.10954931640625,
            null,
            null,
            null,
            [
                [
                    0.9911102652549744,
                    0.1318802684545517,
                    -0.017552513629198074
                ],
                [
                    -0.13275998830795288,
                    0.9889593720436096,
                    -0.06583444774150848
                ],
                [
                    0.008676457218825817,
                    0.0675794705748558,
                    0.9976761937141418
                ]
            ]
        ],
        [
            0.0007605780959129333,
            -0.04613599014282226,
            1.1033697509765625,
            null,
            null,
            null,
            [
                [
                    0.9914406538009644,
                    0.11643819510936737,
                    -0.05905565991997719
                ],
                [
                    -0.11978644132614136,
                    0.9911775588989258,
                    -0.05672992020845413
                ],
                [
                    0.051929112523794174,
                    0.0633184164762497,
                    0.9966414570808411
                ]
            ]
        ],
        [
            -0.014580366134643554,
            -0.043850940704345705,
            1.105966552734375,
            null,
            null,
            null,
            [
                [
                    0.9861767292022705,
                    0.16322985291481018,
                    -0.028485992923378944
                ],
                [
                    -0.16519148647785187,
                    0.9819475412368774,
                    -0.09214569628238678
                ],
                [
                    0.012930821627378464,
                    0.09557758271694183,
                    0.995337963104248
                ]
            ]
        ],
        [
            -0.030463787078857423,
            -0.04040169525146484,
            1.110745361328125,
            null,
            null,
            null,
            [
                [
                    0.9907429814338684,
                    0.1271001696586609,
                    0.04768544062972069
                ],
                [
                    -0.12339825928211212,
                    0.9896035194396973,
                    -0.07387614995241165
                ],
                [
                    -0.0565793514251709,
                    0.0673079788684845,
                    0.9961267113685608
                ]
            ]
        ],
        [
            -0.04112314224243164,
            -0.033648849487304684,
            1.1161905517578126,
            null,
            null,
            null,
            [
                [
                    0.9797711968421936,
                    0.11699404567480087,
                    0.1623600274324417
                ],
                [
                    -0.11374875158071518,
                    0.9930810928344727,
                    -0.029174821451306343
                ],
                [
                    -0.16464996337890625,
                    0.010116400197148323,
                    0.9863001704216003
                ]
            ]
        ],
        [
            -0.039206924438476565,
            -0.021572513580322264,
            1.1179112548828125,
            null,
            null,
            null,
            [
                [
                    0.9577403664588928,
                    0.15594032406806946,
                    0.2416941076517105
                ],
                [
                    -0.15670660138130188,
                    0.9875127673149109,
                    -0.01617264188826084
                ],
                [
                    -0.24119798839092255,
                    -0.022385871037840843,
                    0.9702177047729492
                ]
            ]
        ],
        [
            -0.023450218200683593,
            -0.013263077735900878,
            1.112358154296875,
            null,
            null,
            null,
            [
                [
                    0.9563115835189819,
                    0.11068596690893173,
                    0.2705860435962677
                ],
                [
                    -0.10996223986148834,
                    0.9937748908996582,
                    -0.01788257621228695
                ],
                [
                    -0.27088096737861633,
                    -0.012652929872274399,
                    0.962529718875885
                ]
            ]
        ],
        [
            -0.0013995733261108398,
            -0.0024357020854949953,
            1.106908935546875,
            null,
            null,
            null,
            [
                [
                    0.9654325842857361,
                    0.13761281967163086,
                    0.22136546671390533
                ],
                [
                    -0.13322271406650543,
                    0.9904779195785522,
                    -0.03471596911549568
                ],
                [
                    -0.22403496503829956,
                    0.004025020636618137,
                    0.9745727777481079
                ]
            ]
        ],
        [
            0.0218434944152832,
            0.003115516185760498,
            1.1011614990234375,
            null,
            null,
            null,
            [
                [
                    0.9747294783592224,
                    0.17494332790374756,
                    0.1389145702123642
                ],
                [
                    -0.162039116024971,
                    0.9817646741867065,
                    -0.09940551221370697
                ],
                [
                    -0.1537717580795288,
                    0.07438389211893082,
                    0.9853026270866394
                ]
            ]
        ],
        [
            0.03848446273803711,
            0.006277935028076172,
            1.097396484375,
            null,
            null,
            null,
            [
                [
                    0.9883158206939697,
                    0.14748625457286835,
                    0.03846656531095505
                ],
                [
                    -0.14332705736160278,
                    0.9851367473602295,
                    -0.09467294812202454
                ],
                [
                    -0.051857784390449524,
                    0.08805347234010696,
                    0.9947649836540222
                ]
            ]
        ],
        [
            0.04122482681274414,
            0.006831187725067139,
            1.095017333984375,
            null,
            null,
            null,
            [
                [
                    0.9883241653442383,
                    0.13973039388656616,
                    -0.06075194105505943
                ],
                [
                    -0.1467466801404953,
                    0.9802222847938538,
                    -0.1327766478061676
                ],
                [
                    0.040997475385665894,
                    0.14014151692390442,
                    0.9892823696136475
                ]
            ]
        ],
        [
            0.03085646629333496,
            0.0019231792688369752,
            1.0961148681640625,
            null,
            null,
            null,
            [
                [
                    0.986534833908081,
                    0.13975045084953308,
                    -0.08496381342411041
                ],
                [
                    -0.1481160968542099,
                    0.9837202429771423,
                    -0.10176502913236618
                ],
                [
                    0.06935891509056091,
                    0.11297925561666489,
                    0.9911735653877258
                ]
            ]
        ],
        [
            0.010204704284667968,
            0.003016918897628784,
            1.09740478515625,
            null,
            null,
            null,
            [
                [
                    0.9889739155769348,
                    0.13398469984531403,
                    -0.06307683885097504
                ],
                [
                    -0.13658921420574188,
                    0.9898617267608643,
                    -0.038949914276599884
                ],
                [
                    0.05721865966916084,
                    0.04713606461882591,
                    0.9972483515739441
                ]
            ]
        ],
        [
            -0.010760392189025879,
            -0.0019784179925918578,
            1.0975274658203125,
            null,
            null,
            null,
            [
                [
                    0.9906401038169861,
                    0.13210974633693695,
                    0.034338824450969696
                ],
                [
                    -0.13042642176151276,
                    0.9903264045715332,
                    -0.04735548421740532
                ],
                [
                    -0.04026276618242264,
                    0.04243355244398117,
                    0.9982876777648926
                ]
            ]
        ],
        [
            -0.023001502990722657,
            0.0007713866829872131,
            1.0950528564453126,
            null,
            null,
            null,
            [
                [
                    0.9861564040184021,
                    0.1085297167301178,
                    0.125366672873497
                ],
                [
                    -0.10776600986719131,
                    0.9940928816795349,
                    -0.012878035195171833
                ],
                [
                    -0.12602375447750092,
                    -0.0008105076849460602,
                    0.9920268654823303
                ]
            ]
        ],
        [
            -0.025650508880615236,
            0.0012128971815109253,
            1.09362060546875,
            null,
            null,
            null,
            [
                [
                    0.9767419099807739,
                    0.11156059801578522,
                    0.18311052024364471
                ],
                [
                    -0.10175037384033203,
                    0.9928664565086365,
                    -0.062153298407793045
                ],
                [
                    -0.188738152384758,
                    0.04207616671919823,
                    0.9811256527900696
                ]
            ]
        ],
        [
            -0.014249651908874512,
            0.0029811334609985353,
            1.0902945556640624,
            null,
            null,
            null,
            [
                [
                    0.9674815535545349,
                    0.11521812528371811,
                    0.22517596185207367
                ],
                [
                    -0.10228309035301208,
                    0.9924057722091675,
                    -0.06832937896251678
                ],
                [
                    -0.2313387095928192,
                    0.043075717985630035,
                    0.9719191789627075
                ]
            ]
        ],
        [
            0.008209102630615235,
            -0.0004721878468990326,
            1.0864993896484374,
            null,
            null,
            null,
            [
                [
                    0.971701443195343,
                    0.1148839071393013,
                    0.20639269053936005
                ],
                [
                    -0.09241806715726852,
                    0.9890100359916687,
                    -0.11540408432483673
                ],
                [
                    -0.2173825055360794,
                    0.09306390583515167,
                    0.9716398119926453
                ]
            ]
        ],
        [
            0.032260780334472654,
            -0.01302090072631836,
            1.0877442626953124,
            null,
            null,
            null,
            [
                [
                    0.9860433340072632,
                    0.1277616322040558,
                    0.10674986988306046
                ],
                [
                    -0.1117454320192337,
                    0.9831738471984863,
                    -0.14450660347938538
                ],
                [
                    -0.12341608107089996,
                    0.130560964345932,
                    0.9837287664413452
                ]
            ]
        ],
        [
            0.0494031982421875,
            -0.03334540176391602,
            1.0868800048828124,
            null,
            null,
            null,
            [
                [
                    0.9965175986289978,
                    0.07471069693565369,
                    0.03702683374285698
                ],
                [
                    -0.0689295157790184,
                    0.9879798293113708,
                    -0.13836409151554108
                ],
                [
                    -0.046919044107198715,
                    0.13533000648021698,
                    0.98968905210495
                ]
            ]
        ],
        [
            0.05144288635253906,
            -0.055236351013183596,
            1.0871187744140625,
            null,
            null,
            null,
            [
                [
                    0.9974170327186584,
                    0.06901374459266663,
                    -0.019907962530851364
                ],
                [
                    -0.07051341980695724,
                    0.9935839176177979,
                    -0.08842405676841736
                ],
                [
                    0.013677757233381271,
                    0.08959944546222687,
                    0.9958839416503906
                ]
            ]
        ],
        [
            0.042015399932861325,
            -0.08102867126464844,
            1.0864315185546876,
            null,
            null,
            null,
            [
                [
                    0.9949789643287659,
                    0.08523990958929062,
                    -0.05244999751448631
                ],
                [
                    -0.08793670684099197,
                    0.9947962164878845,
                    -0.05145528167486191
                ],
                [
                    0.0477910116314888,
                    0.055809203535318375,
                    0.9972970485687256
                ]
            ]
        ],
        [
            0.027114246368408205,
            -0.09400076293945313,
            1.08354443359375,
            null,
            null,
            null,
            [
                [
                    0.9962653517723083,
                    0.0862855315208435,
                    -0.0031922522466629744
                ],
                [
                    -0.08597445487976074,
                    0.9947362542152405,
                    0.05575115233659744
                ],
                [
                    0.007985967211425304,
                    -0.05526848882436752,
                    0.998439610004425
                ]
            ]
        ],
        [
            0.012713157653808593,
            -0.10165281677246094,
            1.079582275390625,
            null,
            null,
            null,
            [
                [
                    0.9972866773605347,
                    0.06122276559472084,
                    0.04087879881262779
                ],
                [
                    -0.06363269686698914,
                    0.9961369633674622,
                    0.06051498278975487
                ],
                [
                    -0.03701598942279816,
                    -0.06295201182365417,
                    0.9973298907279968
                ]
            ]
        ],
        [
            0.0055391426086425785,
            -0.10686762237548827,
            1.07851318359375,
            null,
            null,
            null,
            [
                [
                    0.9925345182418823,
                    0.06293138116598129,
                    0.10447438806295395
                ],
                [
                    -0.06703370064496994,
                    0.9970927834510803,
                    0.036227401345968246
                ],
                [
                    -0.10189081728458405,
                    -0.04296025261282921,
                    0.9938675165176392
                ]
            ]
        ],
        [
            0.006032492160797119,
            -0.10110182189941407,
            1.0778028564453126,
            null,
            null,
            null,
            [
                [
                    0.9869929552078247,
                    0.053097620606422424,
                    0.15174183249473572
                ],
                [
                    -0.057708583772182465,
                    0.9979910850524902,
                    0.026143154129385948
                ],
                [
                    -0.1500488519668579,
                    -0.03455991670489311,
                    0.9880743622779846
                ]
            ]
        ],
        [
            0.01924565315246582,
            -0.09642515563964844,
            1.0776551513671875,
            null,
            null,
            null,
            [
                [
                    0.9821653366088867,
                    0.026689184829592705,
                    0.18611538410186768
                ],
                [
                    -0.01960201933979988,
                    0.9990147352218628,
                    -0.039816513657569885
                ],
                [
                    -0.18699467182159424,
                    0.03545815870165825,
                    0.9817208051681519
                ]
            ]
        ],
        [
            0.04136934280395508,
            -0.09068791961669923,
            1.07361767578125,
            null,
            null,
            null,
            [
                [
                    0.9867451786994934,
                    0.03196604922413826,
                    0.15909792482852936
                ],
                [
                    -0.022802414372563362,
                    0.9979919791221619,
                    -0.05909371003508568
                ],
                [
                    -0.16066744923591614,
                    0.054682616144418716,
                    0.9854926466941833
                ]
            ]
        ],
        [
            0.05913407516479492,
            -0.0897133560180664,
            1.0717193603515625,
            null,
            null,
            null,
            [
                [
                    0.9961683750152588,
                    0.01823405921459198,
                    0.08553419262170792
                ],
                [
                    -0.009422698989510536,
                    0.9947080016136169,
                    -0.10230959951877594
                ],
                [
                    -0.08694706112146378,
                    0.10111162811517715,
                    0.991068422794342
                ]
            ]
        ],
        [
            0.07249700164794921,
            -0.09354988861083985,
            1.069345458984375,
            null,
            null,
            null,
            [
                [
                    0.9997121691703796,
                    0.021771345287561417,
                    -0.010077672079205513
                ],
                [
                    -0.022850485518574715,
                    0.9920752048492432,
                    -0.1235499382019043
                ],
                [
                    0.007307960651814938,
                    0.1237446516752243,
                    0.9922871589660645
                ]
            ]
        ],
        [
            0.07899171447753907,
            -0.1025782012939453,
            1.0660125732421875,
            null,
            null,
            null,
            [
                [
                    0.9982559680938721,
                    0.040955010801553726,
                    -0.04251705855131149
                ],
                [
                    -0.04441938176751137,
                    0.9954735040664673,
                    -0.08402007073163986
                ],
                [
                    0.03888356313109398,
                    0.08576211333274841,
                    0.9955565929412842
                ]
            ]
        ],
        [
            0.076753173828125,
            -0.1094252700805664,
            1.06475439453125,
            null,
            null,
            null,
            [
                [
                    0.9977636933326721,
                    0.008486607111990452,
                    -0.06629899144172668
                ],
                [
                    -0.011809584684669971,
                    0.998684823513031,
                    -0.049891095608472824
                ],
                [
                    0.0657883882522583,
                    0.05056248977780342,
                    0.9965516924858093
                ]
            ]
        ],
        [
            0.06663865661621093,
            -0.12283686065673828,
            1.0664827880859375,
            null,
            null,
            null,
            [
                [
                    0.997890293598175,
                    0.03900553658604622,
                    -0.051899783313274384
                ],
                [
                    -0.04128784313797951,
                    0.9981931447982788,
                    -0.04365485534071922
                ],
                [
                    0.05010322853922844,
                    0.045705586671829224,
                    0.9976977109909058
                ]
            ]
        ],
        [
            0.05587429428100586,
            -0.1212475357055664,
            1.067819580078125,
            null,
            null,
            null,
            [
                [
                    0.9997706413269043,
                    0.010900438763201237,
                    0.018434282392263412
                ],
                [
                    -0.011795343831181526,
                    0.9987215399742126,
                    0.04915491119027138
                ],
                [
                    -0.017874905839562416,
                    -0.04936107620596886,
                    0.9986210465431213
                ]
            ]
        ],
        [
            0.05130931091308594,
            -0.1188532943725586,
            1.0733359375,
            null,
            null,
            null,
            [
                [
                    0.9734551906585693,
                    -0.2196921408176422,
                    0.06418969482183456
                ],
                [
                    0.21602679789066315,
                    0.9745773077011108,
                    0.05942637100815773
                ],
                [
                    -0.07561332732439041,
                    -0.043982215225696564,
                    0.9961667656898499
                ]
            ]
        ],
        [
            0.054017784118652344,
            -0.1066781005859375,
            1.086927978515625,
            null,
            null,
            null,
            [
                [
                    0.8516932725906372,
                    -0.5179732441902161,
                    0.07951304316520691
                ],
                [
                    0.5091422200202942,
                    0.8538215756416321,
                    0.10845677554607391
                ],
                [
                    -0.12406765669584274,
                    -0.05188845470547676,
                    0.9909161329269409
                ]
            ]
        ],
        [
            0.05880818557739258,
            -0.09157769775390626,
            1.105518798828125,
            null,
            null,
            null,
            [
                [
                    0.7687687277793884,
                    -0.632592499256134,
                    0.09392227232456207
                ],
                [
                    0.6289198994636536,
                    0.7744575142860413,
                    0.0683765858411789
                ],
                [
                    -0.11599332839250565,
                    0.006503805052489042,
                    0.9932286739349365
                ]
            ]
        ],
        [
            0.06799028015136718,
            -0.07720383453369141,
            1.1216636962890625,
            null,
            null,
            null,
            [
                [
                    0.7622846961021423,
                    -0.6411544680595398,
                    0.08856040239334106
                ],
                [
                    0.6424283385276794,
                    0.7661558389663696,
                    0.017061132937669754
                ],
                [
                    -0.07878988981246948,
                    0.04388827085494995,
                    0.995924711227417
                ]
            ]
        ],
        [
            0.07351467895507813,
            -0.06373940277099609,
            1.13164013671875,
            null,
            null,
            null,
            [
                [
                    0.7475066184997559,
                    -0.6603912115097046,
                    0.07153541594743729
                ],
                [
                    0.6629508137702942,
                    0.7484443783760071,
                    -0.01808956451714039
                ],
                [
                    -0.041594091802835464,
                    0.06094653159379959,
                    0.9972739815711975
                ]
            ]
        ],
        [
            0.08021747589111328,
            -0.052055198669433596,
            1.138157470703125,
            null,
            null,
            null,
            [
                [
                    0.7328557372093201,
                    -0.679746150970459,
                    0.02945634536445141
                ],
                [
                    0.6803553104400635,
                    0.7325354814529419,
                    -0.022546924650669098
                ],
                [
                    -0.00625163409858942,
                    0.0365644246339798,
                    0.9993117451667786
                ]
            ]
        ],
        [
            0.08077594757080078,
            -0.0377184944152832,
            1.140072509765625,
            null,
            null,
            null,
            [
                [
                    0.7303277850151062,
                    -0.6830459833145142,
                    0.008339931257069111
                ],
                [
                    0.6829957962036133,
                    0.7303752899169922,
                    0.008286056108772755
                ],
                [
                    -0.01175103709101677,
                    -0.00035539883538149297,
                    0.9999309182167053
                ]
            ]
        ],
