{
    "radius": 0.5,
    "angular_speed": 10,
    "save_freq": 0.1,
    "pid_gains": {
        "pid_rate": {
            "roll_kp": "50.0",
            "roll_ki": "0.0",
            "roll_kd": "0.0",
            "pitch_kp": "50.0",
            "pitch_ki": "0.0",
            "pitch_kd": "0.0",
            "yaw_kp": "80.0",
            "yaw_ki": "0.0",
            "yaw_kd": "0.0"
        },
        "pid_attitude": {
            "roll_kp": "10.0",
            "roll_ki": "0.5",
            "roll_kd": "0.5",
            "pitch_kp": "13.0",
            "pitch_ki": "0.5",
            "pitch_kd": "1.5",
            "yaw_kp": "8.0",
            "yaw_ki": "0.5",
            "yaw_kd": "0.5"
        },
        "velCtlPid": {
            "vxKp": "15.0",
            "vxKi": "1.0",
            "vxKd": "0.0",
            "vyKp": "10.0",
            "vyKi": "1.0",
            "vyKd": "0.0",
            "vzKp": "12.5",
            "vzKi": "0.5",
            "vzKd": "0.0"
        },
        "posCtlPid": {
            "xKp": "1.5",
            "xKi": "0.20000000298023224",
            "xKd": "0.20000000298023224",
            "yKp": "1.5",
            "yKi": "0.20000000298023224",
            "yKd": "0.20000000298023224",
            "zKp": "5.0",
            "zKi": "0.5",
            "zKd": "0.0"
        }
    },
    "pose": [
        [
            0.323208984375,
            0.14062576293945311,
            0.2592073669433594,
            null,
            null,
            null,
            [
                [
                    0.9983668923377991,
                    -0.05491196736693382,
                    0.015756044536828995
                ],
                [
                    0.05447101965546608,
                    0.9981456398963928,
                    0.027169231325387955
                ],
                [
                    -0.01721874251961708,
                    -0.026266613975167274,
                    0.9995066523551941
                ]
            ]
        ],
        [
            0.3246553955078125,
            0.14042979431152344,
            0.2591799621582031,
            null,
            null,
            null,
            [
                [
                    0.9980299472808838,
                    -0.058832187205553055,
                    0.021794257685542107
                ],
                [
                    0.05817637965083122,
                    0.9978675842285156,
                    0.02959330379962921
                ],
                [
                    -0.02348882332444191,
                    -0.028267093002796173,
                    0.999324381351471
                ]
            ]
        ],
        [
            0.3178814392089844,
            0.1281064453125,
            0.2799126892089844,
            null,
            null,
            null,
            [
                [
                    0.9972075819969177,
                    -0.05853957682847977,
                    -0.04636961221694946
                ],
                [
                    0.0549081526696682,
                    0.9955906867980957,
                    -0.07605474442243576
                ],
                [
                    0.050617367029190063,
                    0.07329629361629486,
                    0.9960248470306396
                ]
            ]
        ],
        [
            0.30293850708007813,
            0.12933253479003906,
            0.3754704895019531,
            null,
            null,
            null,
            [
                [
                    0.9879063367843628,
                    -0.06740978360176086,
                    -0.13963183760643005
                ],
                [
                    0.05679818242788315,
                    0.9952837824821472,
                    -0.07863950729370117
                ],
                [
                    0.14427436888217926,
                    0.06975763291120529,
                    0.9870758652687073
                ]
            ]
        ],
        [
            0.2625187683105469,
            0.1182832260131836,
            0.509770263671875,
            null,
            null,
            null,
            [
                [
                    0.9899283647537231,
                    -0.08287874609231949,
                    -0.11477354168891907
                ],
                [
                    0.07138965278863907,
                    0.9923385977745056,
                    -0.10083454102277756
                ],
                [
                    0.12225125730037689,
                    0.09162532538175583,
                    0.988260805606842
                ]
            ]
        ],
        [
            0.215610107421875,
            0.09914614105224609,
            0.6381495971679687,
            null,
            null,
            null,
            [
                [
                    0.9881482720375061,
                    -0.04710289463400841,
                    -0.14609703421592712
                ],
                [
                    0.03419617563486099,
                    0.995387852191925,
                    -0.08963055908679962
                ],
                [
                    0.14964506030082703,
                    0.08357232064008713,
                    0.9852015376091003
                ]
            ]
        ],
        [
            0.16675076293945312,
            0.07026091766357422,
            0.7766781616210937,
            null,
            null,
            null,
            [
                [
                    0.9962528347969055,
                    -0.061270821839571,
                    -0.06104224920272827
                ],
                [
                    0.054970383644104004,
                    0.9934648275375366,
                    -0.10002917051315308
                ],
                [
                    0.06677220016717911,
                    0.09629882872104645,
                    0.9931102991104126
                ]
            ]
        ],
        [
            0.12227597045898438,
            0.041177055358886716,
            0.9178564453125,
            null,
            null,
            null,
            [
                [
                    0.9963613152503967,
                    -0.07870478928089142,
                    0.03270518034696579
                ],
                [
                    0.08086372166872025,
                    0.9941940903663635,
                    -0.07098723202943802
                ],
                [
                    -0.026928262785077095,
                    0.07337359338998795,
                    0.9969409108161926
                ]
            ]
        ],
        [
            0.09167361450195312,
            0.014609061241149902,
            1.046795654296875,
            null,
            null,
            null,
            [
                [
                    0.9947193264961243,
                    -0.06299038976430893,
                    0.0810287669301033
                ],
                [
                    0.049671076238155365,
                    0.9863483905792236,
                    0.15700218081474304
                ],
                [
                    -0.08981221914291382,
                    -0.1521483063697815,
                    0.9842686057090759
                ]
            ]
        ],
        [
            0.07293135833740234,
            -0.0009129301309585571,
            1.1470994873046876,
            null,
            null,
            null,
            [
                [
                    0.9906656742095947,
                    -0.05251098424196243,
                    0.12579388916492462
                ],
                [
                    0.0444081611931324,
                    0.9968060255050659,
                    0.06637544184923172
                ],
                [
                    -0.12887753546237946,
                    -0.06016959622502327,
                    0.989833414554596
                ]
            ]
        ],
        [
            0.06882870483398437,
            -0.009016788482666016,
            1.193322021484375,
            null,
            null,
            null,
            [
                [
                    0.9895216226577759,
                    -0.05841685086488724,
                    0.13203953206539154
                ],
                [
                    0.04447712376713753,
                    0.9933536648750305,
                    0.10616154223680496
                ],
                [
                    -0.13736356794834137,
                    -0.09917640686035156,
                    0.9855431318283081
                ]
            ]
        ],
        [
            0.06698541259765625,
            -0.013333568572998047,
            1.1982454833984375,
            null,
            null,
            null,
            [
                [
                    0.9902623891830444,
                    -0.051102690398693085,
                    0.12949500977993011
                ],
                [
                    0.040941499173641205,
                    0.995957612991333,
                    0.07995123416185379
                ],
                [
                    -0.13305726647377014,
                    -0.07387097924947739,
                    0.988351583480835
                ]
            ]
        ],
        [
            0.06698541259765625,
            -0.013333568572998047,
            1.1982454833984375,
            null,
            null,
            null,
            [
                [
                    0.9902623891830444,
                    -0.051102690398693085,
                    0.12949500977993011
                ],
                [
                    0.040941499173641205,
                    0.995957612991333,
                    0.07995123416185379
                ],
                [
                    -0.13305726647377014,
                    -0.07387097924947739,
                    0.988351583480835
                ]
            ]
        ],
        [
            0.06698541259765625,
            -0.013333568572998047,
            1.1982454833984375,
            null,
            null,
            null,
            [
                [
                    0.9902623891830444,
                    -0.051102690398693085,
                    0.12949500977993011
                ],
                [
                    0.040941499173641205,
                    0.995957612991333,
                    0.07995123416185379
                ],
                [
                    -0.13305726647377014,
                    -0.07387097924947739,
                    0.988351583480835
                ]
            ]
        ],
        [
            0.061182125091552735,
            0.003077954053878784,
            1.117892578125,
            null,
            null,
            null,
            [
                [
                    0.9953580498695374,
                    -0.026073932647705078,
                    -0.0926416665315628
                ],
                [
                    0.02658676914870739,
                    0.999637246131897,
                    0.004305640235543251
                ],
                [
                    0.09249579161405563,
                    -0.006748696323484182,
                    0.9956902265548706
                ]
            ]
        ],
        [
            0.0430655403137207,
            0.014898931503295899,
            1.091194580078125,
            null,
            null,
            null,
            [
                [
                    0.9897934198379517,
                    0.0389704555273056,
                    -0.13707751035690308
                ],
                [
                    -0.041307710111141205,
                    0.9990448951721191,
                    -0.014246420003473759
                ],
                [
                    0.13639140129089355,
                    0.019763370975852013,
                    0.9904578924179077
                ]
            ]
        ],
        [
            0.020393959045410158,
            0.017701051712036134,
            1.078828125,
            null,
            null,
            null,
            [
                [
                    0.9931116104125977,
                    0.01291333045810461,
                    -0.11645857989788055
                ],
                [
                    -0.025311175733804703,
                    0.9940848350524902,
                    -0.10561589151620865
                ],
                [
                    0.11440585553646088,
                    0.10783606767654419,
                    0.9875640273094177
                ]
            ]
        ],
        [
            -0.005778958797454834,
            0.025532276153564452,
            1.08073779296875,
            null,
            null,
            null,
            [
                [
                    0.9980385899543762,
                    -0.0005156152765266597,
                    -0.06259925663471222
                ],
                [
                    -0.0033607191871851683,
                    0.9980827569961548,
                    -0.06180191785097122
                ],
                [
                    0.06251110881567001,
                    0.06189107894897461,
                    0.9961234331130981
                ]
            ]
        ],
        [
            -0.034778018951416016,
            0.030183773040771484,
            1.090052001953125,
            null,
            null,
            null,
            [
                [
                    0.9995630979537964,
                    0.0236734040081501,
                    -0.017696339637041092
                ],
                [
                    -0.024832265451550484,
                    0.9973474144935608,
                    -0.06842134892940521
                ],
                [
                    0.016029631718993187,
                    0.06883089244365692,
                    0.9974995255470276
                ]
            ]
        ],
        [
            -0.05092341613769531,
            0.037393028259277344,
            1.10094775390625,
            null,
            null,
            null,
            [
                [
                    0.9964157342910767,
                    0.060679856687784195,
                    0.05893787741661072
                ],
                [
                    -0.05907945707440376,
                    0.9978455305099487,
                    -0.028528816998004913
                ],
                [
                    -0.060542020946741104,
                    0.024944543838500977,
                    0.9978539347648621
                ]
            ]
        ],
        [
            -0.05547566223144531,
            0.04651491546630859,
            1.109947265625,
            null,
            null,
            null,
            [
                [
                    0.9946601986885071,
                    0.010189556516706944,
                    0.10270006954669952
                ],
                [
                    -0.0056390282697975636,
                    0.9989933967590332,
                    -0.04450223594903946
                ],
                [
                    -0.10305014252662659,
                    0.04368547350168228,
                    0.9937163591384888
                ]
            ]
        ],
        [
            -0.05404346466064453,
            0.05537747573852539,
            1.1153382568359376,
            null,
            null,
            null,
            [
                [
                    0.9939489364624023,
                    0.007966011762619019,
                    0.1095539927482605
                ],
                [
                    -0.0009031472145579755,
                    0.9979258179664612,
                    -0.06436831504106522
                ],
                [
                    -0.10983951389789581,
                    0.06387987732887268,
                    0.9918944835662842
                ]
            ]
        ],
        [
            -0.04764362716674805,
            0.06650713348388672,
            1.1146090087890625,
            null,
            null,
            null,
            [
                [
                    0.9960399270057678,
                    0.029633820056915283,
                    0.08382286131381989
                ],
                [
                    -0.025869859382510185,
                    0.9986229538917542,
                    -0.045639101415872574
                ],
                [
                    -0.08505989611148834,
                    0.04328988492488861,
                    0.9954349994659424
                ]
            ]
        ],
        [
            -0.04174324035644531,
            0.07812134552001954,
            1.1102955322265624,
            null,
            null,
            null,
            [
                [
                    0.9993023872375488,
                    0.020885217934846878,
                    0.030961133539676666
                ],
                [
                    -0.01890912652015686,
                    0.9978470802307129,
                    -0.06279871612787247
                ],
                [
                    -0.03220603987574577,
                    0.062169454991817474,
                    0.9975458383560181
                ]
            ]
        ],
        [
            -0.041477134704589844,
            0.08278256988525391,
            1.104412841796875,
            null,
            null,
            null,
            [
                [
                    0.9996160268783569,
                    0.024518746882677078,
                    -0.012906414456665516
                ],
                [
                    -0.025897523388266563,
                    0.9923686981201172,
                    -0.12055587023496628
                ],
                [
                    0.00985204242169857,
                    0.12084382772445679,
                    0.9926226139068604
                ]
            ]
        ],
        [
            -0.049246131896972654,
            0.08555328369140625,
            1.1000155029296874,
            null,
            null,
            null,
            [
                [
                    0.9980315566062927,
                    0.04403997212648392,
                    -0.0446479469537735
                ],
                [
                    -0.04764872416853905,
                    0.9953866600990295,
                    -0.08327668905258179
                ],
                [
                    0.04077446833252907,
                    0.0852401852607727,
                    0.9955257773399353
                ]
            ]
        ],
        [
            -0.06297809600830079,
            0.08901806640625,
            1.1014232177734375,
            null,
            null,
            null,
            [
                [
                    0.9991363883018494,
                    0.014662842266261578,
                    -0.03887741640210152
                ],
                [
                    -0.018150655552744865,
                    0.9956914186477661,
                    -0.09093491733074188
                ],
                [
                    0.03737654536962509,
                    0.09156203269958496,
                    0.9950976967811584
                ]
            ]
        ],
        [
            -0.08043772888183594,
            0.08665828704833985,
            1.10550439453125,
            null,
            null,
            null,
            [
                [
                    0.9998354315757751,
                    0.011507494375109673,
                    -0.01402251422405243
                ],
                [
                    -0.012597816996276379,
                    0.9966891407966614,
                    -0.08032433688640594
                ],
                [
                    0.013051756657660007,
                    0.08048777282238007,
                    0.996670126914978
                ]
            ]
        ],
        [
            -0.09654255676269531,
            0.09051680755615234,
            1.1101256103515624,
            null,
            null,
            null,
            [
                [
                    0.9964361786842346,
                    0.06526653468608856,
                    0.05343439802527428
                ],
                [
                    -0.0627153068780899,
                    0.9968714118003845,
                    -0.04810642823576927
                ],
                [
                    -0.05640696361660957,
                    0.04458383098244667,
                    0.9974119067192078
                ]
            ]
        ],
        [
            -0.10219915008544922,
            0.09170969390869141,
            1.110748779296875,
            null,
            null,
            null,
            [
                [
                    0.9937750697135925,
                    0.04656777158379555,
                    0.10120569169521332
                ],
                [
                    -0.038153134286403656,
                    0.9957732558250427,
                    -0.08354581147432327
                ],
                [
                    -0.10466846823692322,
                    0.07916443049907684,
                    0.9913513660430908
                ]
            ]
        ],
        [
            -0.10330059814453126,
            0.089179443359375,
            1.1085216064453125,
            null,
            null,
            null,
            [
                [
                    0.9902523159980774,
                    0.027071047574281693,
                    0.13662920892238617
                ],
                [
                    -0.012955300509929657,
                    0.9945799112319946,
                    -0.10316465049982071
                ],
                [
                    -0.13868144154548645,
                    0.10038895905017853,
                    0.9852357506752014
                ]
            ]
        ],
        [
            -0.09576298522949218,
            0.09038450622558594,
            1.1045487060546875,
            null,
            null,
            null,
            [
                [
                    0.9878561496734619,
                    0.05632294714450836,
                    0.14480328559875488
                ],
                [
                    -0.04569130763411522,
                    0.9960810542106628,
                    -0.07572883367538452
                ],
                [
                    -0.14850108325481415,
                    0.06819293648004532,
                    0.9865582585334778
                ]
            ]
        ],
        [
            -0.08126618194580078,
            0.0879914093017578,
            1.0990792236328124,
            null,
            null,
            null,
            [
                [
                    0.9913615584373474,
                    0.02592093124985695,
                    0.1285705864429474
                ],
                [
                    -0.012956615537405014,
                    0.994836151599884,
                    -0.1006636843085289
                ],
                [
                    -0.1305159628391266,
                    0.09812826663255692,
                    0.9865781664848328
                ]
            ]
        ],
        [
            -0.06525510406494141,
            0.0794260025024414,
            1.0952939453125,
            null,
            null,
            null,
            [
                [
                    0.9957294464111328,
                    0.01352444477379322,
                    0.09132355451583862
                ],
                [
                    -0.0019640526734292507,
                    0.9920907020568848,
                    -0.12550771236419678
                ],
                [
                    -0.09229867160320282,
                    0.12479235976934433,
                    0.9878804683685303
                ]
            ]
        ],
        [
            -0.047983272552490235,
            0.07289278411865234,
            1.0913563232421875,
            null,
            null,
            null,
            [
                [
                    0.9972712397575378,
                    0.032475534826517105,
                    0.06629812717437744
                ],
                [
                    -0.02663966454565525,
                    0.9958446025848389,
                    -0.08708561956882477
                ],
                [
                    -0.06885078549385071,
                    0.08508182317018509,
                    0.993992269039154
                ]
            ]
        ],
        [
            -0.03552385711669922,
            0.06325107192993164,
            1.08847705078125,
            null,
            null,
            null,
            [
                [
                    0.9984375834465027,
                    0.05466804653406143,
                    0.011567321605980396
                ],
                [
                    -0.053431231528520584,
                    0.9946221113204956,
                    -0.08872410655021667
                ],
                [
                    -0.01635548658668995,
                    0.08796742558479309,
                    0.9959890842437744
                ]
            ]
        ],
        [
            -0.030423820495605467,
            0.049024936676025394,
            1.0873653564453125,
            null,
            null,
            null,
            [
                [
                    0.9965689778327942,
                    0.07577434182167053,
                    -0.03329489752650261
                ],
                [
                    -0.07871554791927338,
                    0.992033064365387,
                    -0.09835803508758545
                ],
                [
                    0.025576623156666756,
                    0.1006413921713829,
                    0.9945939779281616
                ]
            ]
        ],
        [
            -0.03262606811523437,
            0.037213977813720704,
            1.0845439453125,
            null,
            null,
            null,
            [
                [
                    0.9968135356903076,
                    0.0646660178899765,
                    -0.046701811254024506
                ],
                [
                    -0.0673532634973526,
                    0.9960148930549622,
                    -0.05846305936574936
                ],
                [
                    0.04273512214422226,
                    0.06142228841781616,
                    0.9971965551376343
                ]
            ]
        ],
        [
            -0.04193523406982422,
            0.023493091583251954,
            1.0817471923828126,
            null,
            null,
            null,
            [
                [
                    0.9971622228622437,
                    0.061470117419958115,
                    -0.04346132650971413
                ],
                [
                    -0.06464474648237228,
                    0.9950202107429504,
                    -0.07586736232042313
                ],
                [
                    0.03858132287859917,
                    0.07846161723136902,
                    0.9961702823638916
                ]
            ]
        ],
        [
            -0.05442041397094727,
            0.004297951698303223,
            1.0807059326171875,
            null,
            null,
            null,
            [
                [
                    0.9984744191169739,
                    0.055053774267435074,
                    0.00422639399766922
                ],
                [
                    -0.05445988476276398,
                    0.9945385456085205,
                    -0.08903499692678452
                ],
                [
                    -0.009105023927986622,
                    0.08866900205612183,
                    0.9960195422172546
                ]
            ]
        ],
        [
            -0.06616492462158204,
            -0.01133215045928955,
            1.0792432861328125,
            null,
            null,
            null,
            [
                [
                    0.9976167678833008,
                    0.058252617716789246,
                    0.03697807341814041
                ],
                [
                    -0.05536656081676483,
                    0.9956616759300232,
                    -0.07478184998035431
                ],
                [
                    -0.041173890233039856,
                    0.0725562795996666,
                    0.996514081954956
                ]
            ]
        ],
        [
            -0.0699726791381836,
            -0.026042903900146484,
            1.0826334228515626,
            null,
            null,
            null,
            [
                [
                    0.9883409738540649,
                    0.08385927230119705,
                    0.12708164751529694
                ],
                [
                    -0.0737861841917038,
                    0.9938966035842896,
                    -0.08200666308403015
                ],
                [
                    -0.1331830471754074,
                    0.0716736763715744,
                    0.9884964227676392
                ]
            ]
        ],
        [
            -0.06575751495361327,
            -0.04157093811035156,
            1.0851463623046875,
            null,
            null,
            null,
            [
                [
                    0.9840533137321472,
                    0.08993576467037201,
                    0.1534622460603714
                ],
                [
                    -0.0774557888507843,
                    0.9933263063430786,
                    -0.08546034246683121
                ],
                [
                    -0.1601240187883377,
                    0.07221098989248276,
                    0.9844520688056946
                ]
            ]
        ],
        [
            -0.05420896911621094,
            -0.057200248718261716,
            1.083275390625,
            null,
            null,
            null,
            [
                [
                    0.9770329594612122,
                    0.08123856782913208,
                    0.19699478149414062
                ],
                [
                    -0.06597446650266647,
                    0.9943752288818359,
                    -0.08285697549581528
                ],
                [
                    -0.20261791348457336,
                    0.06795736402273178,
                    0.9768970012664795
                ]
            ]
        ],
        [
            -0.03379522705078125,
            -0.07614947509765625,
            1.0824168701171875,
            null,
            null,
            null,
            [
                [
                    0.9789246320724487,
                    0.0735563188791275,
                    0.19051514565944672
                ],
                [
                    -0.06547524780035019,
                    0.996680736541748,
                    -0.04837849736213684
                ],
                [
                    -0.19344131648540497,
                    0.034884873777627945,
                    0.9804914593696594
                ]
            ]
        ],
        [
            -0.013050970077514648,
            -0.09733221435546875,
            1.0810284423828125,
            null,
            null,
            null,
            [
                [
                    0.9865773916244507,
                    0.06494727730751038,
                    0.14982286095619202
                ],
                [
                    -0.05638723075389862,
                    0.9965623617172241,
                    -0.06069594994187355
                ],
                [
                    -0.1532498449087143,
                    0.05143315717577934,
                    0.9868480563163757
                ]
            ]
        ],
        [
            0.007355123996734619,
            -0.11833539581298828,
            1.080562744140625,
            null,
            null,
            null,
            [
                [
                    0.9935681819915771,
                    0.05699140951037407,
                    0.09784809499979019
                ],
                [
                    -0.052947863936424255,
                    0.9976521134376526,
                    -0.043437596410512924
                ],
                [
                    -0.10009392350912094,
                    0.03797736391425133,
                    0.9942529201507568
                ]
            ]
        ],
        [
            0.018699264526367186,
            -0.13442933654785155,
            1.0830865478515626,
            null,
            null,
            null,
            [
                [
                    0.9989609718322754,
                    0.03689972683787346,
                    0.02674754150211811
                ],
                [
                    -0.03619047626852989,
                    0.9989926218986511,
                    -0.026532530784606934
                ],
                [
                    -0.02769964002072811,
                    0.025536956265568733,
                    0.9992900490760803
                ]
            ]
        ],
        [
            0.020388797760009767,
            -0.15593234252929689,
            1.0857064208984375,
            null,
            null,
            null,
            [
                [
                    0.9988939166069031,
                    0.0387391597032547,
                    -0.02665003202855587
                ],
                [
                    -0.040030986070632935,
                    0.9979575872421265,
                    -0.04978122562170029
                ],
                [
                    0.02466711960732937,
                    0.05079299211502075,
                    0.9984045028686523
                ]
            ]
        ],
        [
            0.011792902946472167,
            -0.1702114562988281,
            1.086791015625,
            null,
            null,
            null,
            [
                [
                    0.9969455003738403,
                    0.053894203156232834,
                    -0.056524693965911865
                ],
                [
                    -0.05315518379211426,
                    0.998481035232544,
                    0.014498348347842693
                ],
                [
                    0.057220209389925,
                    -0.011449483223259449,
                    0.9982959032058716
                ]
            ]
        ],
        [
            0.0016308729648590089,
            -0.1774080047607422,
            1.0852491455078126,
            null,
            null,
            null,
            [
                [
                    0.9889349341392517,
                    -0.14734655618667603,
                    -0.01722327247262001
                ],
                [
                    0.14810247719287872,
                    0.9873106479644775,
                    0.05729999393224716
                ],
                [
                    0.008561763912439346,
                    -0.059216778725385666,
                    0.9982084035873413
                ]
            ]
        ],
        [
            -0.0003874850869178772,
            -0.1649212188720703,
            1.0765264892578126,
            null,
            null,
            null,
            [
                [
                    0.9422839283943176,
                    -0.3041340410709381,
                    0.14001241326332092
                ],
                [
                    0.2784050405025482,
                    0.9440250992774963,
                    0.17693856358528137
                ],
                [
                    -0.18598827719688416,
                    -0.12774619460105896,
                    0.974212110042572
                ]
            ]
        ],
        [
            0.01632828140258789,
            -0.14403401184082032,
            1.061558837890625,
            null,
            null,
            null,
            [
                [
                    0.8041814565658569,
                    -0.5165398120880127,
                    0.29407286643981934
                ],
                [
                    0.4638952314853668,
                    0.8547554016113281,
                    0.23279687762260437
                ],
                [
                    -0.37160924077033997,
                    -0.050791915506124496,
                    0.9269987940788269
                ]
            ]
        ],
        [
            0.04381766510009766,
            -0.10525440216064454,
            1.0455009765625,
            null,
            null,
            null,
            [
                [
                    0.5928896069526672,
                    -0.7394640445709229,
                    0.3188649117946625
                ],
                [
                    0.6933892965316772,
                    0.6701381206512451,
                    0.2648134231567383
                ],
                [
                    -0.4095035493373871,
                    0.06409240514039993,
                    0.9100543856620789
                ]
            ]
        ],
        [
            0.08807624816894531,
            -0.052085460662841795,
            1.0369296875,
            null,
            null,
            null,
            [
                [
                    0.4464605450630188,
                    -0.848867654800415,
                    0.28301358222961426
                ],
                [
                    0.8188239932060242,
                    0.5151208639144897,
                    0.2533334493637085
                ],
                [
                    -0.36083275079727173,
                    0.1186349093914032,
                    0.9250543117523193
                ]
            ]
        ],
        [
            0.1420033874511719,
            0.01636653518676758,
            1.0416524658203126,
            null,
            null,
            null,
            [
                [
                    0.06334438920021057,
                    -0.9896737933158875,
                    0.1285817176103592
                ],
                [
                    0.9615745544433594,
                    0.09501148760318756,
                    0.25757959485054016
                ],
                [
                    -0.26713651418685913,
                    0.10732467472553253,
                    0.9576635360717773
                ]
            ]
        ],
        [
            0.18460667419433593,
            0.08263448333740234,
            1.065251708984375,
            null,
            null,
            null,
            [
                [
                    -0.23968209326267242,
                    -0.9703433513641357,
                    -0.031405847519636154
                ],
                [
                    0.9458279609680176,
                    -0.2406792938709259,
                    0.2179059088230133
                ],
                [
                    -0.21900227665901184,
                    0.02252361737191677,
                    0.9754643440246582
                ]
            ]
        ],
        [
            0.20891738891601563,
