{
    "radius": 0.9,
    "angular_speed": 12,
    "save_freq": 0.1,
    "pid_gains": {
        "pid_rate": {
            "roll_kp": "50.0",
            "roll_ki": "0.0",
            "roll_kd": "0.0",
            "pitch_kp": "50.0",
            "pitch_ki": "0.0",
            "pitch_kd": "0.0",
            "yaw_kp": "80.0",
            "yaw_ki": "0.0",
            "yaw_kd": "0.0"
        },
        "pid_attitude": {
            "roll_kp": "10.0",
            "roll_ki": "0.5",
            "roll_kd": "0.5",
            "pitch_kp": "13.0",
            "pitch_ki": "0.5",
            "pitch_kd": "1.5",
            "yaw_kp": "8.0",
            "yaw_ki": "0.5",
            "yaw_kd": "0.5"
        },
        "velCtlPid": {
            "vxKp": "15.0",
            "vxKi": "1.0",
            "vxKd": "0.0",
            "vyKp": "10.0",
            "vyKi": "1.0",
            "vyKd": "0.0",
            "vzKp": "12.5",
            "vzKi": "0.5",
            "vzKd": "0.0"
        },
        "posCtlPid": {
            "xKp": "1.5",
            "xKi": "0.20000000298023224",
            "xKd": "0.20000000298023224",
            "yKp": "1.5",
            "yKi": "0.20000000298023224",
            "yKd": "0.20000000298023224",
            "zKp": "5.0",
            "zKi": "0.5",
            "zKd": "0.0"
        }
    },
    "pose": [
        [
            0.012701373100280761,
            -0.04703058624267578,
            0.25987109375,
            null,
            null,
            null,
            [
                [
                    0.9878931641578674,
                    -0.13611184060573578,
                    0.0744357630610466
                ],
                [
                    0.1357206106185913,
                    0.9906934499740601,
                    0.010312894359230995
                ],
                [
                    -0.07514673471450806,
                    -8.557023829780519e-05,
                    0.997172474861145
                ]
            ]
        ],
        [
            0.012797621726989747,
            -0.04706119918823242,
            0.25987173461914065,
            null,
            null,
            null,
            [
                [
                    0.9876980781555176,
                    -0.13725809752941132,
                    0.07491787523031235
                ],
                [
                    0.1368553191423416,
                    0.990535318851471,
                    0.010508221574127674
                ],
                [
                    -0.0756511390209198,
                    -0.00012604104995261878,
                    0.9971343278884888
                ]
            ]
        ],
        [
            0.008753270149230956,
            -0.04717793655395508,
            0.27943695068359375,
            null,
            null,
            null,
            [
                [
                    0.9888150095939636,
                    -0.1455533653497696,
                    0.03254317864775658
                ],
                [
                    0.14604634046554565,
                    0.9891881942749023,
                    -0.013309556059539318
                ],
                [
                    -0.030254079028964043,
                    0.01791350170969963,
                    0.9993817210197449
                ]
            ]
        ],
        [
            0.007630717277526855,
            -0.04966112518310547,
            0.3709375,
            null,
            null,
            null,
            [
                [
                    0.9788809418678284,
                    -0.13383087515830994,
                    0.1545361429452896
                ],
                [
                    0.1401805430650711,
                    0.9896436929702759,
                    -0.03090013936161995
                ],
                [
                    -0.148800328373909,
                    0.05191051959991455,
                    0.9875038266181946
                ]
            ]
        ],
        [
            -0.001690738320350647,
            -0.05248412704467773,
            0.4914639282226563,
            null,
            null,
            null,
            [
                [
                    0.9886986613273621,
                    -0.11394575238227844,
                    -0.09742358326911926
                ],
                [
                    0.10994040966033936,
                    0.9928936958312988,
                    -0.045554496347904205
                ],
                [
                    0.10192200541496277,
                    0.0343288816511631,
                    0.9941998720169067
                ]
            ]
        ],
        [
            -0.011454130172729492,
            -0.06340961456298828,
            0.6190363159179687,
            null,
            null,
            null,
            [
                [
                    0.995790958404541,
                    -0.07315477728843689,
                    0.055215489119291306
                ],
                [
                    0.06659317016601562,
                    0.9914135932922363,
                    0.11253660172224045
                ],
                [
                    -0.0629739761352539,
                    -0.10838595777750015,
                    0.9921122789382935
                ]
            ]
        ],
        [
            -0.016050243377685548,
            -0.08224312591552735,
            0.7465825805664063,
            null,
            null,
            null,
            [
                [
                    0.9901344776153564,
                    -0.10217016935348511,
                    0.095890112221241
                ],
                [
                    0.10813822597265244,
                    0.9923690557479858,
                    -0.05924354866147041
                ],
                [
                    -0.08910544961690903,
                    0.06902846693992615,
                    0.9936273097991943
                ]
            ]
        ],
        [
            -0.01541289520263672,
            -0.09911283874511718,
            0.8741935424804688,
            null,
            null,
            null,
            [
                [
                    0.9814633131027222,
                    -0.15919005870819092,
                    0.10671592503786087
                ],
                [
                    0.16547426581382751,
                    0.9847986102104187,
                    -0.05282042548060417
                ],
                [
                    -0.09668520838022232,
                    0.06950005143880844,
                    0.9928855299949646
                ]
            ]
        ],
        [
            -0.011860721588134766,
            -0.11596651458740234,
            1.001778564453125,
            null,
            null,
            null,
            [
                [
                    0.982420027256012,
                    -0.1442582607269287,
                    0.11849244683980942
                ],
                [
                    0.14391599595546722,
                    0.9895232319831848,
                    0.011485554277896881
                ],
                [
                    -0.11890792101621628,
                    0.005769319832324982,
                    0.9928885102272034
                ]
            ]
        ],
        [
            -0.00764761209487915,
            -0.12184581756591797,
            1.1035081787109375,
            null,
            null,
            null,
            [
                [
                    0.9825493097305298,
                    -0.14199523627758026,
                    0.12014225870370865
                ],
                [
                    0.13204756379127502,
                    0.9874094128608704,
                    0.08709827065467834
                ],
                [
                    -0.13099713623523712,
                    -0.06971385329961777,
                    0.9889285564422607
                ]
            ]
        ],
        [
            0.0005066756010055542,
            -0.1195087890625,
            1.164510009765625,
            null,
            null,
            null,
            [
                [
                    0.9792647361755371,
                    -0.12817494571208954,
                    0.15688151121139526
                ],
                [
                    0.1067533791065216,
                    0.9846465587615967,
                    0.1381118893623352
                ],
                [
                    -0.1721753180027008,
                    -0.11850046366453171,
                    0.9779127240180969
                ]
            ]
        ],
        [
            0.013530821800231933,
            -0.11003031158447266,
            1.188782958984375,
            null,
            null,
            null,
            [
                [
                    0.988032877445221,
                    -0.11391657590866089,
                    0.10399038344621658
                ],
                [
                    0.10023657232522964,
                    0.9866375923156738,
                    0.12844793498516083
                ],
                [
                    -0.11723317205905914,
                    -0.11648715287446976,
                    0.9862490296363831
                ]
            ]
        ],
        [
            0.02460660743713379,
            -0.09597679138183594,
            1.1848443603515626,
            null,
            null,
            null,
            [
                [
                    0.9904188513755798,
                    -0.10406593978404999,
                    0.09077881276607513
                ],
                [
                    0.09788348525762558,
                    0.9927261471748352,
                    0.07009711861610413
                ],
                [
                    -0.09741322696208954,
                    -0.06053975969552994,
                    0.993401050567627
                ]
            ]
        ],
        [
            0.033706790924072264,
            -0.08012197875976562,
            1.1665386962890625,
            null,
            null,
            null,
            [
                [
                    0.9945829510688782,
                    -0.08646070212125778,
                    0.05770013853907585
                ],
                [
                    0.08619537204504013,
                    0.9962531328201294,
                    0.0070762052200734615
                ],
                [
                    -0.05809575691819191,
                    -0.002064388245344162,
                    0.9983088970184326
                ]
            ]
        ],
        [
            0.039075023651123045,
            -0.064577392578125,
            1.1447921142578126,
            null,
            null,
            null,
            [
                [
                    0.9968564510345459,
                    -0.07070805877447128,
                    0.03574275225400925
                ],
                [
                    0.07106617838144302,
                    0.9974323511123657,
                    -0.008848669938743114
                ],
                [
                    -0.035025306046009064,
                    0.011360954493284225,
                    0.9993218779563904
                ]
            ]
        ],
        [
            0.03599127197265625,
            -0.050037609100341794,
            1.1250572509765624,
            null,
            null,
            null,
            [
                [
                    0.9981786608695984,
                    -0.05831127241253853,
                    -0.015465058386325836
                ],
                [
                    0.05742944777011871,
                    0.9969747066497803,
                    -0.052376873791217804
                ],
                [
                    0.01847243309020996,
                    0.05139332637190819,
                    0.9985076189041138
                ]
            ]
        ],
        [
            0.02934369468688965,
            -0.04096126174926758,
            1.1135367431640626,
            null,
            null,
            null,
            [
                [
                    0.9986238479614258,
                    -0.037365712225437164,
                    -0.03679954260587692
                ],
                [
                    0.035121023654937744,
                    0.997588574886322,
                    -0.05986254662275314
                ],
                [
                    0.038947612047195435,
                    0.05848773196339607,
                    0.997528076171875
                ]
            ]
        ],
        [
            0.02204446792602539,
            -0.03154330444335938,
            1.1082911376953124,
            null,
            null,
            null,
            [
                [
                    0.9988879561424255,
                    -0.04420039802789688,
                    -0.01640688069164753
                ],
                [
                    0.04303307831287384,
                    0.9969086050987244,
                    -0.06573690474033356
                ],
                [
                    0.019261756911873817,
                    0.06495776027441025,
                    0.9977021217346191
                ]
            ]
        ],
        [
            0.010751995086669922,
            -0.026794055938720703,
            1.109838623046875,
            null,
            null,
            null,
            [
                [
                    0.9978888034820557,
                    -0.05459368973970413,
                    0.03517724573612213
                ],
                [
                    0.05681142956018448,
                    0.9962354898452759,
                    -0.06547751277685165
                ],
                [
                    -0.0314701609313488,
                    0.06733774393796921,
                    0.9972338080406189
                ]
            ]
        ],
        [
            -0.0007696558833122254,
            -0.021296783447265624,
            1.113399169921875,
            null,
            null,
            null,
            [
                [
                    0.9972821474075317,
                    -0.0471499040722847,
                    0.05661497637629509
                ],
                [
                    0.05110211670398712,
                    0.9962005615234375,
                    -0.07051960378885269
                ],
                [
                    -0.05307488143444061,
                    0.07322108745574951,
                    0.9959024786949158
                ]
            ]
        ],
        [
            -0.0015355126857757569,
            -0.016233705520629884,
            1.1199722900390625,
            null,
            null,
            null,
            [
                [
                    0.9939921498298645,
                    -0.0018186946399509907,
                    0.10943619161844254
                ],
                [
                    0.0067075807601213455,
                    0.998994767665863,
                    -0.04432186856865883
                ],
                [
                    -0.10924557596445084,
                    0.044789642095565796,
                    0.9930051565170288
                ]
            ]
        ],
        [
            0.0033381011486053468,
            -0.009745566368103028,
            1.1219847412109376,
            null,
            null,
            null,
            [
                [
                    0.9872700572013855,
                    -0.04945551976561546,
                    0.15116889774799347
                ],
                [
                    0.054081354290246964,
                    0.9981810450553894,
                    -0.026641301810741425
                ],
                [
                    -0.1495763659477234,
                    0.03447757661342621,
                    0.9881488680839539
                ]
            ]
        ],
        [
            0.01107002830505371,
            -0.005431439399719238,
            1.1186650390625,
            null,
            null,
            null,
            [
                [
                    0.9861462116241455,
                    -0.05471988394856453,
                    0.15659309923648834
                ],
                [
                    0.05766117572784424,
                    0.9982337951660156,
                    -0.014298923313617706
                ],
                [
                    -0.15553408861160278,
                    0.02313017100095749,
                    0.9875596761703491
                ]
            ]
        ],
        [
            0.025277090072631837,
            -0.001139467477798462,
            1.1139215087890626,
            null,
            null,
            null,
            [
                [
                    0.9923484921455383,
                    -0.03229979798197746,
                    0.1191689670085907
                ],
                [
                    0.033411700278520584,
                    0.9994146823883057,
                    -0.007343812845647335
                ],
                [
                    -0.11886201798915863,
                    0.01126925926655531,
                    0.9928468465805054
                ]
            ]
        ],
        [
            0.03591153717041016,
            -0.0013409215211868286,
            1.10769873046875,
            null,
            null,
            null,
            [
                [
                    0.9990517497062683,
                    -0.02219235524535179,
                    0.03745768219232559
                ],
                [
                    0.023766331374645233,
                    0.9988301992416382,
                    -0.04211153835058212
                ],
                [
                    -0.03647930920124054,
                    0.04296183958649635,
                    0.9984105229377747
                ]
            ]
        ],
        [
            0.039708118438720706,
            -0.00436238431930542,
            1.1017135009765624,
            null,
            null,
            null,
            [
                [
                    0.9994235634803772,
                    -0.020787058398127556,
                    -0.026841456070542336
                ],
                [
                    0.019073596224188805,
                    0.9978572726249695,
                    -0.06258656829595566
                ],
                [
                    0.028084931895136833,
                    0.06203852593898773,
                    0.9976785182952881
                ]
            ]
        ],
        [
            0.034635276794433595,
            -0.008794821739196778,
            1.0985625,
            null,
            null,
            null,
            [
                [
                    0.9988201856613159,
                    -0.020080136135220528,
                    -0.044215813279151917
                ],
                [
                    0.014973938465118408,
                    0.99349045753479,
                    -0.11292684823274612
                ],
                [
                    0.04619557783007622,
                    0.1121315285563469,
                    0.992618978023529
                ]
            ]
        ],
        [
            0.022399589538574217,
            -0.0169960994720459,
            1.100863525390625,
            null,
            null,
            null,
            [
                [
                    0.999474287033081,
                    -0.007664018776267767,
                    -0.03150174021720886
                ],
                [
                    0.005501283332705498,
                    0.9976581335067749,
                    -0.0681765228509903
                ],
                [
                    0.03195047378540039,
                    0.06796738505363464,
                    0.9971758127212524
                ]
            ]
        ],
        [
            0.008589950561523438,
            -0.01538547706604004,
            1.10391748046875,
            null,
            null,
            null,
            [
                [
                    0.9999743700027466,
                    -0.005102033261209726,
                    0.0050252387300133705
                ],
                [
                    0.005027345381677151,
                    0.9998783469200134,
                    0.014764733612537384
                ],
                [
                    -0.005099957808852196,
                    -0.014739091508090496,
                    0.9998783469200134
                ]
            ]
        ],
        [
            -0.004592594146728516,
            -0.013752935409545898,
            1.1045628662109375,
            null,
            null,
            null,
            [
                [
                    0.9979543089866638,
                    0.005233457311987877,
                    0.06371676176786423
                ],
                [
                    -0.005861946381628513,
                    0.9999359846115112,
                    0.009680846706032753
                ],
                [
                    -0.06366202235221863,
                    -0.010034547187387943,
                    0.9979210495948792
                ]
            ]
        ],
        [
            -0.010050739288330078,
            -0.0104497652053833,
            1.102166259765625,
            null,
            null,
            null,
            [
                [
                    0.9929745197296143,
                    -0.0247562937438488,
                    0.11570984125137329
                ],
                [
                    0.022653326392173767,
                    0.9995540976524353,
                    0.019454509019851685
                ],
                [
                    -0.11613986641168594,
                    -0.016696617007255554,
                    0.9930925369262695
                ]
            ]
        ],
        [
            -0.009605093955993653,
            -0.0021634135246276854,
            1.099151123046875,
            null,
            null,
            null,
            [
                [
                    0.9878302812576294,
                    -0.021551374346017838,
                    0.1540352702140808
                ],
                [
                    0.023014239966869354,
                    0.9997053146362305,
                    -0.007719913963228464
                ],
                [
                    -0.15382349491119385,
                    0.011170969344675541,
                    0.9880352020263672
                ]
            ]
        ],
        [
            -0.0010948461294174195,
            0.002429454326629639,
            1.0966328125,
            null,
            null,
            null,
            [
                [
                    0.9880990982055664,
                    -0.012302560731768608,
                    0.15332579612731934
                ],
                [
                    0.023101693019270897,
                    0.9973593950271606,
                    -0.06885135173797607
                ],
                [
                    -0.15207387506961823,
                    0.07157403975725174,
                    0.9857741594314575
                ]
            ]
        ],
        [
            0.009843218803405761,
            0.011128384590148926,
            1.0932037353515625,
            null,
            null,
            null,
            [
                [
                    0.9914950132369995,
                    -0.05697334185242653,
                    0.11701123416423798
                ],
                [
                    0.05946419760584831,
                    0.9980698227882385,
                    -0.01790495403110981
                ],
                [
                    -0.115765281021595,
                    0.024710653349757195,
                    0.9929691553115845
                ]
            ]
        ],
        [
            0.01597253131866455,
            0.013053924560546874,
            1.09124951171875,
            null,
            null,
            null,
            [
                [
                    0.9947148561477661,
                    0.01360494177788496,
                    0.10177064687013626
                ],
                [
                    -0.011139607056975365,
                    0.9996315240859985,
                    -0.02475365623831749
                ],
                [
                    -0.1020699143409729,
                    0.023489145562052727,
                    0.9944998621940613
                ]
            ]
        ],
        [
            0.021711584091186523,
            0.014339306831359862,
            1.08619921875,
            null,
            null,
            null,
            [
                [
                    0.9991912245750427,
                    -0.0392087958753109,
                    0.00892010610550642
                ],
                [
                    0.03969850391149521,
                    0.9971792697906494,
                    -0.06369873881340027
                ],
                [
                    -0.006397394463419914,
                    0.06400133669376373,
                    0.9979293346405029
                ]
            ]
        ],
        [
            0.018152231216430663,
            0.019016609191894532,
            1.0814912109375,
            null,
            null,
            null,
            [
                [
                    0.9985002875328064,
                    -0.04777995124459267,
                    -0.026724522933363914
                ],
                [
                    0.04729177802801132,
                    0.9987077116966248,
                    -0.018610289320349693
                ],
                [
                    0.027579186484217644,
                    0.01731853000819683,
                    0.9994695782661438
                ]
            ]
        ],
        [
            0.006971123218536377,
            0.02002348518371582,
            1.078227294921875,
            null,
            null,
            null,
            [
                [
                    0.9982059597969055,
                    -0.04247351735830307,
                    -0.04219977185130119
                ],
                [
                    0.04123307019472122,
                    0.9987037777900696,
                    -0.029842987656593323
                ],
                [
                    0.04341260716319084,
                    0.028049424290657043,
                    0.9986633658409119
                ]
            ]
        ],
        [
            -0.010291449546813965,
            0.020088016510009767,
            1.07779638671875,
            null,
            null,
            null,
            [
                [
                    0.9995075464248657,
                    -0.029193421825766563,
                    0.01150677539408207
                ],
                [
                    0.029276087880134583,
                    0.9995462894439697,
                    -0.0070823426358401775
                ],
                [
                    -0.01129479706287384,
                    0.00741572817787528,
                    0.9999086856842041
                ]
            ]
        ],
        [
            -0.02395676803588867,
            0.02401359748840332,
            1.0810518798828126,
            null,
            null,
            null,
            [
                [
                    0.9959851503372192,
                    -0.05957087129354477,
                    0.06682020425796509
                ],
                [
                    0.06090766191482544,
                    0.9979783892631531,
                    -0.01814846321940422
                ],
                [
                    -0.06560400128364563,
                    0.022145463153719902,
                    0.9975999593734741
                ]
            ]
        ],
        [
            -0.031972211837768556,
            0.025953630447387695,
            1.083574951171875,
            null,
            null,
            null,
            [
                [
                    0.9894558191299438,
                    -0.05885615572333336,
                    0.1323373019695282
                ],
                [
                    0.06060006842017174,
                    0.9981198906898499,
                    -0.009185539558529854
                ],
                [
                    -0.13154785335063934,
                    0.017108334228396416,
                    0.9911621809005737
                ]
            ]
        ],
        [
            -0.03398726272583008,
            0.03490624237060547,
            1.0842413330078124,
            null,
            null,
            null,
            [
                [
                    0.9834210872650146,
                    -0.01802622713148594,
                    0.18043850362300873
                ],
                [
                    0.021226372569799423,
                    0.9996495246887207,
                    -0.015820087864995003
                ],
                [
                    -0.18009008467197418,
                    0.0193878635764122,
                    0.9834590554237366
                ]
            ]
        ],
        [
            -0.021054460525512696,
            0.04347372055053711,
            1.0827198486328125,
            null,
            null,
            null,
            [
                [
                    0.9778416752815247,
                    -0.036086633801460266,
                    0.20621205866336823
                ],
                [
                    0.04656181484460831,
                    0.9978477954864502,
                    -0.04617147892713547
                ],
                [
                    -0.2041020691394806,
                    0.054750002920627594,
                    0.9774174094200134
                ]
            ]
        ],
        [
            -0.0038199498653411867,
            0.052296539306640626,
            1.0799429931640625,
            null,
            null,
            null,
            [
                [
                    0.9828760623931885,
                    -0.003797553014010191,
                    0.18422874808311462
                ],
                [
                    0.007849556393921375,
                    0.9997429251670837,
                    -0.021270103752613068
                ],
                [
                    -0.18410061299800873,
                    0.02235199138522148,
                    0.9826532006263733
                ]
            ]
        ],
        [
            0.014805644989013671,
            0.05905703353881836,
            1.0790517578125,
            null,
            null,
            null,
            [
                [
                    0.991489052772522,
                    -0.014928453601896763,
                    0.129331573843956
                ],
                [
                    0.0239738617092371,
                    0.9973514676094055,
                    -0.06866772472858429
                ],
                [
                    -0.12796393036842346,
                    0.07118387520313263,
                    0.9892209768295288
                ]
            ]
        ],
        [
            0.03528308868408203,
            0.0630380630493164,
            1.0802847900390624,
            null,
            null,
            null,
            [
                [
                    0.9962016344070435,
                    0.015548006631433964,
                    0.08567693084478378
                ],
                [
                    -0.009658587165176868,
                    0.9975885152816772,
                    -0.068730428814888
                ],
                [
                    -0.08653894811868668,
                    0.06764185428619385,
                    0.9939494729042053
                ]
            ]
        ],
        [
            0.04693173217773437,
            0.06735648345947266,
            1.0795556640625,
            null,
            null,
            null,
            [
                [
                    0.9991092681884766,
                    0.01893777772784233,
                    0.03771018236875534
                ],
                [
                    -0.01648847758769989,
                    0.9977986216545105,
                    -0.06423455476760864
                ],
                [
                    -0.03884362429380417,
                    0.06355556100606918,
                    0.9972220659255981
                ]
            ]
        ],
        [
            0.05000920867919922,
            0.06972936248779296,
            1.0785108642578125,
            null,
            null,
            null,
            [
                [
                    0.9990758895874023,
                    0.03819052129983902,
                    -0.01971927471458912
                ],
                [
                    -0.039427854120731354,
                    0.9969920516014099,
                    -0.06672519445419312
                ],
                [
                    0.01711169071495533,
                    0.06744102388620377,
                    0.9975765347480774
                ]
            ]
        ],
        [
            0.04845077133178711,
            0.07535540008544922,
            1.0740179443359374,
            null,
            null,
            null,
            [
                [
                    0.9981702566146851,
                    0.053350336849689484,
                    -0.028458407148718834
                ],
                [
                    -0.053889211267232895,
                    0.9983752369880676,
                    -0.01851666159927845
                ],
                [
                    0.027424298226833344,
                    0.02001638151705265,
                    0.9994234442710876
                ]
            ]
        ],
        [
            0.04097208023071289,
            0.08179551696777344,
            1.0691627197265625,
            null,
            null,
            null,
            [
                [
                    0.9988257884979248,
                    0.04610450565814972,
                    -0.014879636466503143
                ],
                [
                    -0.046792805194854736,
                    0.9976620078086853,
                    -0.04980973154306412
                ],
                [
                    0.012548394501209259,
                    0.050447504967451096,
                    0.9986478686332703
                ]
            ]
        ],
        [
            0.042245548248291014,
            0.09384677124023437,
            1.0550106201171876,
            null,
            null,
            null,
            [
                [
                    0.9930027723312378,
                    -0.07146473973989487,
                    0.09401203691959381
                ],
                [
                    0.06776469945907593,
                    0.9968177080154419,
                    0.041981618851423264
                ],
                [
                    -0.09671306610107422,
                    -0.03531716391444206,
                    0.9946855306625366
                ]
            ]
        ],
        [
            0.05840839385986328,
            0.13543060302734375,
            0.9934321899414063,
            null,
            null,
            null,
            [
                [
                    0.9216060042381287,
                    -0.22402340173721313,
                    0.3169478476047516
                ],
                [
                    0.1499628871679306,
                    0.9587222337722778,
                    0.24158398807048798
                ],
                [
                    -0.35798540711402893,
                    -0.17511482536792755,
                    0.9171593189239502
                ]
            ]
        ],
        [
            0.09194891357421875,
            0.17022369384765626,
            0.9069539184570312,
            null,
            null,
            null,
            [
                [
                    0.8235818147659302,
                    -0.3300606310367584,
                    0.4612731635570526
                ],
                [
                    0.21662317216396332,
                    0.9346383213996887,
                    0.2820029556751251
                ],
                [
                    -0.5242016315460205,
                    -0.1323300451040268,
                    0.8412498831748962
                ]
            ]
        ],
        [
            0.1352880401611328,
            0.22531381225585936,
            0.8184658813476563,
            null,
            null,
            null,
            [
                [
                    0.7764555215835571,
                    -0.4939473271369934,
                    0.39132195711135864
                ],
                [
                    0.38871729373931885,
                    0.8641778826713562,
                    0.31952375173568726
                ],
                [
                    -0.49599969387054443,
                    -0.09598236531019211,
                    0.8630015850067139
                ]
            ]
        ],
        [
            0.18374118041992188,
            0.2863830261230469,
            0.7424901123046875,
            null,
            null,
            null,
            [
                [
                    0.6951212882995605,
                    -0.6789748668670654,
                    0.23621919751167297
                ],
                [
                    0.6194013357162476,
                    0.7324483394622803,
                    0.28259769082069397
                ],
                [
                    -0.3648950755596161,
                    -0.050125185400247574,
                    0.9296983480453491
                ]
            ]
        ],
        [
            0.2284229736328125,
            0.34674176025390624,
            0.6817586669921875,
            null,
            null,
            null,
            [
                [
                    0.5443924069404602,
                    -0.837668240070343,
                    0.04414484649896622
                ],
                [
                    0.8122557401657104,
                    0.5395568013191223,
                    0.2216280847787857
                ],
                [
                    -0.20946946740150452,
                    -0.0847957506775856,
                    0.9741315245628357
                ]
            ]
        ],
        [
            0.24924989318847657,
            0.40015994262695315,
            0.632177490234375,
            null,
            null,
            null,
            [
                [
                    0.24086697399616241,
                    -0.958949625492096,
                    -0.1496621072292328
                ],
                [
                    0.9677315950393677,
                    0.22553305327892303,
                    0.11238482594490051
                ],
                [
                    -0.07401763647794724,
                    -0.17190255224704742,
                    0.9823293089866638
                ]
            ]
        ],
        [
