{
    "radius": 0.4,
    "angular_speed": 11,
    "save_freq": 0.1,
    "pid_gains": {
        "pid_rate": {
            "roll_kp": "50.0",
            "roll_ki": "0.0",
            "roll_kd": "0.0",
            "pitch_kp": "50.0",
            "pitch_ki": "0.0",
            "pitch_kd": "0.0",
            "yaw_kp": "80.0",
            "yaw_ki": "0.0",
            "yaw_kd": "0.0"
        },
        "pid_attitude": {
            "roll_kp": "10.0",
            "roll_ki": "0.5",
            "roll_kd": "0.5",
            "pitch_kp": "13.0",
            "pitch_ki": "0.5",
            "pitch_kd": "1.5",
            "yaw_kp": "8.0",
            "yaw_ki": "0.5",
            "yaw_kd": "0.5"
        },
        "velCtlPid": {
            "vxKp": "15.0",
            "vxKi": "1.0",
            "vxKd": "0.0",
            "vyKp": "10.0",
            "vyKi": "1.0",
            "vyKd": "0.0",
            "vzKp": "12.5",
            "vzKi": "0.5",
            "vzKd": "0.0"
        },
        "posCtlPid": {
            "xKp": "1.5",
            "xKi": "0.20000000298023224",
            "xKd": "0.20000000298023224",
            "yKp": "1.5",
            "yKi": "0.20000000298023224",
            "yKd": "0.20000000298023224",
            "zKp": "5.0",
            "zKi": "0.5",
            "zKd": "0.0"
        }
    },
    "pose": [
        [
            0.1393350830078125,
            0.13875337219238282,
            0.2590481262207031,
            null,
            null,
            null,
            [
                [
                    0.9887483716011047,
                    0.14391934871673584,
                    0.04079101234674454
                ],
                [
                    -0.14430876076221466,
                    0.989509642124176,
                    0.006753197405487299
                ],
                [
                    -0.03939118608832359,
                    -0.012563712894916534,
                    0.9991448521614075
                ]
            ]
        ],
        [
            0.13954881286621093,
            0.1388011932373047,
            0.25906964111328123,
            null,
            null,
            null,
            [
                [
                    0.9883736371994019,
                    0.1460697203874588,
                    0.042203810065984726
                ],
                [
                    -0.14644859731197357,
                    0.9891999959945679,
                    0.006012864410877228
                ],
                [
                    -0.040869712829589844,
                    -0.012123646214604378,
                    0.9990909099578857
                ]
            ]
        ],
        [
            0.1335556640625,
            0.12179820251464844,
            0.2878365478515625,
            null,
            null,
            null,
            [
                [
                    0.9874085187911987,
                    0.15606601536273956,
                    -0.025841331109404564
                ],
                [
                    -0.15815727412700653,
                    0.9705674052238464,
                    -0.18161815404891968
                ],
                [
                    -0.0032636665273457766,
                    0.18341830372810364,
                    0.9830295443534851
                ]
            ]
        ],
        [
            0.11939053344726562,
            0.11189746856689453,
            0.3909601745605469,
            null,
            null,
            null,
            [
                [
                    0.9598831534385681,
                    0.1549975574016571,
                    -0.2336665540933609
                ],
                [
                    -0.1745775192975998,
                    0.9824655652046204,
                    -0.06545336544513702
                ],
                [
                    0.21942421793937683,
                    0.1036205142736435,
                    0.9701112508773804
                ]
            ]
        ],
        [
            0.09628913879394531,
            0.1001397705078125,
            0.5052335510253906,
            null,
            null,
            null,
            [
                [
                    0.9819802641868591,
                    0.18745842576026917,
                    -0.023960644379258156
                ],
                [
                    -0.18522915244102478,
                    0.979851484298706,
                    0.0747077465057373
                ],
                [
                    0.03748247027397156,
                    -0.06892332434654236,
                    0.9969175457954407
                ]
            ]
        ],
        [
            0.06217632293701172,
            0.07242240142822266,
            0.6515969848632812,
            null,
            null,
            null,
            [
                [
                    0.984542191028595,
                    0.1714799702167511,
                    -0.03565460443496704
                ],
                [
                    -0.173940971493721,
                    0.9811391830444336,
                    -0.08432334661483765
                ],
                [
                    0.02052236534655094,
                    0.08922168612480164,
                    0.9958003163337708
                ]
            ]
        ],
        [
            0.03520674896240234,
            0.049588912963867186,
            0.7898814086914062,
            null,
            null,
            null,
            [
                [
                    0.9881068468093872,
                    0.14862564206123352,
                    0.03943732753396034
                ],
                [
                    -0.14575830101966858,
                    0.9870025515556335,
                    -0.06767966598272324
                ],
                [
                    -0.04898367449641228,
                    0.06112642586231232,
                    0.9969273805618286
                ]
            ]
        ],
        [
            0.015531285285949707,
            0.027493202209472656,
            0.9234767456054688,
            null,
            null,
            null,
            [
                [
                    0.9845889210700989,
                    0.1497250497341156,
                    0.09037207067012787
                ],
                [
                    -0.150361567735672,
                    0.9886310696601868,
                    0.00023775946465320885
                ],
                [
                    -0.08930903673171997,
                    -0.013822581619024277,
                    0.9959080219268799
                ]
            ]
        ],
        [
            0.0025863339900970457,
            0.010543666839599609,
            1.0470140380859374,
            null,
            null,
            null,
            [
                [
                    0.9830140471458435,
                    0.14970973134040833,
                    0.10616214573383331
                ],
                [
                    -0.15016905963420868,
                    0.9886534214019775,
                    -0.0036994083784520626
                ],
                [
                    -0.10551140457391739,
                    -0.012305699288845062,
                    0.9943419694900513
                ]
            ]
        ],
        [
            -0.0010063581466674804,
            -0.0003909174203872681,
            1.137302734375,
            null,
            null,
            null,
            [
                [
                    0.9757050275802612,
                    0.20342765748500824,
                    0.08134444057941437
                ],
                [
                    -0.19656553864479065,
                    0.9767960906028748,
                    -0.08503789454698563
                ],
                [
                    -0.0967559888958931,
                    0.06698238104581833,
                    0.9930517077445984
                ]
            ]
        ],
        [
            -0.0022691702842712403,
            -0.0066403217315673824,
            1.190330810546875,
            null,
            null,
            null,
            [
                [
                    0.9801060557365417,
                    0.19119730591773987,
                    0.05325184017419815
                ],
                [
                    -0.19209955632686615,
                    0.98129802942276,
                    0.012325949966907501
                ],
                [
                    -0.04989923909306526,
                    -0.022310392931103706,
                    0.9985050559043884
                ]
            ]
        ],
        [
            -0.0027232606410980227,
            -0.008283230781555176,
            1.2071488037109375,
            null,
            null,
            null,
            [
                [
                    0.9824086427688599,
                    0.17340578138828278,
                    0.06930894404649734
                ],
                [
                    -0.17321884632110596,
                    0.9848445653915405,
                    -0.008744213730096817
                ],
                [
                    -0.06977483630180359,
                    -0.003415225073695183,
                    0.9975569248199463
                ]
            ]
        ],
        [
            -0.002552546262741089,
            -0.008332494735717774,
            1.1992913818359374,
            null,
            null,
            null,
            [
                [
                    0.9872949123382568,
                    0.15561653673648834,
                    0.03212784230709076
                ],
                [
                    -0.15451516211032867,
                    0.9873939752578735,
                    -0.03432531654834747
                ],
                [
                    -0.03706442192196846,
                    0.0289249736815691,
                    0.9988941550254822
                ]
            ]
        ],
        [
            -0.002920016288757324,
            -0.001257861614227295,
            1.1756275634765625,
            null,
            null,
            null,
            [
                [
                    0.98073410987854,
                    0.19486215710639954,
                    0.013760839588940144
                ],
                [
                    -0.19405025243759155,
                    0.9799060225486755,
                    -0.046137936413288116
                ],
                [
                    -0.02247486636042595,
                    0.04257875308394432,
                    0.9988402724266052
                ]
            ]
        ],
        [
            -0.005561751842498779,
            0.0024295592308044432,
            1.153239013671875,
            null,
            null,
            null,
            [
                [
                    0.979954183101654,
                    0.19914379715919495,
                    0.005616947542876005
                ],
                [
                    -0.19821196794509888,
                    0.9774303436279297,
                    -0.07308872789144516
                ],
                [
                    -0.020045341923832893,
                    0.07051026076078415,
                    0.9973096251487732
                ]
            ]
        ],
        [
            -0.0138350191116333,
            0.0012249449491500855,
            1.13529296875,
            null,
            null,
            null,
            [
                [
                    0.9714996814727783,
                    0.23296412825584412,
                    -0.04377276077866554
                ],
                [
                    -0.23636463284492493,
                    0.9660060405731201,
                    -0.10470941662788391
                ],
                [
                    0.017891213297843933,
                    0.11207149922847748,
                    0.9935390949249268
                ]
            ]
        ],
        [
            -0.027140953063964843,
            0.00030724400281906126,
            1.1211129150390624,
            null,
            null,
            null,
            [
                [
                    0.9776646494865417,
                    0.205742746591568,
                    -0.04291626438498497
                ],
                [
                    -0.20919889211654663,
                    0.9722558259963989,
                    -0.10466326773166656
                ],
                [
                    0.02019187994301319,
                    0.11130361258983612,
                    0.9935812950134277
                ]
            ]
        ],
        [
            -0.04213676071166992,
            0.0028592917919158935,
            1.1176783447265626,
            null,
            null,
            null,
            [
                [
                    0.9792664647102356,
                    0.20036903023719788,
                    0.02982361987233162
                ],
                [
                    -0.19873641431331635,
                    0.9787645936012268,
                    -0.05023593455553055
                ],
                [
                    -0.039256028831005096,
                    0.043267328292131424,
                    0.9982919692993164
                ]
            ]
        ],
        [
            -0.050606109619140624,
            0.004163176536560059,
            1.11650927734375,
            null,
            null,
            null,
            [
                [
                    0.9733999371528625,
                    0.20326152443885803,
                    0.10572260618209839
                ],
                [
                    -0.2019655406475067,
                    0.9791240096092224,
                    -0.022937286645174026
                ],
                [
                    -0.1081778034567833,
                    0.000974831054918468,
                    0.9941310882568359
                ]
            ]
        ],
        [
            -0.05271677398681641,
            0.008893680572509766,
            1.1209808349609376,
            null,
            null,
            null,
            [
                [
                    0.9618270397186279,
                    0.22884564101696014,
                    0.15006136894226074
                ],
                [
                    -0.22658073902130127,
                    0.9734581708908081,
                    -0.03225467726588249
                ],
                [
                    -0.1534598171710968,
                    -0.002977594267576933,
                    0.988150417804718
                ]
            ]
        ],
        [
            -0.04889078140258789,
            0.012047804832458497,
            1.122758056640625,
            null,
            null,
            null,
            [
                [
                    0.966647207736969,
                    0.22405417263507843,
                    0.12406806647777557
                ],
                [
                    -0.21608507633209229,
                    0.9735270738601685,
                    -0.07451362162828445
                ],
                [
                    -0.13747870922088623,
                    0.04521912708878517,
                    0.989471971988678
                ]
            ]
        ],
        [
            -0.041116607666015624,
            0.017272676467895508,
            1.1184696044921876,
            null,
            null,
            null,
            [
                [
                    0.9721616506576538,
                    0.22080117464065552,
                    0.07841309905052185
                ],
                [
                    -0.21084174513816833,
                    0.9703323245048523,
                    -0.11832543462514877
                ],
                [
                    -0.10221315920352936,
                    0.09849869459867477,
                    0.9898739457130432
                ]
            ]
        ],
        [
            -0.0357829360961914,
            0.020191192626953125,
            1.1149893798828125,
            null,
            null,
            null,
            [
                [
                    0.9731777906417847,
                    0.22736017405986786,
                    0.03510424867272377
                ],
                [
                    -0.2211761623620987,
                    0.9666464328765869,
                    -0.12913478910923004
                ],
                [
                    -0.06329350918531418,
                    0.11790689080953598,
                    0.9910054802894592
                ]
            ]
        ],
        [
            -0.03155928802490234,
            0.022069793701171875,
            1.1100140380859376,
            null,
            null,
            null,
            [
                [
                    0.9704592227935791,
                    0.24056793749332428,
                    0.01832999847829342
                ],
                [
                    -0.23689322173595428,
                    0.9645171761512756,
                    -0.11656847596168518
                ],
                [
                    -0.04572223871946335,
                    0.10878270119428635,
                    0.9930135011672974
                ]
            ]
        ],
        [
            -0.028388023376464844,
            0.022477638244628905,
            1.1063359375,
            null,
            null,
            null,
            [
                [
                    0.9702869057655334,
                    0.2391202747821808,
                    0.036943092942237854
                ],
                [
                    -0.2353220283985138,
                    0.9681256413459778,
                    -0.08576896786689758
                ],
                [
                    -0.0562746524810791,
                    0.07452698051929474,
                    0.9956299066543579
                ]
            ]
        ],
        [
            -0.02272367286682129,
            0.025164094924926758,
            1.1051767578125,
            null,
            null,
            null,
            [
                [
                    0.9653276205062866,
                    0.2504347860813141,
                    0.07365452498197556
                ],
                [
                    -0.2463219165802002,
                    0.9672926068305969,
                    -0.060585036873817444
                ],
                [
                    -0.08641807734966278,
                    0.040341686457395554,
                    0.9954418540000916
                ]
            ]
        ],
        [
            -0.01582838726043701,
            0.026131322860717773,
            1.101205078125,
            null,
            null,
            null,
            [
                [
                    0.9650710821151733,
                    0.23551592230796814,
                    0.11476074159145355
                ],
                [
                    -0.23020216822624207,
                    0.9714287519454956,
                    -0.05773303657770157
                ],
                [
                    -0.1250789314508438,
                    0.029298312962055206,
                    0.9917141199111938
                ]
            ]
        ],
        [
            -0.008628742218017578,
            0.025774717330932617,
            1.0995311279296875,
            null,
            null,
            null,
            [
                [
                    0.9601353406906128,
                    0.2575368881225586,
                    0.1086963415145874
                ],
                [
                    -0.24744774401187897,
                    0.963922917842865,
                    -0.098093181848526
                ],
                [
                    -0.13003750145435333,
                    0.06728606671094894,
                    0.9892233610153198
                ]
            ]
        ],
        [
            0.00010508237034082412,
            0.022476072311401366,
            1.095328125,
            null,
            null,
            null,
            [
                [
                    0.9639928340911865,
                    0.25092005729675293,
                    0.08807354420423508
                ],
                [
                    -0.23566934466362,
                    0.9595234394073486,
                    -0.1541905254125595
                ],
                [
                    -0.12319812178611755,
                    0.12788231670856476,
                    0.9841079115867615
                ]
            ]
        ],
        [
            0.005201467037200928,
            0.015375801086425781,
            1.091993408203125,
            null,
            null,
            null,
            [
                [
                    0.9731206297874451,
                    0.2268603891134262,
                    0.03963024541735649
                ],
                [
                    -0.2196880578994751,
                    0.9660747051239014,
                    -0.13578243553638458
                ],
                [
                    -0.06908942759037018,
                    0.1234263926744461,
                    0.9899457693099976
                ]
            ]
        ],
        [
            0.009338835716247558,
            0.010350968360900879,
            1.0918966064453124,
            null,
            null,
            null,
            [
                [
                    0.9707070589065552,
                    0.23092833161354065,
                    0.06633178889751434
                ],
                [
                    -0.22329454123973846,
                    0.9689967036247253,
                    -0.10575905442237854
                ],
                [
                    -0.08869804441928864,
                    0.08784953504800797,
                    0.9921769499778748
                ]
            ]
        ],
        [
            0.012207688331604004,
            -0.002290104866027832,
            1.090863525390625,
            null,
            null,
            null,
            [
                [
                    0.9715683460235596,
                    0.217707559466362,
                    0.0930502712726593
                ],
                [
                    -0.20842480659484863,
                    0.9729069471359253,
                    -0.10005608201026917
                ],
                [
                    -0.11231222003698349,
                    0.07781733572483063,
                    0.9906212091445923
                ]
            ]
        ],
        [
            0.01776859474182129,
            -0.014422616004943848,
            1.0926358642578125,
            null,
            null,
            null,
            [
                [
                    0.9671344757080078,
                    0.22621701657772064,
                    0.11608967930078506
                ],
                [
                    -0.2182547152042389,
                    0.972817063331604,
                    -0.07740674912929535
                ],
                [
                    -0.1304447501897812,
                    0.04952561855316162,
                    0.9902178645133972
                ]
            ]
        ],
        [
            0.02290811347961426,
            -0.03000388526916504,
            1.0921141357421875,
            null,
            null,
            null,
            [
                [
                    0.9710583686828613,
                    0.20666295289993286,
                    0.11973344534635544
                ],
                [
                    -0.19349195063114166,
                    0.9745838046073914,
                    -0.11290398985147476
                ],
                [
                    -0.1400233507156372,
                    0.0864688977599144,
                    0.9863653182983398
                ]
            ]
        ],
        [
            0.031519643783569334,
            -0.04963773345947266,
            1.0903778076171875,
            null,
            null,
            null,
            [
                [
                    0.9724388718605042,
                    0.19143827259540558,
                    0.13309425115585327
                ],
                [
                    -0.18042656779289246,
                    0.9794168472290039,
                    -0.09049277007579803
                ],
                [
                    -0.14767852425575256,
                    0.0639849454164505,
                    0.9869635105133057
                ]
            ]
        ],
        [
            0.037761466979980465,
            -0.06561707305908203,
            1.0898719482421875,
            null,
            null,
            null,
            [
                [
                    0.9752001166343689,
                    0.20200327038764954,
                    0.09044016152620316
                ],
                [
                    -0.1936674565076828,
                    0.9766398668289185,
                    -0.09309931099414825
                ],
                [
                    -0.10713382810354233,
                    0.0732751414179802,
                    0.991540789604187
                ]
            ]
        ],
        [
            0.03962577819824219,
            -0.08671062469482421,
            1.0893507080078124,
            null,
            null,
            null,
            [
                [
                    0.9815967082977295,
                    0.18188714981079102,
                    0.05818062275648117
                ],
                [
                    -0.17603793740272522,
                    0.9799340963363647,
                    -0.0934872254729271
                ],
                [
                    -0.07401730120182037,
                    0.08152475208044052,
                    0.9939190745353699
                ]
            ]
        ],
        [
            0.03914922332763672,
            -0.09993304443359376,
            1.088081787109375,
            null,
            null,
            null,
            [
                [
                    0.9821058511734009,
                    0.17824923992156982,
                    0.06078880652785301
                ],
                [
                    -0.1779007464647293,
                    0.9839853644371033,
                    -0.011141440831124783
                ],
                [
                    -0.0618012472987175,
                    0.00012769975000992417,
                    0.9980884790420532
                ]
            ]
        ],
        [
            0.03658143615722656,
            -0.11100545501708985,
            1.08552587890625,
            null,
            null,
            null,
            [
                [
                    0.9820535778999329,
                    0.17653751373291016,
                    0.06637240946292877
                ],
                [
                    -0.17545685172080994,
                    0.9842453002929688,
                    -0.021819278597831726
                ],
                [
                    -0.06917865574359894,
                    0.009782206267118454,
                    0.9975563287734985
                ]
            ]
        ],
        [
            0.03245383071899414,
            -0.12305491638183594,
            1.083262451171875,
            null,
            null,
            null,
            [
                [
                    0.9819321632385254,
                    0.17065225541591644,
                    0.08177454769611359
                ],
                [
                    -0.16971752047538757,
                    0.9853228330612183,
                    -0.01830005645751953
                ],
                [
                    -0.08369727432727814,
                    0.00409083953127265,
                    0.9964828491210938
                ]
            ]
        ],
        [
            0.030044937133789064,
            -0.12649443817138672,
            1.0808017578125,
            null,
            null,
            null,
            [
                [
                    0.9816461801528931,
                    0.16967886686325073,
                    0.08706260472536087
                ],
                [
                    -0.1705276072025299,
                    0.9853500723838806,
                    0.002351003000512719
                ],
                [
                    -0.08538822829723358,
                    -0.017154430970549583,
                    0.9962000846862793
                ]
            ]
        ],
        [
            0.03012910461425781,
            -0.1309118194580078,
            1.0798377685546876,
            null,
            null,
            null,
            [
                [
                    0.9808356761932373,
                    0.1606244146823883,
                    0.11027785390615463
                ],
                [
                    -0.15853428840637207,
                    0.9869697690010071,
                    -0.027524664998054504
                ],
                [
                    -0.11326203495264053,
                    0.009514352306723595,
                    0.9935196042060852
                ]
            ]
        ],
        [
            0.033264739990234375,
            -0.1348652801513672,
            1.0791473388671875,
            null,
            null,
            null,
            [
                [
                    0.9791874885559082,
                    0.1631004512310028,
                    0.1207893043756485
                ],
                [
                    -0.16299298405647278,
                    0.9865677356719971,
                    -0.010836531408131123
                ],
                [
                    -0.12093427032232285,
                    -0.009076813235878944,
                    0.9926190376281738
                ]
            ]
        ],
        [
            0.038944595336914065,
            -0.1374635009765625,
            1.07742626953125,
            null,
            null,
            null,
            [
                [
                    0.9791891574859619,
                    0.16924487054347992,
                    0.112003393471241
                ],
                [
                    -0.16675454378128052,
                    0.985501229763031,
                    -0.03130960837006569
                ],
                [
                    -0.11567847430706024,
                    0.011980953626334667,
                    0.9932144284248352
                ]
            ]
        ],
        [
            0.04674688720703125,
            -0.14405224609375,
            1.0759215087890626,
            null,
            null,
            null,
            [
                [
                    0.9762430191040039,
                    0.19551284611225128,
                    0.09340400248765945
                ],
                [
                    -0.1925162523984909,
                    0.9804712533950806,
                    -0.0401703417301178
                ],
                [
                    -0.09943375736474991,
                    0.02123422734439373,
                    0.9948176145553589
                ]
            ]
        ],
        [
            0.054057804107666016,
            -0.14645640563964843,
            1.0715040283203126,
            null,
            null,
            null,
            [
                [
                    0.9823360443115234,
                    0.17363479733467102,
                    0.0697624683380127
                ],
                [
                    -0.17259924113750458,
                    0.9847755432128906,
                    -0.020653722807765007
                ],
                [
                    -0.07228657603263855,
                    0.008247949182987213,
                    0.9973497986793518
                ]
            ]
        ],
        [
            0.0576123046875,
            -0.15263563537597657,
            1.0685843505859376,
            null,
            null,
            null,
            [
                [
                    0.9825855493545532,
                    0.18364232778549194,
                    0.0283037219196558
                ],
                [
                    -0.18227341771125793,
                    0.9822128415107727,
                    -0.04510409012436867
                ],
                [
                    -0.03608329966664314,
                    0.039159610867500305,
                    0.9985812306404114
                ]
            ]
        ],
        [
            0.05760061645507813,
            -0.15584024047851563,
            1.0653890380859374,
            null,
            null,
            null,
            [
                [
                    0.9852874279022217,
                    0.17079991102218628,
                    -0.006006293464452028
                ],
                [
                    -0.17083610594272614,
                    0.9852803349494934,
                    -0.006140381097793579
                ],
                [
                    0.004869106225669384,
                    0.007076132111251354,
                    0.999963104724884
                ]
            ]
        ],
        [
            0.049684566497802736,
            -0.16308279418945312,
            1.0643607177734375,
            null,
            null,
            null,
            [
                [
                    0.9902965426445007,
                    0.13794444501399994,
                    -0.01685633324086666
                ],
                [
                    -0.13835008442401886,
                    0.9900449514389038,
                    -0.02588985487818718
                ],
                [
                    0.013117165304720402,
                    0.027970708906650543,
                    0.9995226860046387
                ]
            ]
        ],
        [
            0.040127960205078125,
            -0.16826577758789063,
            1.0659942626953125,
            null,
            null,
            null,
            [
                [
                    0.987422525882721,
                    0.15766717493534088,
                    0.01174117624759674
                ],
                [
                    -0.15706975758075714,
                    0.9867354035377502,
                    -0.04101639613509178
                ],
                [
                    -0.018052373081445694,
                    0.0386563278734684,
                    0.9990894794464111
                ]
            ]
        ],
        [
            0.03943932723999023,
            -0.17576637268066406,
            1.0904674072265625,
            null,
            null,
            null,
            [
                [
                    0.9829516410827637,
                    0.12905803322792053,
                    0.1309581995010376
                ],
                [
                    -0.12532338500022888,
                    0.9914478063583374,
                    -0.03640454262495041
                ],
                [
                    -0.1345365196466446,
                    0.01937177963554859,
                    0.9907192587852478
                ]
            ]
        ],
        [
            0.05280437469482422,
            -0.18138279724121092,
            1.16824365234375,
            null,
            null,
            null,
            [
                [
                    0.9642286896705627,
                    0.12925870716571808,
                    0.2314201295375824
                ],
                [
                    -0.13387691974639893,
                    0.9909886717796326,
                    0.004295466002076864
                ],
                [
                    -0.22877949476242065,
                    -0.03512362763285637,
                    0.9728444218635559
                ]
            ]
        ],
        [
            0.0866031951904297,
            -0.1813600311279297,
            1.2689178466796875,
            null,
            null,
            null,
            [
                [
                    0.9681060910224915,
                    0.12175434827804565,
                    0.21896691620349884
                ],
                [
                    -0.12760064005851746,
                    0.9917442798614502,
                    0.012704129330813885
                ],
                [
                    -0.21561239659786224,
                    -0.04023926332592964,
                    0.9756495952606201
                ]
            ]
        ],
        [
            0.12466918182373046,
            -0.180600830078125,
            1.35416845703125,
            null,
            null,
            null,
            [
                [
                    0.9758993983268738,
                    0.12102255970239639,
                    0.1815870851278305
                ],
                [
                    -0.12292446941137314,
                    0.992415726184845,
                    -0.0007862414349801838
                ],
                [
                    -0.18030503392219543,
                    -0.02155420370399952,
                    0.9833745360374451
                ]
            ]
        ],
        [
            0.158392333984375,
            -0.17781991577148437,
            1.4158629150390625,
            null,
            null,
            null,
            [
                [
                    0.9831423759460449,
                    0.15580148994922638,
                    0.09569185972213745
                ],
                [
                    -0.1502891331911087,
                    0.9866721034049988,
                    -0.062381014227867126
                ],
                [
                    -0.10413553565740585,
                    0.04694797471165657,
                    0.9934543967247009
                ]
            ]
        ],
        [
            0.1864538116455078,
            -0.1711903076171875,
            1.45464697265625,
            null,
            null,
            null,
            [
                [
                    0.9918797612190247,
                    0.12456746399402618,
                    0.025641852989792824
                ],
                [
                    -0.12558870017528534,
                    0.9911473989486694,
                    0.04306117072701454
                ],
                [
                    -0.020050834864377975,
                    -0.04593183100223541,
                    0.9987433552742004
                ]
            ]
        ],
        [
            0.2018621826171875,
            -0.16483291625976562,
            1.46978759765625,
            null,
            null,
            null,
            [
                [
                    0.9900095462799072,
                    0.13965542614459991,
                    -0.019427964463829994
                ],
                [
                    -0.13878045976161957,
                    0.9894824624061584,
                    0.040797486901283264
                ],
                [
                    0.024921219795942307,
                    -0.037693679332733154,
                    0.9989785552024841
                ]
            ]
        ],
        [
            0.20843363952636718,
