{
    "radius": 0.3,
    "angular_speed": 12,
    "save_freq": 0.1,
    "pid_gains": {
        "pid_rate": {
            "roll_kp": "50.0",
            "roll_ki": "0.0",
            "roll_kd": "0.0",
            "pitch_kp": "50.0",
            "pitch_ki": "0.0",
            "pitch_kd": "0.0",
            "yaw_kp": "80.0",
            "yaw_ki": "0.0",
            "yaw_kd": "0.0"
        },
        "pid_attitude": {
            "roll_kp": "10.0",
            "roll_ki": "0.5",
            "roll_kd": "0.5",
            "pitch_kp": "13.0",
            "pitch_ki": "0.5",
            "pitch_kd": "1.5",
            "yaw_kp": "8.0",
            "yaw_ki": "0.5",
            "yaw_kd": "0.5"
        },
        "velCtlPid": {
            "vxKp": "15.0",
            "vxKi": "1.0",
            "vxKd": "0.0",
            "vyKp": "10.0",
            "vyKi": "1.0",
            "vyKd": "0.0",
            "vzKp": "12.5",
            "vzKi": "0.5",
            "vzKd": "0.0"
        },
        "posCtlPid": {
            "xKp": "1.5",
            "xKi": "0.20000000298023224",
            "xKd": "0.20000000298023224",
            "yKp": "1.5",
            "yKi": "0.20000000298023224",
            "yKd": "0.20000000298023224",
            "zKp": "5.0",
            "zKi": "0.5",
            "zKd": "0.0"
        }
    },
    "pose": [
        [
            0.041910636901855466,
            0.08253983306884766,
            0.26157574462890626,
            null,
            null,
            null,
            [
                [
                    0.9964876174926758,
                    -0.05763193964958191,
                    0.06075393408536911
                ],
                [
                    0.0568196102976799,
                    0.9982715249061584,
                    0.015016138553619385
                ],
                [
                    -0.06151432916522026,
                    -0.011511381715536118,
                    0.9980398416519165
                ]
            ]
        ],
        [
            0.041923412322998045,
            0.08237715911865234,
            0.2614337158203125,
            null,
            null,
            null,
            [
                [
                    0.9963162541389465,
                    -0.06152106449007988,
                    0.05974217876791954
                ],
                [
                    0.060766495764255524,
                    0.9980486035346985,
                    0.014367843046784401
                ],
                [
                    -0.06050952151417732,
                    -0.01068459264934063,
                    0.9981104135513306
                ]
            ]
        ],
        [
            0.04112186431884766,
            0.09361695861816406,
            0.28047369384765625,
            null,
            null,
            null,
            [
                [
                    0.9955347180366516,
                    -0.07921319454908371,
                    0.05134110897779465
                ],
                [
                    0.07666058838367462,
                    0.9958069324493408,
                    0.04991649091243744
                ],
                [
                    -0.055079877376556396,
                    -0.04575775936245918,
                    0.9974329471588135
                ]
            ]
        ],
        [
            0.03825116729736328,
            0.09818077850341797,
            0.3654604797363281,
            null,
            null,
            null,
            [
                [
                    0.998451828956604,
                    -0.050460513681173325,
                    0.02340235561132431
                ],
                [
                    0.05155939608812332,
                    0.9974667429924011,
                    -0.04900747165083885
                ],
                [
                    -0.020870128646492958,
                    0.050138209015131,
                    0.9985241889953613
                ]
            ]
        ],
        [
            0.028159875869750977,
            0.10016163635253907,
            0.46780191040039065,
            null,
            null,
            null,
            [
                [
                    0.9980183839797974,
                    -0.06125746667385101,
                    0.014383157715201378
                ],
                [
                    0.062361784279346466,
                    0.9933953285217285,
                    -0.09631556272506714
                ],
                [
                    -0.008388115093111992,
                    0.09702165424823761,
                    0.995246946811676
                ]
            ]
        ],
        [
            0.017313705444335938,
            0.08484614562988281,
            0.577729736328125,
            null,
            null,
            null,
            [
                [
                    0.9946097135543823,
                    -0.06419762969017029,
                    -0.08142619580030441
                ],
                [
                    0.0478283055126667,
                    0.9807998538017273,
                    -0.18906112015247345
                ],
                [
                    0.0920000746846199,
                    0.18414753675460815,
                    0.9785835146903992
                ]
            ]
        ],
        [
            0.006709517478942871,
            0.05756572341918945,
            0.6942222900390626,
            null,
            null,
            null,
            [
                [
                    0.9945878386497498,
                    -0.08102911710739136,
                    0.06503336876630783
                ],
                [
                    0.09094399213790894,
                    0.9816185235977173,
                    -0.16779235005378723
                ],
                [
                    -0.05024189502000809,
                    0.17279863357543945,
                    0.983674943447113
                ]
            ]
        ],
        [
            -0.00043527022004127505,
            0.0273864803314209,
            0.8062598876953125,
            null,
            null,
            null,
            [
                [
                    0.9949352741241455,
                    -0.04590844362974167,
                    0.08942186087369919
                ],
                [
                    0.06759990006685257,
                    0.9639808535575867,
                    -0.25723761320114136
                ],
                [
                    -0.07439158111810684,
                    0.2619796693325043,
                    0.9622018933296204
                ]
            ]
        ],
        [
            -0.0009285751581192017,
            0.008842395782470704,
            0.877966796875,
            null,
            null,
            null,
            [
                [
                    0.9912125468254089,
                    -0.07239626348018646,
                    0.11070916801691055
                ],
                [
                    0.08404307067394257,
                    0.9909745454788208,
                    -0.10443300753831863
                ],
                [
                    -0.10214940458536148,
                    0.11281964182853699,
                    0.9883507490158081
                ]
            ]
        ],
        [
            0.003585270881652832,
            -0.022333345413208007,
            1.0387342529296875,
            null,
            null,
            null,
            [
                [
                    0.9761097431182861,
                    -0.06692676246166229,
                    0.20671388506889343
                ],
                [
                    0.060249824076890945,
                    0.9974430799484253,
                    0.03843570128083229
                ],
                [
                    -0.20875771343708038,
                    -0.025062987580895424,
                    0.9776461720466614
                ]
            ]
        ],
        [
            0.013487329483032226,
            -0.03199982452392578,
            1.124256591796875,
            null,
            null,
            null,
            [
                [
                    0.9926047921180725,
                    -0.07631605863571167,
                    0.09440149366855621
                ],
                [
                    0.06604836136102676,
                    0.9920107126235962,
                    0.10748174786567688
                ],
                [
                    -0.10184988379478455,
                    -0.10045183449983597,
                    0.9897150993347168
                ]
            ]
        ],
        [
            0.022655506134033204,
            -0.032445045471191404,
            1.169757568359375,
            null,
            null,
            null,
            [
                [
                    0.9950282573699951,
                    -0.045856624841690063,
                    0.08840751647949219
                ],
                [
                    0.036742888391017914,
                    0.9940961599349976,
                    0.10209178179502487
                ],
                [
                    -0.09256716072559357,
                    -0.098335862159729,
                    0.9908387064933777
                ]
            ]
        ],
        [
            0.03328677749633789,
            -0.02912733459472656,
            1.1808436279296874,
            null,
            null,
            null,
            [
                [
                    0.9952888488769531,
                    -0.04135064408183098,
                    0.08769428730010986
                ],
                [
                    0.03745575621724129,
                    0.9982571005821228,
                    0.04560478776693344
                ],
                [
                    -0.08942723274230957,
                    -0.04210527986288071,
                    0.9951029419898987
                ]
            ]
        ],
        [
            0.040386798858642575,
            -0.021014209747314452,
            1.1617713623046875,
            null,
            null,
            null,
            [
                [
                    0.997883141040802,
                    -0.010499942116439342,
                    0.06417923420667648
                ],
                [
                    0.009612154215574265,
                    0.9998540282249451,
                    0.014126111753284931
                ],
                [
                    -0.06431818753480911,
                    -0.013479308225214481,
                    0.9978383779525757
                ]
            ]
        ],
        [
            0.04703620529174805,
            -0.012450020790100097,
            1.13119140625,
            null,
            null,
            null,
            [
                [
                    0.9966639280319214,
                    -0.019884563982486725,
                    0.07915569841861725
                ],
                [
                    0.024091973900794983,
                    0.9983271956443787,
                    -0.05255843698978424
                ],
                [
                    -0.07797818630933762,
                    0.05429011210799217,
                    0.9954757690429688
                ]
            ]
        ],
        [
            0.049913673400878905,
            -0.011072707176208497,
            1.0999344482421876,
            null,
            null,
            null,
            [
                [
                    0.9994136095046997,
                    0.011884449981153011,
                    0.03211206942796707
                ],
                [
                    -0.008285041898488998,
                    0.9938989877700806,
                    -0.10998228937387466
                ],
                [
                    -0.0332232341170311,
                    0.10965175181627274,
                    0.9934147000312805
                ]
            ]
        ],
        [
            0.051381481170654296,
            -0.004330832004547119,
            1.0787303466796876,
            null,
            null,
            null,
            [
                [
                    0.999593198299408,
                    0.021612515673041344,
                    0.018610263243317604
                ],
                [
                    -0.020412340760231018,
                    0.9978407025337219,
                    -0.062428418546915054
                ],
                [
                    -0.019919313490390778,
                    0.06202314421534538,
                    0.9978759288787842
                ]
            ]
        ],
        [
            0.05093276977539062,
            -0.003138742446899414,
            1.0680068359375,
            null,
            null,
            null,
            [
                [
                    0.9992902278900146,
                    0.02769860439002514,
                    0.025529969483613968
                ],
                [
                    -0.025302575901150703,
                    0.9956364631652832,
                    -0.08982085436582565
                ],
                [
                    -0.027906479313969612,
                    0.08911112695932388,
                    0.99563068151474
                ]
            ]
        ],
        [
            0.04931214904785156,
            0.0009860485792160035,
            1.0692633056640626,
            null,
            null,
            null,
            [
                [
                    0.9981340169906616,
                    0.02851940132677555,
                    0.053992342203855515
                ],
                [
                    -0.026301048696041107,
                    0.9987980723381042,
                    -0.04136053845286369
                ],
                [
                    -0.05510702356696129,
                    0.03986330330371857,
                    0.9976843595504761
                ]
            ]
        ],
        [
            0.04865962219238281,
            0.0040128884315490726,
            1.076913818359375,
            null,
            null,
            null,
            [
                [
                    0.9978234767913818,
                    0.008320909924805164,
                    0.0654144212603569
                ],
                [
                    -0.0039961570873856544,
                    0.9978137612342834,
                    -0.06596799939870834
                ],
                [
                    -0.06582032144069672,
                    0.06556301563978195,
                    0.995675265789032
                ]
            ]
        ],
        [
            0.050016849517822266,
            0.004601927280426026,
            1.085201171875,
            null,
            null,
            null,
            [
                [
                    0.9962373375892639,
                    0.03920580446720123,
                    0.0772918239235878
                ],
                [
                    -0.03509649261832237,
                    0.9979333281517029,
                    -0.053826406598091125
                ],
                [
                    -0.07924240082502365,
                    0.050911206752061844,
                    0.9955544471740723
                ]
            ]
        ],
        [
            0.05383023071289063,
            0.010409311294555664,
            1.0909071044921874,
            null,
            null,
            null,
            [
                [
                    0.9954412579536438,
                    0.023131757974624634,
                    0.09252909570932388
                ],
                [
                    -0.018464189022779465,
                    0.9985286593437195,
                    -0.05098621919751167
                ],
                [
                    -0.09357235580682755,
                    0.04904531314969063,
                    0.9944037199020386
                ]
            ]
        ],
        [
            0.05885261154174805,
            0.015764327049255372,
            1.093156982421875,
            null,
            null,
            null,
            [
                [
                    0.9961486458778381,
                    0.02697051875293255,
                    0.083429254591465
                ],
                [
                    -0.01957676373422146,
                    0.9959099888801575,
                    -0.08820458501577377
                ],
                [
                    -0.08546695113182068,
                    0.08623160421848297,
                    0.9926024079322815
                ]
            ]
        ],
        [
            0.06314751815795898,
            0.01893505859375,
            1.0888299560546875,
            null,
            null,
            null,
            [
                [
                    0.9980512261390686,
                    0.031245948746800423,
                    0.05401303246617317
                ],
                [
                    -0.027759307995438576,
                    0.9975548386573792,
                    -0.06413885951042175
                ],
                [
                    -0.05588504299521446,
                    0.06251450628042221,
                    0.9964781999588013
                ]
            ]
        ],
        [
            0.06510767364501953,
            0.027422840118408204,
            1.08254736328125,
            null,
            null,
            null,
            [
                [
                    0.9986724257469177,
                    0.02211766690015793,
                    0.046520981937646866
                ],
                [
                    -0.019068904221057892,
                    0.9977038502693176,
                    -0.06498771160840988
                ],
                [
                    -0.04785154014825821,
                    0.06401433050632477,
                    0.9968010783195496
                ]
            ]
        ],
        [
            0.0634942970275879,
            0.028770689010620118,
            1.0780977783203125,
            null,
            null,
            null,
            [
                [
                    0.9992685317993164,
                    0.03605818375945091,
                    0.01273688767105341
                ],
                [
                    -0.03460921719670296,
                    0.9943967461585999,
                    -0.09988629817962646
                ],
                [
                    -0.016267238184809685,
                    0.09937242418527603,
                    0.9949173331260681
                ]
            ]
        ],
        [
            0.058690677642822264,
            0.033726451873779296,
            1.0750140380859374,
            null,
            null,
            null,
            [
                [
                    0.9988483190536499,
                    0.0463094636797905,
                    0.012547210790216923
                ],
                [
                    -0.045451581478118896,
                    0.9970597624778748,
                    -0.06169239431619644
                ],
                [
                    -0.01536726113408804,
                    0.06105105206370354,
                    0.998016357421875
                ]
            ]
        ],
        [
            0.05207818984985352,
            0.03536400985717773,
            1.0735177001953125,
            null,
            null,
            null,
            [
                [
                    0.9986716508865356,
                    0.05150650441646576,
                    0.0014302802737802267
                ],
                [
                    -0.05121799185872078,
                    0.9953447580337524,
                    -0.08164303004741669
                ],
                [
                    -0.005628769285976887,
                    0.08146132528781891,
                    0.996660590171814
                ]
            ]
        ],
        [
            0.04292934036254883,
            0.030570903778076173,
            1.073103271484375,
            null,
            null,
            null,
            [
                [
                    0.9988584518432617,
                    0.0458727702498436,
                    0.013322883285582066
                ],
                [
                    -0.04448121413588524,
                    0.9948881268501282,
                    -0.09065886586904526
                ],
                [
                    -0.0174135509878397,
                    0.08996275812387466,
                    0.9957928657531738
                ]
            ]
        ],
        [
            0.028382358551025392,
            0.032709503173828126,
            1.0721007080078124,
            null,
            null,
            null,
            [
                [
                    0.9983867406845093,
                    0.0560695081949234,
                    0.008951984345912933
                ],
                [
                    -0.05539994686841965,
                    0.9964883327484131,
                    -0.06278379261493683
                ],
                [
                    -0.012440805323421955,
                    0.06218656897544861,
                    0.9979870319366455
                ]
            ]
        ],
        [
            0.020161251068115234,
            0.03128126335144043,
            1.072961181640625,
            null,
            null,
            null,
            [
                [
                    0.9949406981468201,
                    0.08108935505151749,
                    0.0593084841966629
                ],
                [
                    -0.07521151006221771,
                    0.9925939440727234,
                    -0.09539628773927689
                ],
                [
                    -0.0666048675775528,
                    0.09045297652482986,
                    0.9936710000038147
                ]
            ]
        ],
        [
            0.015571642875671386,
            0.032254589080810546,
            1.0725443115234374,
            null,
            null,
            null,
            [
                [
                    0.9938324093818665,
                    0.05346127599477768,
                    0.09715452790260315
                ],
                [
                    -0.04963647946715355,
                    0.99791020154953,
                    -0.041369251906871796
                ],
                [
                    -0.09916315227746964,
                    0.0362916961312294,
                    0.9944091439247131
                ]
            ]
        ],
        [
            0.013718111991882324,
            0.03364873504638672,
            1.0717476806640625,
            null,
            null,
            null,
            [
                [
                    0.9893597364425659,
                    0.08604496717453003,
                    0.11731836944818497
                ],
                [
                    -0.07744952291250229,
                    0.9940982460975647,
                    -0.07596180588006973
                ],
                [
                    -0.12316211313009262,
                    0.06606730073690414,
                    0.9901849627494812
                ]
            ]
        ],
        [
            0.019547420501708983,
            0.030514930725097655,
            1.070254150390625,
            null,
            null,
            null,
            [
                [
                    0.9899057149887085,
                    0.07555966079235077,
                    0.11990605294704437
                ],
                [
                    -0.06277373433113098,
                    0.9922703504562378,
                    -0.10704661160707474
                ],
                [
                    -0.12706762552261353,
                    0.09843909740447998,
                    0.9869972467422485
                ]
            ]
        ],
        [
            0.028037338256835936,
            0.032099105834960937,
            1.06795263671875,
            null,
            null,
            null,
            [
                [
                    0.989894688129425,
                    0.07618298381567001,
                    0.11960229277610779
                ],
                [
                    -0.06796736270189285,
                    0.9951340556144714,
                    -0.07133437693119049
                ],
                [
                    -0.1244547888636589,
                    0.062484465539455414,
                    0.9902558922767639
                ]
            ]
        ],
        [
            0.03616937255859375,
            0.031632400512695315,
            1.06578564453125,
            null,
            null,
            null,
            [
                [
                    0.9940264225006104,
                    0.08454231172800064,
                    0.06902233511209488
                ],
                [
                    -0.07798894494771957,
                    0.9926372766494751,
                    -0.09267690777778625
                ],
                [
                    -0.07634925842285156,
                    0.08674031496047974,
                    0.9933010339736938
                ]
            ]
        ],
        [
            0.04210572814941406,
            0.025934194564819334,
            1.06353125,
            null,
            null,
            null,
            [
                [
                    0.9950283765792847,
                    0.09210166335105896,
                    0.03789258748292923
                ],
                [
                    -0.08743332326412201,
                    0.9900298118591309,
                    -0.11043723672628403
                ],
                [
                    -0.04768624156713486,
                    0.10657510906457901,
                    0.9931604862213135
                ]
            ]
        ],
        [
            0.04647040557861328,
            0.028021678924560547,
            1.059674560546875,
            null,
            null,
            null,
            [
                [
                    0.9963154792785645,
                    0.08341885358095169,
                    0.0199196208268404
                ],
                [
                    -0.08200760185718536,
                    0.9946101903915405,
                    -0.06344509869813919
                ],
                [
                    -0.02510477602481842,
                    0.06157777085900307,
                    0.9977865219116211
                ]
            ]
        ],
        [
            0.044677154541015625,
            0.024753740310668945,
            1.0558118896484374,
            null,
            null,
            null,
            [
                [
                    0.9939585328102112,
                    0.10955585539340973,
                    0.00663215946406126
                ],
                [
                    -0.10848547518253326,
                    0.9898226857185364,
                    -0.09209759533405304
                ],
                [
                    -0.016654493287205696,
                    0.09082169830799103,
                    0.9957278966903687
                ]
            ]
        ],
        [
            0.041682262420654294,
            0.02280853843688965,
            1.0526976318359376,
            null,
            null,
            null,
            [
                [
                    0.9949111938476562,
                    0.09883016347885132,
                    0.019602539017796516
                ],
                [
                    -0.09726928174495697,
                    0.9928687214851379,
                    -0.06892339885234833
                ],
                [
                    -0.026274457573890686,
                    0.06666593998670578,
                    0.997429370880127
                ]
            ]
        ],
        [
            0.03629668807983399,
            0.02094724655151367,
            1.051517333984375,
            null,
            null,
            null,
            [
                [
                    0.9963169097900391,
                    0.07760818302631378,
                    0.03646286949515343
                ],
                [
                    -0.07426758855581284,
                    0.9935718178749084,
                    -0.08543619513511658
                ],
                [
                    -0.0428590290248394,
                    0.08241351693868637,
                    0.9956762194633484
                ]
            ]
        ],
        [
            0.03291291046142578,
            0.015414460182189942,
            1.05346630859375,
            null,
            null,
            null,
            [
                [
                    0.9946839213371277,
                    0.08551778644323349,
                    0.05736401304602623
                ],
                [
                    -0.0791369155049324,
                    0.9912610650062561,
                    -0.1055406779050827
                ],
                [
                    -0.06588832288980484,
                    0.10044000297784805,
                    0.9927590489387512
                ]
            ]
        ],
        [
            0.033862003326416014,
            0.015258683204650878,
            1.0553153076171875,
            null,
            null,
            null,
            [
                [
                    0.9925707578659058,
                    0.06749530136585236,
                    0.10123054683208466
                ],
                [
                    -0.05999157205224037,
                    0.9953452348709106,
                    -0.07542435824871063
                ],
                [
                    -0.10585013777017593,
                    0.06879103183746338,
                    0.9919997453689575
                ]
            ]
        ],
        [
            0.0393902587890625,
            0.01243937873840332,
            1.0564151611328125,
            null,
            null,
            null,
            [
                [
                    0.9899653792381287,
                    0.08507989346981049,
                    0.1128271073102951
                ],
                [
                    -0.0750138983130455,
                    0.993053674697876,
                    -0.09064964205026627
                ],
                [
                    -0.1197558343410492,
                    0.08127640187740326,
                    0.989470899105072
                ]
            ]
        ],
        [
            0.048406898498535154,
            0.006536108016967773,
            1.057059814453125,
            null,
            null,
            null,
            [
                [
                    0.9906922578811646,
                    0.09131815284490585,
                    0.10094470530748367
                ],
                [
                    -0.08297483623027802,
                    0.9930070638656616,
                    -0.08397708088159561
                ],
                [
                    -0.10790743678808212,
                    0.07481957226991653,
                    0.9913415312767029
                ]
            ]
        ],
        [
            0.05577058029174805,
            0.007372062683105468,
            1.05711962890625,
            null,
            null,
            null,
            [
                [
                    0.9953439831733704,
                    0.07922215759754181,
                    0.054901447147130966
                ],
                [
                    -0.07650252431631088,
                    0.9958155751228333,
                    -0.04998650401830673
                ],
                [
                    -0.05863175541162491,
                    0.04555366560816765,
                    0.9972397685050964
                ]
            ]
        ],
        [
            0.06142237091064453,
            0.005483875274658203,
            1.0573875732421876,
            null,
            null,
            null,
            [
                [
                    0.9970152974128723,
                    0.07261678576469421,
                    0.026216423138976097
                ],
                [
                    -0.07037610560655594,
                    0.99445641040802,
                    -0.07812567800283432
                ],
                [
                    -0.031744323670864105,
                    0.07604748755693436,
                    0.9965987801551819
                ]
            ]
        ],
        [
            0.061994171142578124,
            0.0028658943176269533,
            1.0572271728515625,
            null,
            null,
            null,
            [
                [
                    0.9964691400527954,
                    0.08319944143295288,
                    -0.01127551682293415
                ],
                [
                    -0.08372314274311066,
                    0.9947372674942017,
                    -0.05906100943684578
                ],
                [
                    0.006302333902567625,
                    0.059796493500471115,
                    0.998190701007843
                ]
            ]
        ],
        [
            0.0550604133605957,
            0.003382365942001343,
            1.0574859619140624,
            null,
            null,
            null,
            [
                [
                    0.9972013831138611,
                    0.062362685799598694,
                    -0.04123523086309433
                ],
                [
                    -0.06550689786672592,
                    0.9946482181549072,
                    -0.07989862561225891
                ],
                [
                    0.036031853407621384,
                    0.08237621188163757,
                    0.9959497451782227
                ]
            ]
        ],
        [
            0.04478780364990234,
            -0.0004961865842342376,
            1.0589940185546876,
            null,
            null,
            null,
            [
                [
                    0.9987331628799438,
                    0.04834539815783501,
                    -0.013958731666207314
                ],
                [
                    -0.04957473278045654,
                    0.9928945302963257,
                    -0.10817962139844894
                ],
                [
                    0.00862956140190363,
                    0.10873457044363022,
                    0.9940333366394043
                ]
            ]
        ],
        [
            0.033133235931396485,
            0.003837045907974243,
            1.0742630615234374,
            null,
            null,
            null,
            [
                [
                    0.9985802173614502,
                    0.053232695907354355,
                    -0.001965877367183566
                ],
                [
                    -0.05319337546825409,
                    0.9945179224014282,
                    -0.09002511948347092
                ],
                [
                    -0.002837179694324732,
                    0.09000187367200851,
                    0.9959375262260437
                ]
            ]
        ],
        [
            0.023003664016723633,
            0.007009129047393799,
            1.13070654296875,
            null,
            null,
            null,
            [
                [
                    0.9969084858894348,
                    0.042999014258384705,
                    0.06576132029294968
                ],
                [
                    -0.040257491171360016,
                    0.9982867240905762,
                    -0.04246129095554352
                ],
                [
                    -0.06747443974018097,
                    0.03968263790011406,
                    0.9969315528869629
                ]
            ]
        ],
        [
            0.015353779792785644,
            0.011153653144836425,
            1.195025146484375,
            null,
            null,
            null,
            [
                [
                    0.9955036640167236,
                    0.0448012538254261,
                    0.08345871418714523
                ],
                [
                    -0.03933180496096611,
                    0.9970398545265198,
                    -0.06606476753950119
                ],
                [
                    -0.08617144823074341,
                    0.06248513609170914,
                    0.9943189024925232
                ]
            ]
        ],
        [
            0.014525752067565918,
            0.01932238578796387,
            1.249460693359375,
            null,
            null,
            null,
            [
                [
                    0.9930642247200012,
                    0.030695758759975433,
                    0.11349530518054962
                ],
                [
                    -0.02948887273669243,
                    0.999489426612854,
                    -0.012297799810767174
                ],
                [
                    -0.11381484568119049,
                    0.008865656331181526,
                    0.9934624433517456
                ]
            ]
        ],
        [
            0.01800080680847168,
            0.04175347518920899,
            1.288040771484375,
            null,
            null,
            null,
            [
                [
                    0.9942851662635803,
                    -0.004135377239435911,
                    0.10667690634727478
                ],
                [
                    0.0011950457701459527,
                    0.9996179938316345,
                    0.027612173929810524
                ],
                [
                    -0.10675033926963806,
                    -0.02732689119875431,
                    0.9939102530479431
                ]
            ]
        ],
        [
            0.02174410629272461,
            0.06194052124023437,
            1.30552490234375,
            null,
            null,
            null,
            [
                [
                    0.996684193611145,
                    -0.0027651339769363403,
                    0.08132035285234451
                ],
                [
                    0.004444443620741367,
                    0.9997804760932922,
                    -0.02047678828239441
                ],
                [
                    -0.08124587684869766,
                    0.02077031508088112,
                    0.9964776635169983
                ]
            ]
        ],
        [
            0.025820669174194337,
            0.08047846221923828,
            1.3085760498046874,
            null,
            null,
            null,
            [
                [
                    0.9986851215362549,
                    0.007585049141198397,
                    0.05069981887936592
                ],
                [
                    -0.0027893611695617437,
                    0.9955683946609497,
                    -0.09399917721748352
                ],
                [
                    -0.05118812620639801,
                    0.09373416006565094,
                    0.9942804574966431
                ]
            ]
        ],
        [
