{
    "radius": 0.9,
    "angular_speed": 12,
    "save_freq": 0.1,
    "pid_gains": {
        "pid_rate": {
            "roll_kp": "50.0",
            "roll_ki": "0.0",
            "roll_kd": "0.0",
            "pitch_kp": "50.0",
            "pitch_ki": "0.0",
            "pitch_kd": "0.0",
            "yaw_kp": "80.0",
            "yaw_ki": "0.0",
            "yaw_kd": "0.0"
        },
        "pid_attitude": {
            "roll_kp": "10.0",
            "roll_ki": "0.5",
            "roll_kd": "0.5",
            "pitch_kp": "13.0",
            "pitch_ki": "0.5",
            "pitch_kd": "1.5",
            "yaw_kp": "8.0",
            "yaw_ki": "0.5",
            "yaw_kd": "0.5"
        },
        "velCtlPid": {
            "vxKp": "15.0",
            "vxKi": "1.0",
            "vxKd": "0.0",
            "vyKp": "10.0",
            "vyKi": "1.0",
            "vyKd": "0.0",
            "vzKp": "12.5",
            "vzKi": "0.5",
            "vzKd": "0.0"
        },
        "posCtlPid": {
            "xKp": "1.5",
            "xKi": "0.20000000298023224",
            "xKd": "0.20000000298023224",
            "yKp": "1.5",
            "yKi": "0.20000000298023224",
            "yKd": "0.20000000298023224",
            "zKp": "5.0",
            "zKi": "0.5",
            "zKd": "0.0"
        }
    },
    "pose": [
        [
            0.23193496704101563,
            -0.09999433898925782,
            0.2594296875,
            null,
            null,
            null,
            [
                [
                    0.9818142652511597,
                    0.1801644116640091,
                    0.05984572321176529
                ],
                [
                    -0.17991645634174347,
                    0.9836355447769165,
                    -0.009550751186907291
                ],
                [
                    -0.0605870857834816,
                    -0.001390166231431067,
                    0.9981619715690613
                ]
            ]
        ],
        [
            0.23200665283203126,
            -0.100138916015625,
            0.2594941711425781,
            null,
            null,
            null,
            [
                [
                    0.9813694953918457,
                    0.1818941980600357,
                    0.06187453866004944
                ],
                [
                    -0.18141137063503265,
                    0.9833162426948547,
                    -0.013380886986851692
                ],
                [
                    -0.06327614933252335,
                    0.0019068489782512188,
                    0.9979942440986633
                ]
            ]
        ],
        [
            0.23014813232421874,
            -0.09814435577392579,
            0.2735196228027344,
            null,
            null,
            null,
            [
                [
                    0.980538547039032,
                    0.19415387511253357,
                    0.02912723273038864
                ],
                [
                    -0.1936762034893036,
                    0.9808922410011292,
                    -0.018438095226883888
                ],
                [
                    -0.0321505032479763,
                    0.012438012287020683,
                    0.9994056224822998
                ]
            ]
        ],
        [
            0.21949072265625,
            -0.10197906494140625,
            0.34903591918945315,
            null,
            null,
            null,
            [
                [
                    0.9890725016593933,
                    0.1466822624206543,
                    0.01483080256730318
                ],
                [
                    -0.14525055885314941,
                    0.9867408871650696,
                    -0.07242047041654587
                ],
                [
                    -0.02525695599615574,
                    0.06947491317987442,
                    0.9972639083862305
                ]
            ]
        ],
        [
            0.19885435485839845,
            -0.09183668518066407,
            0.45448281860351564,
            null,
            null,
            null,
            [
                [
                    0.9804592728614807,
                    0.17497287690639496,
                    -0.08991183340549469
                ],
                [
                    -0.18439772725105286,
                    0.9766571521759033,
                    -0.11017393320798874
                ],
                [
                    0.06853558123111725,
                    0.12460058927536011,
                    0.9898371696472168
                ]
            ]
        ],
        [
            0.161613525390625,
            -0.09402072906494141,
            0.5806246337890625,
            null,
            null,
            null,
            [
                [
                    0.9801868796348572,
                    0.18459610641002655,
                    -0.07181891053915024
                ],
                [
                    -0.18373313546180725,
                    0.9828020930290222,
                    0.01849973015487194
                ],
                [
                    0.07399874925613403,
                    -0.004937679506838322,
                    0.9972460865974426
                ]
            ]
        ],
        [
            0.12136934661865234,
            -0.09730328369140626,
            0.7022308959960938,
            null,
            null,
            null,
            [
                [
                    0.98417729139328,
                    0.1743968427181244,
                    -0.03131728991866112
                ],
                [
                    -0.17572423815727234,
                    0.9833486676216125,
                    -0.046328771859407425
                ],
                [
                    0.022716224193572998,
                    0.05109893158078194,
                    0.9984351992607117
                ]
            ]
        ],
        [
            0.08893798828125,
            -0.08933878326416016,
            0.81673486328125,
            null,
            null,
            null,
            [
                [
                    0.9837382435798645,
                    0.17704470455646515,
                    0.030236737802624702
                ],
                [
                    -0.17701424658298492,
                    0.9842013120651245,
                    -0.003702577669173479
                ],
                [
                    -0.030414558947086334,
                    -0.0017099662218242884,
                    0.9995359182357788
                ]
            ]
        ],
        [
            0.06241541290283203,
            -0.08571615600585937,
            0.949013427734375,
            null,
            null,
            null,
            [
                [
                    0.9757064580917358,
                    0.19628992676734924,
                    0.09729943424463272
                ],
                [
                    -0.1965462565422058,
                    0.980469286441803,
                    -0.00703799445182085
                ],
                [
                    -0.09678059816360474,
                    -0.012256823480129242,
                    0.9952302575111389
                ]
            ]
        ],
        [
            0.053518096923828126,
            -0.0785730209350586,
            1.0537432861328124,
            null,
            null,
            null,
            [
                [
                    0.9741652011871338,
                    0.18052363395690918,
                    0.13569574058055878
                ],
                [
                    -0.18176546692848206,
                    0.9833364486694336,
                    -0.0032858112826943398
                ],
                [
                    -0.13402773439884186,
                    -0.021463876590132713,
                    0.9907451272010803
                ]
            ]
        ],
        [
            0.05915015411376953,
            -0.07303606414794922,
            1.1238934326171874,
            null,
            null,
            null,
            [
                [
                    0.9800606966018677,
                    0.1513248085975647,
                    0.1287703961133957
                ],
                [
                    -0.14622855186462402,
                    0.9880756139755249,
                    -0.048205845057964325
                ],
                [
                    -0.13452962040901184,
                    0.02841474488377571,
                    0.9905020594596863
                ]
            ]
        ],
        [
            0.06883340454101562,
            -0.06456732177734376,
            1.160260986328125,
            null,
            null,
            null,
            [
                [
                    0.991527259349823,
                    0.09704382717609406,
                    0.08634921163320541
                ],
                [
                    -0.09802854061126709,
                    0.9951573610305786,
                    0.007227522786706686
                ],
                [
                    -0.08522966504096985,
                    -0.015630973502993584,
                    0.9962387084960938
                ]
            ]
        ],
        [
            0.08027253723144531,
            -0.052972061157226566,
            1.167817138671875,
            null,
            null,
            null,
            [
                [
                    0.9954053163528442,
                    0.06914633512496948,
                    0.06623435020446777
                ],
                [
                    -0.06934332102537155,
                    0.9975926280021667,
                    0.0006770013715140522
                ],
                [
                    -0.06602808833122253,
                    -0.00526680052280426,
                    0.9978038668632507
                ]
            ]
        ],
        [
            0.08977741241455078,
            -0.04214648818969727,
            1.156670166015625,
            null,
            null,
            null,
            [
                [
                    0.9960243701934814,
                    0.07791060954332352,
                    0.04319078102707863
                ],
                [
                    -0.07715331763029099,
                    0.9968394637107849,
                    -0.018934229388833046
                ],
                [
                    -0.04452945291996002,
                    0.01552664116024971,
                    0.9988874197006226
                ]
            ]
        ],
        [
            0.09510490417480469,
            -0.022347513198852538,
            1.13666650390625,
            null,
            null,
            null,
            [
                [
                    0.9954653382301331,
                    0.09484855085611343,
                    0.007248807232826948
                ],
                [
                    -0.09497200697660446,
                    0.9952951073646545,
                    0.019181014969944954
                ],
                [
                    -0.0053954110480844975,
                    -0.019782468676567078,
                    0.9997897744178772
                ]
            ]
        ],
        [
            0.09397202301025391,
            -0.004036444664001465,
            1.115840576171875,
            null,
            null,
            null,
            [
                [
                    0.993951678276062,
                    0.10208871960639954,
                    -0.040471453219652176
                ],
                [
                    -0.10276498645544052,
                    0.9945926666259766,
                    -0.014991610310971737
                ],
                [
                    0.03872213885188103,
                    0.019059985876083374,
                    0.9990682005882263
                ]
            ]
        ],
        [
            0.086648681640625,
            0.011966827392578126,
            1.101068359375,
            null,
            null,
            null,
            [
                [
                    0.9927170276641846,
                    0.09208700060844421,
                    -0.07767186313867569
                ],
                [
                    -0.09484165906906128,
                    0.9949601292610168,
                    -0.03254757821559906
                ],
                [
                    0.07428319752216339,
                    0.03967706114053726,
                    0.9964475631713867
                ]
            ]
        ],
        [
            0.07437465667724609,
            0.03432962417602539,
            1.0904757080078125,
            null,
            null,
            null,
            [
                [
                    0.9923557639122009,
                    0.09506533294916153,
                    -0.07869331538677216
                ],
                [
                    -0.09530548751354218,
                    0.9954478144645691,
                    0.0007069697021506727
                ],
                [
                    0.07840229570865631,
                    0.0067983390763401985,
                    0.9968986511230469
                ]
            ]
        ],
        [
            0.05551261138916016,
            0.0534752082824707,
            1.08694287109375,
            null,
            null,
            null,
            [
                [
                    0.9912309050559998,
                    0.1145251989364624,
                    -0.06591848284006119
                ],
                [
                    -0.11801359057426453,
                    0.9916651248931885,
                    -0.05170123279094696
                ],
                [
                    0.05944797024130821,
                    0.059027139097452164,
                    0.9964846968650818
                ]
            ]
        ],
        [
            0.03708377075195313,
            0.07613813018798828,
            1.0896475830078125,
            null,
            null,
            null,
            [
                [
                    0.9938420057296753,
                    0.1093611940741539,
                    -0.017839064821600914
                ],
                [
                    -0.10961504280567169,
                    0.9938764572143555,
                    -0.013930950313806534
                ],
                [
                    0.016206322237849236,
                    0.01580059342086315,
                    0.9997438192367554
                ]
            ]
        ],
        [
            0.02240723991394043,
            0.09549774932861328,
            1.0944324951171875,
            null,
            null,
            null,
            [
                [
                    0.9924227595329285,
                    0.11688385158777237,
                    0.03788482025265694
                ],
                [
                    -0.11345621943473816,
                    0.9901012182235718,
                    -0.08262711763381958
                ],
                [
                    -0.0471675805747509,
                    0.07770276814699173,
                    0.9958601593971252
                ]
            ]
        ],
        [
            0.017101911544799803,
            0.109365234375,
            1.0982904052734375,
            null,
            null,
            null,
            [
                [
                    0.9903228282928467,
                    0.11284665018320084,
                    0.08078593015670776
                ],
                [
                    -0.10685428977012634,
                    0.99144047498703,
                    -0.07501925528049469
                ],
                [
                    -0.08856011182069778,
                    0.06566096097230911,
                    0.9939042925834656
                ]
            ]
        ],
        [
            0.020255409240722656,
            0.12398477172851563,
            1.1017392578125,
            null,
            null,
            null,
            [
                [
                    0.9869832396507263,
                    0.12864965200424194,
                    0.09650545567274094
                ],
                [
                    -0.11975853145122528,
                    0.988448441028595,
                    -0.09288465976715088
                ],
                [
                    -0.1073402464389801,
                    0.08011824637651443,
                    0.9909889698028564
                ]
            ]
        ],
        [
            0.028688114166259767,
            0.13368710327148436,
            1.1028333740234375,
            null,
            null,
            null,
            [
                [
                    0.9900183081626892,
                    0.11953361332416534,
                    0.0746687576174736
                ],
                [
                    -0.1094350591301918,
                    0.9858241081237793,
                    -0.1271803081035614
                ],
                [
                    -0.08881258219480515,
                    0.11773946136236191,
                    0.9890651106834412
                ]
            ]
        ],
        [
            0.03862203216552734,
            0.14513360595703126,
            1.100286376953125,
            null,
            null,
            null,
            [
                [
                    0.9933083653450012,
                    0.11171597242355347,
                    0.029292039573192596
                ],
                [
                    -0.10872939974069595,
                    0.9900818467140198,
                    -0.08897086977958679
                ],
                [
                    -0.03894098475575447,
                    0.08519060909748077,
                    0.9956034421920776
                ]
            ]
        ],
        [
            0.046496711730957034,
            0.15989675903320313,
            1.0967705078125,
            null,
            null,
            null,
            [
                [
                    0.9919272661209106,
                    0.1256667673587799,
                    -0.016974102705717087
                ],
                [
                    -0.1266789585351944,
                    0.9880366921424866,
                    -0.08795426785945892
                ],
                [
                    0.005718108732253313,
                    0.08939449489116669,
                    0.995979905128479
                ]
            ]
        ],
        [
            0.04673714065551758,
            0.1678986511230469,
            1.091755615234375,
            null,
            null,
            null,
            [
                [
                    0.9904787540435791,
                    0.12423964589834213,
                    -0.05929874628782272
                ],
                [
                    -0.13033737242221832,
                    0.9849621653556824,
                    -0.11340969055891037
                ],
                [
                    0.04431704059243202,
                    0.12005873024463654,
                    0.9917771220207214
                ]
            ]
        ],
        [
            0.04304091644287109,
            0.17778378295898437,
            1.0871400146484376,
            null,
            null,
            null,
            [
                [
                    0.9900323748588562,
                    0.11351438611745834,
                    -0.083369180560112
                ],
                [
                    -0.1221248060464859,
                    0.9867623448371887,
                    -0.10670357942581177
                ],
                [
                    0.07015317678451538,
                    0.11582144349813461,
                    0.990789532661438
                ]
            ]
        ],
        [
            0.03341271591186523,
            0.18883840942382812,
            1.08323974609375,
            null,
            null,
            null,
            [
                [
                    0.9886665344238281,
                    0.11909755319356918,
                    -0.09140151739120483
                ],
                [
                    -0.130242258310318,
                    0.9832333326339722,
                    -0.1276288777589798
                ],
                [
                    0.07466872781515121,
                    0.13808673620224,
                    0.9876014590263367
                ]
            ]
        ],
        [
            0.01986511421203613,
            0.19673385620117187,
            1.080677001953125,
            null,
            null,
            null,
            [
                [
                    0.9905020594596863,
                    0.11610805988311768,
                    -0.07365182042121887
                ],
                [
                    -0.12441827356815338,
                    0.9848685264587402,
                    -0.12064038217067719
                ],
                [
                    0.058530036360025406,
                    0.12865817546844482,
                    0.989960253238678
                ]
            ]
        ],
        [
            0.006454564571380615,
            0.20699246215820313,
            1.08140771484375,
            null,
            null,
            null,
            [
                [
                    0.9916322827339172,
                    0.12379908561706543,
                    -0.03659582883119583
                ],
                [
                    -0.12703169882297516,
                    0.9862341284751892,
                    -0.10585478693246841
                ],
                [
                    0.022987326607108116,
                    0.10961785167455673,
                    0.9937079548835754
                ]
            ]
        ],
        [
            -0.007668657779693604,
            0.21015548706054688,
            1.08235791015625,
            null,
            null,
            null,
            [
                [
                    0.9961971044540405,
                    0.08668314665555954,
                    -0.008793088607490063
                ],
                [
                    -0.08689291030168533,
                    0.9810283780097961,
                    -0.17329999804496765
                ],
                [
                    -0.006395918317139149,
                    0.1734050065279007,
                    0.984829843044281
                ]
            ]
        ],
        [
            -0.016565902709960938,
            0.21191392517089844,
            1.0834677734375,
            null,
            null,
            null,
            [
                [
                    0.9957517385482788,
                    0.0861937403678894,
                    0.03238962963223457
                ],
                [
                    -0.08052581548690796,
                    0.9857562780380249,
                    -0.1476489156484604
                ],
                [
                    -0.04465469345450401,
                    0.14441347122192383,
                    0.9885093569755554
                ]
            ]
        ],
        [
            -0.01952242088317871,
            0.21111886596679688,
            1.0837332763671874,
            null,
            null,
            null,
            [
                [
                    0.9966838955879211,
                    0.07254394888877869,
                    0.03685947507619858
                ],
                [
                    -0.06450404226779938,
                    0.980511486530304,
                    -0.18557067215442657
                ],
                [
                    -0.049603171646595,
                    0.1825777143239975,
                    0.9819393754005432
                ]
            ]
        ],
        [
            -0.018266300201416015,
            0.20452018737792968,
            1.0822064208984374,
            null,
            null,
            null,
            [
                [
                    0.9959209561347961,
                    0.07408788055181503,
                    0.05150166526436806
                ],
                [
                    -0.06426718086004257,
                    0.9830933809280396,
                    -0.17145602405071259
                ],
                [
                    -0.06333375722169876,
                    0.1674467921257019,
                    0.9838446974754333
                ]
            ]
        ],
        [
            -0.012985799789428711,
            0.19616026306152343,
            1.0813787841796876,
            null,
            null,
            null,
            [
                [
                    0.9964792132377625,
                    0.07406523823738098,
                    0.039287906140089035
                ],
                [
                    -0.06739172339439392,
                    0.9863584637641907,
                    -0.1501842886209488
                ],
                [
                    -0.04987539350986481,
                    0.14700783789157867,
                    0.9878770709037781
                ]
            ]
        ],
        [
            -0.008673473358154297,
            0.17851840209960937,
            1.0790926513671875,
            null,
            null,
            null,
            [
                [
                    0.9966704249382019,
                    0.08135327696800232,
                    -0.0054455590434372425
                ],
                [
                    -0.08083873242139816,
                    0.9772374629974365,
                    -0.1961430311203003
                ],
                [
                    -0.010635274462401867,
                    0.19593018293380737,
                    0.9805601835250854
                ]
            ]
        ],
        [
            -0.005191030979156494,
            0.16056983947753906,
            1.077268798828125,
            null,
            null,
            null,
            [
                [
                    0.9937419295310974,
                    0.10443184524774551,
                    -0.039635319262742996
                ],
                [
                    -0.10935789346694946,
                    0.9818814396858215,
                    -0.15475675463676453
                ],
                [
                    0.02275565080344677,
                    0.158122718334198,
                    0.9871572256088257
                ]
            ]
        ],
        [
            -0.004541419506072998,
            0.14188096618652343,
            1.0767362060546875,
            null,
            null,
            null,
            [
                [
                    0.9941880106925964,
                    0.09967712312936783,
                    -0.040677592158317566
                ],
                [
                    -0.10472492128610611,
                    0.9830056428909302,
                    -0.15077321231365204
                ],
                [
                    0.02495766244828701,
                    0.1541568785905838,
                    0.9877310991287231
                ]
            ]
        ],
        [
            -0.010458841323852539,
            0.11664985656738282,
            1.07626513671875,
            null,
            null,
            null,
            [
                [
                    0.9891405701637268,
                    0.13133667409420013,
                    -0.06596697866916656
                ],
                [
                    -0.14015953242778778,
                    0.9780067205429077,
                    -0.1544608622789383
                ],
                [
                    0.04422977194190025,
                    0.16202940046787262,
                    0.985794186592102
                ]
            ]
        ],
        [
            -0.018608394622802733,
            0.09247727203369141,
            1.0776883544921876,
            null,
            null,
            null,
            [
                [
                    0.9903901815414429,
                    0.12606558203697205,
                    -0.05687524750828743
                ],
                [
                    -0.13201738893985748,
                    0.9843021631240845,
                    -0.11713529378175735
                ],
                [
                    0.041215699166059494,
                    0.12351816892623901,
                    0.9914860129356384
                ]
            ]
        ],
        [
            -0.0321458740234375,
            0.06598386383056641,
            1.0788726806640625,
            null,
            null,
            null,
            [
                [
                    0.9916931986808777,
                    0.12068089842796326,
                    -0.04450466111302376
                ],
                [
                    -0.1257675290107727,
                    0.9822994470596313,
                    -0.13881759345531464
                ],
                [
                    0.026964273303747177,
                    0.14326171576976776,
                    0.9893174171447754
                ]
            ]
        ],
        [
            -0.04613260269165039,
            0.03863753128051758,
            1.081533203125,
            null,
            null,
            null,
            [
                [
                    0.9904205799102783,
                    0.1380637139081955,
                    0.002344481647014618
                ],
                [
                    -0.13670110702514648,
                    0.9827595949172974,
                    -0.12448433041572571
                ],
                [
                    -0.019490830600261688,
                    0.12297134846448898,
                    0.9922187924385071
                ]
            ]
        ],
        [
            -0.058122547149658206,
            0.015536219596862792,
            1.084648193359375,
            null,
            null,
            null,
            [
                [
                    0.9935171008110046,
                    0.10992489010095596,
                    0.028988294303417206
                ],
                [
                    -0.10675869882106781,
                    0.9897938370704651,
                    -0.09439641982316971
                ],
                [
                    -0.039068952202796936,
                    0.09068970382213593,
                    0.9951125383377075
                ]
            ]
        ],
        [
            -0.07059539031982422,
            -0.010711804389953613,
            1.0848182373046875,
            null,
            null,
            null,
            [
                [
                    0.9876102805137634,
                    0.14491094648838043,
                    0.06022283062338829
                ],
                [
                    -0.13600657880306244,
                    0.9818520545959473,
                    -0.13216935098171234
                ],
                [
                    -0.07828269898891449,
                    0.1223411038517952,
                    0.9893960356712341
                ]
            ]
        ],
        [
            -0.0782227783203125,
            -0.03804759216308594,
            1.0818736572265626,
            null,
            null,
            null,
            [
                [
                    0.9844305515289307,
                    0.15225450694561005,
                    0.08783544600009918
                ],
                [
                    -0.1417529284954071,
                    0.9831444621086121,
                    -0.11546880751848221
                ],
                [
                    -0.10393557697534561,
                    0.10122008621692657,
                    0.9894199967384338
                ]
            ]
        ],
        [
            -0.0824071044921875,
            -0.059195068359375,
            1.077785888671875,
            null,
            null,
            null,
            [
                [
                    0.9887445569038391,
                    0.12019993364810944,
                    0.08908537030220032
                ],
                [
                    -0.11335501819849014,
                    0.9904650449752808,
                    -0.07829201966524124
                ],
                [
                    -0.09764663875102997,
                    0.06731253117322922,
                    0.9929421544075012
                ]
            ]
        ],
        [
            -0.08804187774658204,
            -0.08257698822021485,
            1.0719388427734375,
            null,
            null,
            null,
            [
                [
                    0.986407458782196,
                    0.14518944919109344,
                    0.07694345712661743
                ],
                [
                    -0.13676325976848602,
                    0.9849867224693298,
                    -0.10534188896417618
                ],
                [
                    -0.09108281880617142,
                    0.09338699281215668,
                    0.9914548993110657
                ]
            ]
        ],
        [
            -0.09333601379394531,
            -0.10795540618896485,
            1.0675126953125,
            null,
            null,
            null,
            [
                [
                    0.9859479069709778,
                    0.15730030834674835,
                    0.056243766099214554
                ],
                [
                    -0.1524512767791748,
                    0.984897792339325,
                    -0.08206642419099808
                ],
                [
                    -0.0683034360408783,
                    0.0723387822508812,
                    0.9950385689735413
                ]
            ]
        ],
        [
            -0.09621161651611328,
            -0.12488997650146484,
            1.0660308837890624,
            null,
            null,
            null,
            [
                [
                    0.9925801157951355,
                    0.11024107784032822,
                    0.05129873752593994
                ],
                [
                    -0.10634717345237732,
                    0.9916244149208069,
                    -0.07328937947750092
                ],
                [
                    -0.0589485801756382,
                    0.06729011237621307,
                    0.995990514755249
                ]
            ]
        ],
        [
            -0.09604495239257813,
            -0.13645664978027344,
            1.0530924072265626,
            null,
            null,
            null,
            [
                [
                    0.9343912601470947,
                    0.3356873691082001,
                    0.11927677690982819
                ],
                [
                    -0.33414438366889954,
                    0.9419330358505249,
                    -0.033312659710645676
                ],
                [
                    -0.12353337556123734,
                    -0.008728604763746262,
                    0.9923020005226135
                ]
            ]
        ],
        [
            -0.09536131286621094,
            -0.12227717590332031,
            0.9922841186523438,
            null,
            null,
            null,
            [
                [
                    0.815886914730072,
                    0.5721572041511536,
                    0.0834546610713005
                ],
                [
                    -0.5779098868370056,
                    0.8022615313529968,
                    0.14965486526489258
                ],
                [
                    0.018673641607165337,
                    -0.1703307181596756,
                    0.9852100014686584
                ]
            ]
        ],
        [
            -0.09080596160888672,
            -0.1097454833984375,
            0.9101598510742187,
            null,
            null,
            null,
            [
                [
                    0.5866910219192505,
                    0.8003224730491638,
                    0.1236025020480156
                ],
                [
                    -0.8025721907615662,
                    0.5542718768119812,
                    0.22059136629104614
                ],
                [
                    0.10803484171628952,
                    -0.22861890494823456,
                    0.9675028920173645
                ]
            ]
        ],
        [
            -0.07434540557861329,
            -0.0819228515625,
            0.8244295043945312,
            null,
            null,
            null,
            [
                [
                    0.1300581842660904,
                    0.9803077578544617,
                    0.14859874546527863
                ],
                [
                    -0.9719157814979553,
                    0.09640331566333771,
                    0.21467672288417816
                ],
                [
                    0.19612383842468262,
                    -0.17234593629837036,
                    0.9653146266937256
                ]
            ]
        ],
        [
            -0.034216880798339844,
            -0.05264524459838867,
            0.7393863525390625,
            null,
            null,
            null,
            [
                [
                    -0.39389267563819885,
                    0.8840751647949219,
                    0.25151485204696655
                ],
                [
                    -0.8842194080352783,
                    -0.4391844868659973,
                    0.15897484123706818
                ],
                [
                    0.2510071098804474,
                    -0.1597752869129181,
                    0.9547079801559448
                ]
            ]
        ],
        [
            0.020866817474365234,
            -0.027469072341918945,
            0.6597527465820312,
            null,
            null,
            null,
            [
                [
                    -0.7679048180580139,
                    0.55329430103302,
                    0.3227810263633728
                ],
                [
                    -0.5475550889968872,
                    -0.8284803628921509,
                    0.11748918145895004
                ],
                [
                    0.3324238359928131,
                    -0.08651988208293915,
                    0.9391531944274902
                ]
            ]
        ],
        [
            0.08012529754638673,
            -0.006866465568542481,
            0.6003964233398438,
            null,
            null,
            null,
            [
                [
                    -0.8749043941497803,
                    0.35947608947753906,
                    0.3245292007923126
                ],
                [
                    -0.36141714453697205,
                    -0.9306873679161072,
                    0.05655695125460625
                ],
                [
                    0.3223660886287689,
                    -0.06780848652124405,
                    0.9441832900047302
                ]
            ]
        ],
        [
            0.15385572814941406,
            0.010240072250366212,
