{
    "radius": 0.75,
    "angular_speed": 12,
    "save_freq": 0.1,
    "pid_gains": {
        "pid_rate": {
            "roll_kp": "50.0",
            "roll_ki": "0.0",
            "roll_kd": "0.0",
            "pitch_kp": "50.0",
            "pitch_ki": "0.0",
            "pitch_kd": "0.0",
            "yaw_kp": "80.0",
            "yaw_ki": "0.0",
            "yaw_kd": "0.0"
        },
        "pid_attitude": {
            "roll_kp": "10.0",
            "roll_ki": "0.5",
            "roll_kd": "0.5",
            "pitch_kp": "13.0",
            "pitch_ki": "0.5",
            "pitch_kd": "1.5",
            "yaw_kp": "8.0",
            "yaw_ki": "0.5",
            "yaw_kd": "0.5"
        },
        "velCtlPid": {
            "vxKp": "15.0",
            "vxKi": "1.0",
            "vxKd": "0.0",
            "vyKp": "10.0",
            "vyKi": "1.0",
            "vyKd": "0.0",
            "vzKp": "12.5",
            "vzKi": "0.5",
            "vzKd": "0.0"
        },
        "posCtlPid": {
            "xKp": "1.5",
            "xKi": "0.20000000298023224",
            "xKd": "0.20000000298023224",
            "yKp": "1.5",
            "yKi": "0.20000000298023224",
            "yKd": "0.20000000298023224",
            "zKp": "5.0",
            "zKi": "0.5",
            "zKd": "0.0"
        }
    },
    "pose": [
        [
            0.5493339233398438,
            0.34250469970703123,
            0.25756198120117185,
            null,
            null,
            null,
            [
                [
                    0.997413694858551,
                    -0.06686075031757355,
                    0.02637312561273575
                ],
                [
                    0.06627648323774338,
                    0.9975489377975464,
                    0.02243928052484989
                ],
                [
                    -0.027808791026473045,
                    -0.020633328706026077,
                    0.9994003176689148
                ]
            ]
        ],
        [
            0.5494058837890625,
            0.34219873046875,
            0.2575894470214844,
            null,
            null,
            null,
            [
                [
                    0.9972615242004395,
                    -0.07079178094863892,
                    0.021400893107056618
                ],
                [
                    0.07035752385854721,
                    0.9973130822181702,
                    0.020406564697623253
                ],
                [
                    -0.02278800681233406,
                    -0.0188449677079916,
                    0.999562680721283
                ]
            ]
        ],
        [
            0.5423433837890625,
            0.344228271484375,
            0.2683094482421875,
            null,
            null,
            null,
            [
                [
                    0.9891451597213745,
                    -0.07730311900377274,
                    -0.12496427446603775
                ],
                [
                    0.08132314682006836,
                    0.9963114261627197,
                    0.027387162670493126
                ],
                [
                    0.12238622456789017,
                    -0.03725236654281616,
                    0.9917832016944885
                ]
            ]
        ],
        [
            0.5144720458984375,
            0.3358011779785156,
            0.3411425170898438,
            null,
            null,
            null,
            [
                [
                    0.93305903673172,
                    -0.1545630395412445,
                    -0.3248246908187866
                ],
                [
                    0.0917501375079155,
                    0.9753745198249817,
                    -0.20056529343128204
                ],
                [
                    0.34782570600509644,
                    0.15733656287193298,
                    0.9242632389068604
                ]
            ]
        ],
        [
            0.444242919921875,
            0.31737710571289063,
            0.439199951171875,
            null,
            null,
            null,
            [
                [
                    0.9376643896102905,
                    -0.196188285946846,
                    -0.28687217831611633
                ],
                [
                    0.09061993658542633,
                    0.9348939061164856,
                    -0.34316378831863403
                ],
                [
                    0.3355197608470917,
                    0.2957761287689209,
                    0.8943952918052673
                ]
            ]
        ],
        [
            0.3677103576660156,
            0.28015994262695315,
            0.5351466064453125,
            null,
            null,
            null,
            [
                [
                    0.9612225890159607,
                    -0.12306114286184311,
                    -0.24679355323314667
                ],
                [
                    0.0648583397269249,
                    0.9706913232803345,
                    -0.23141241073608398
                ],
                [
                    0.26803824305534363,
                    0.20643222332000732,
                    0.9410319924354553
                ]
            ]
        ],
        [
            0.2727841491699219,
            0.22950001525878908,
            0.6756924438476563,
            null,
            null,
            null,
            [
                [
                    0.982471227645874,
                    -0.1711648553609848,
                    -0.07384400814771652
                ],
                [
                    0.13753464818000793,
                    0.9329590201377869,
                    -0.3326736390590668
                ],
                [
                    0.12583546340465546,
                    0.31668615341186523,
                    0.9401464462280273
                ]
            ]
        ],
        [
            0.21044837951660156,
            0.18637904357910157,
            0.7986395263671875,
            null,
            null,
            null,
            [
                [
                    0.9972385764122009,
                    -0.07125860452651978,
                    0.02091553620994091
                ],
                [
                    0.07291179895401001,
                    0.9929531216621399,
                    -0.09342329949140549
                ],
                [
                    -0.014110933989286423,
                    0.09469030052423477,
                    0.9954067468643188
                ]
            ]
        ],
        [
            0.17087844848632813,
            0.14492820739746093,
            0.9368685913085938,
            null,
            null,
            null,
            [
                [
                    0.9906409382820129,
                    -0.03946727514266968,
                    0.13066324591636658
                ],
                [
                    0.03916212543845177,
                    0.9992208480834961,
                    0.004905129317194223
                ],
                [
                    -0.13075502216815948,
                    0.00025782844750210643,
                    0.9914146661758423
                ]
            ]
        ],
        [
            0.1563334503173828,
            0.12044703674316407,
            1.075039794921875,
            null,
            null,
            null,
            [
                [
                    0.9832801222801208,
                    -0.03652920201420784,
                    0.17839793860912323
                ],
                [
                    0.022702299058437347,
                    0.9966207146644592,
                    0.078941710293293
                ],
                [
                    -0.18067875504493713,
                    -0.07357177138328552,
                    0.9807866215705872
                ]
            ]
        ],
        [
            0.15898855590820313,
            0.10843520355224609,
            1.1613441162109375,
            null,
            null,
            null,
            [
                [
                    0.9861225485801697,
                    -0.019440824165940285,
                    0.16487669944763184
                ],
                [
                    0.004660762846469879,
                    0.9959704875946045,
                    0.08956028521060944
                ],
                [
                    -0.16595345735549927,
                    -0.08754897117614746,
                    0.9822396039962769
                ]
            ]
        ],
        [
            0.16214346313476563,
            0.09920948028564452,
            1.1977208251953124,
            null,
            null,
            null,
            [
                [
                    0.9962805509567261,
                    0.006637739948928356,
                    0.08591285347938538
                ],
                [
                    -0.009597658179700375,
                    0.9993728399276733,
                    0.034085508435964584
                ],
                [
                    -0.08563271909952164,
                    -0.034783292561769485,
                    0.9957194328308105
                ]
            ]
        ],
        [
            0.16068472290039063,
            0.0918841552734375,
            1.191936279296875,
            null,
            null,
            null,
            [
                [
                    0.9988744258880615,
                    0.033748239278793335,
                    -0.033331248909235
                ],
                [
                    -0.03496061637997627,
                    0.9987224340438843,
                    -0.03648651763796806
                ],
                [
                    0.03205731138586998,
                    0.0376107282936573,
                    0.9987781047821045
                ]
            ]
        ],
        [
            0.1478107452392578,
            0.08119661712646484,
            1.163694580078125,
            null,
            null,
            null,
            [
                [
                    0.9864321351051331,
                    0.05189322680234909,
                    -0.15575213730335236
                ],
                [
                    -0.06943033635616302,
                    0.9915749430656433,
                    -0.10935511440038681
                ],
                [
                    0.14876513183116913,
                    0.11868532001972198,
                    0.9817243814468384
                ]
            ]
        ],
        [
            0.12030862426757813,
            0.0707994155883789,
            1.127349609375,
            null,
            null,
            null,
            [
                [
                    0.9680178761482239,
                    0.07168232649564743,
                    -0.24042251706123352
                ],
                [
                    -0.09513786435127258,
                    0.9916196465492249,
                    -0.0874025970697403
                ],
                [
                    0.23214247822761536,
                    0.10748056322336197,
                    0.9667252898216248
                ]
            ]
        ],
        [
            0.07753866577148437,
            0.06082111358642578,
            1.0981884765625,
            null,
            null,
            null,
            [
                [
                    0.9620028138160706,
                    0.1113591194152832,
                    -0.24929851293563843
                ],
                [
                    -0.13663500547409058,
                    0.9868429899215698,
                    -0.08643973618745804
                ],
                [
                    0.23639263212680817,
                    0.11721817404031754,
                    0.9645612835884094
                ]
            ]
        ],
        [
            0.023342479705810548,
            0.04631852340698242,
            1.083651611328125,
            null,
            null,
            null,
            [
                [
                    0.9731447100639343,
                    0.11369731277227402,
                    -0.2001556009054184
                ],
                [
                    -0.13042797148227692,
                    0.9888073801994324,
                    -0.07244641333818436
                ],
                [
                    0.1896783858537674,
                    0.09660673141479492,
                    0.9770820140838623
                ]
            ]
        ],
        [
            -0.03220768356323242,
            0.039577659606933595,
            1.083711181640625,
            null,
            null,
            null,
            [
                [
                    0.9861454963684082,
                    0.12377539277076721,
                    -0.1104387640953064
                ],
                [
                    -0.12883277237415314,
                    0.9908645153045654,
                    -0.0398702397942543
                ],
                [
                    0.10449489951133728,
                    0.0535459890961647,
                    0.9930828809738159
                ]
            ]
        ],
        [
            -0.0787988052368164,
            0.02907731056213379,
            1.09645068359375,
            null,
            null,
            null,
            [
                [
                    0.995080828666687,
                    0.09905730187892914,
                    0.0013222642010077834
                ],
                [
                    -0.098780557513237,
                    0.9931367039680481,
                    -0.06262476742267609
                ],
                [
                    -0.007516629993915558,
                    0.062186095863580704,
                    0.99803626537323
                ]
            ]
        ],
        [
            -0.11004686737060547,
            0.02113589096069336,
            1.1108936767578126,
            null,
            null,
            null,
            [
                [
                    0.9906718134880066,
                    0.09209611266851425,
                    0.10043734312057495
                ],
                [
                    -0.08688359707593918,
                    0.9946934580802917,
                    -0.05510175973176956
                ],
                [
                    -0.1049790233373642,
                    0.04586140438914299,
                    0.9934163689613342
                ]
            ]
        ],
        [
            -0.12675386810302736,
            0.012253439903259278,
            1.121275146484375,
            null,
            null,
            null,
            [
                [
                    0.9814490079879761,
                    0.10796979069709778,
                    0.1584310680627823
                ],
                [
                    -0.09252564609050751,
                    0.9904891848564148,
                    -0.10183420777320862
                ],
                [
                    -0.16791927814483643,
                    0.08528614789247513,
                    0.9821045994758606
                ]
            ]
        ],
        [
            -0.12933560180664064,
            -0.0022069106101989745,
            1.1225567626953126,
            null,
            null,
            null,
            [
                [
                    0.9840005040168762,
                    0.0975089743733406,
                    0.14911411702632904
                ],
                [
                    -0.0794840008020401,
                    0.9892921447753906,
                    -0.12240666151046753
                ],
                [
                    -0.15945316851139069,
                    0.10859602689743042,
                    0.9812143445014954
                ]
            ]
        ],
        [
            -0.12489305877685547,
            -0.014007095336914063,
            1.118828857421875,
            null,
            null,
            null,
            [
                [
                    0.9911943078041077,
                    0.07871828973293304,
                    0.10647688060998917
                ],
                [
                    -0.07022764533758163,
                    0.9942147135734558,
                    -0.08127249777317047
                ],
                [
                    -0.11225850880146027,
                    0.07307921350002289,
                    0.9909881353378296
                ]
            ]
        ],
        [
            -0.11831676483154296,
            -0.023513172149658205,
            1.1133631591796875,
            null,
            null,
            null,
            [
                [
                    0.9958935976028442,
                    0.08578205108642578,
                    0.028937799856066704
                ],
                [
                    -0.08400740474462509,
                    0.9947876334190369,
                    -0.05779590085148811
                ],
                [
                    -0.03374481573700905,
                    0.0551275759935379,
                    0.9979089498519897
                ]
            ]
        ],
        [
            -0.11702152252197266,
            -0.03304595947265625,
            1.1089395751953126,
            null,
            null,
            null,
            [
                [
                    0.9954281449317932,
                    0.08384592086076736,
                    -0.04574546590447426
                ],
                [
                    -0.08647751063108444,
                    0.9945082068443298,
                    -0.05894995480775833
                ],
                [
                    0.040551524609327316,
                    0.06263639777898788,
                    0.9972122311592102
                ]
            ]
        ],
        [
            -0.12413262176513672,
            -0.03857633972167969,
            1.1037708740234375,
            null,
            null,
            null,
            [
                [
                    0.9902867674827576,
                    0.09827753156423569,
                    -0.09835457056760788
                ],
                [
                    -0.10185369849205017,
                    0.9942841529846191,
                    -0.03201252222061157
                ],
                [
                    0.09464628249406815,
                    0.041719354689121246,
                    0.9946364164352417
                ]
            ]
        ],
        [
            -0.13941380310058593,
            -0.03826091766357422,
            1.1006630859375,
            null,
            null,
            null,
            [
                [
                    0.9907963871955872,
                    0.07984531670808792,
                    -0.10930322855710983
                ],
                [
                    -0.08157835155725479,
                    0.9966009259223938,
                    -0.011469238437712193
                ],
                [
                    0.10801593214273453,
                    0.02028045803308487,
                    0.9939422607421875
                ]
            ]
        ],
        [
            -0.16158619689941406,
            -0.04065058135986328,
            1.0995914306640624,
            null,
            null,
            null,
            [
                [
                    0.9923341274261475,
                    0.07983085513114929,
                    -0.09434014558792114
                ],
                [
                    -0.08722496777772903,
                    0.9932053089141846,
                    -0.07703913748264313
                ],
                [
                    0.08754903078079224,
                    0.08467738330364227,
                    0.9925547242164612
                ]
            ]
        ],
        [
            -0.18211566162109374,
            -0.03931881332397461,
            1.0970673828125,
            null,
            null,
            null,
            [
                [
                    0.9979745745658875,
                    0.062196098268032074,
                    -0.013355094008147717
                ],
                [
                    -0.06279973685741425,
                    0.9967262744903564,
                    -0.05092114582657814
                ],
                [
                    0.010144275613129139,
                    0.051656704396009445,
                    0.9986133575439453
                ]
            ]
        ],
        [
            -0.19600743103027343,
            -0.036186798095703125,
            1.094081298828125,
            null,
            null,
            null,
            [
                [
                    0.9971113801002502,
                    0.04503808170557022,
                    0.06115979701280594
                ],
                [
                    -0.043215855956077576,
                    0.9985909461975098,
                    -0.030798010528087616
                ],
                [
                    -0.062460701912641525,
                    0.02806597389280796,
                    0.9976527094841003
                ]
            ]
        ],
        [
            -0.199873291015625,
            -0.03997416305541992,
            1.0879586181640626,
            null,
            null,
            null,
            [
                [
                    0.9898717403411865,
                    0.06161441281437874,
                    0.12789686024188995
                ],
                [
                    -0.04746009036898613,
                    0.9926965832710266,
                    -0.1109098345041275
                ],
                [
                    -0.13379642367362976,
                    0.10371651500463486,
                    0.9855665564537048
                ]
            ]
        ],
        [
            -0.19128323364257813,
            -0.04468925476074219,
            1.08097802734375,
            null,
            null,
            null,
            [
                [
                    0.9823824763298035,
                    0.08065690100193024,
                    0.16857978701591492
                ],
                [
                    -0.06731782853603363,
                    0.9942393898963928,
                    -0.08340506255626678
                ],
                [
                    -0.17433585226535797,
                    0.07058724015951157,
                    0.9821529388427734
                ]
            ]
        ],
        [
            -0.17051402282714845,
            -0.04682118225097656,
            1.07583349609375,
            null,
            null,
            null,
            [
                [
                    0.98617023229599,
                    0.05874951556324959,
                    0.1549733579158783
                ],
                [
                    -0.046368300914764404,
                    0.9955255389213562,
                    -0.08233419060707092
                ],
                [
                    -0.15911702811717987,
                    0.07400967925786972,
                    0.9844817519187927
                ]
            ]
        ],
        [
            -0.14914569091796875,
            -0.05336731338500977,
            1.075890625,
            null,
            null,
            null,
            [
                [
                    0.9916023015975952,
                    0.06554408371448517,
                    0.11148486286401749
                ],
                [
                    -0.05593828484416008,
                    0.9946179986000061,
                    -0.08721177279949188
                ],
                [
                    -0.11660106480121613,
                    0.08024311810731888,
                    0.9899319410324097
                ]
            ]
        ],
        [
            -0.12995782470703124,
            -0.05220337677001953,
            1.0807099609375,
            null,
            null,
            null,
            [
                [
                    0.9930934309959412,
                    0.10479675978422165,
                    0.052754711359739304
                ],
                [
                    -0.10308267176151276,
                    0.9940835237503052,
                    -0.03423398360610008
                ],
                [
                    -0.05603019893169403,
                    0.028559448197484016,
                    0.9980205297470093
                ]
            ]
        ],
        [
            -0.11671329498291015,
            -0.049768562316894534,
            1.08614892578125,
            null,
            null,
            null,
            [
                [
                    0.9967249035835266,
                    0.0807308554649353,
                    -0.004688708111643791
                ],
                [
                    -0.0808631032705307,
                    0.9955632090568542,
                    -0.04811538755893707
                ],
                [
                    0.0007835087599232793,
                    0.048336949199438095,
                    0.9988307952880859
                ]
            ]
        ],
        [
            -0.11267543029785156,
            -0.048979793548583984,
            1.0914833984375,
            null,
            null,
            null,
            [
                [
                    0.9936046600341797,
                    0.10537519305944443,
                    -0.04056861624121666
                ],
                [
                    -0.10767281800508499,
                    0.9924120306968689,
                    -0.05937116965651512
                ],
                [
                    0.034004535526037216,
                    0.06335961073637009,
                    0.9974112510681152
                ]
            ]
        ],
        [
            -0.1134014663696289,
            -0.04391730499267578,
            1.094984619140625,
            null,
            null,
            null,
            [
                [
                    0.9926179647445679,
                    0.11654596775770187,
                    -0.03356520086526871
                ],
                [
                    -0.11768412590026855,
                    0.9924619793891907,
                    -0.03419993817806244
                ],
                [
                    0.029326321557164192,
                    0.037897564470767975,
                    0.9988512396812439
                ]
            ]
        ],
        [
            -0.11498801422119141,
            -0.04084917068481445,
            1.0941478271484375,
            null,
            null,
            null,
            [
                [
                    0.9914932250976562,
                    0.1299787163734436,
                    -0.006834098137915134
                ],
                [
                    -0.13009096682071686,
                    0.98792564868927,
                    -0.08413847535848618
                ],
                [
                    -0.004184630699455738,
                    0.08431178331375122,
                    0.9964306354522705
                ]
            ]
        ],
        [
            -0.11345435333251953,
            -0.039533432006835935,
            1.0906324462890624,
            null,
            null,
            null,
            [
                [
                    0.9903568029403687,
                    0.12940095365047455,
                    0.049485862255096436
                ],
                [
                    -0.12420358508825302,
                    0.9875388741493225,
                    -0.09664592146873474
                ],
                [
                    -0.06137528643012047,
                    0.08956761658191681,
                    0.9940878748893738
                ]
            ]
        ],
        [
            -0.10495162200927734,
            -0.034542999267578124,
            1.0838861083984375,
            null,
            null,
            null,
            [
                [
                    0.9854929447174072,
                    0.1289348006248474,
                    0.11036089062690735
                ],
                [
                    -0.12224233895540237,
                    0.9903414249420166,
                    -0.06542643159627914
                ],
                [
                    -0.11773071438074112,
                    0.05098651349544525,
                    0.9917357563972473
                ]
            ]
        ],
        [
            -0.09287197875976562,
            -0.029754289627075194,
            1.0768736572265625,
            null,
            null,
            null,
            [
                [
                    0.9841039776802063,
                    0.11654407531023026,
                    0.13400323688983917
                ],
                [
                    -0.10640714317560196,
                    0.9910591840744019,
                    -0.0804934874176979
                ],
                [
                    -0.14218617975711823,
                    0.06495506316423416,
                    0.9877064228057861
                ]
            ]
        ],
        [
            -0.07710317230224609,
            -0.031601486206054685,
            1.072224365234375,
            null,
            null,
            null,
            [
                [
                    0.9847010970115662,
                    0.12309503555297852,
                    0.12333423644304276
                ],
                [
                    -0.10987304896116257,
                    0.9879699349403381,
                    -0.10882694274187088
                ],
                [
                    -0.13524657487869263,
                    0.09361090511083603,
                    0.9863799214363098
                ]
            ]
        ],
        [
            -0.06078679275512695,
            -0.032731853485107425,
            1.0706976318359376,
            null,
            null,
            null,
            [
                [
                    0.9898554086685181,
                    0.09954001009464264,
                    0.10138054192066193
                ],
                [
                    -0.09164225310087204,
                    0.9925896525382996,
                    -0.0797964408993721
                ],
                [
                    -0.10857221484184265,
                    0.06969619542360306,
                    0.9916423559188843
                ]
            ]
        ],
        [
            -0.048214359283447264,
            -0.0349865608215332,
            1.070064208984375,
            null,
            null,
            null,
            [
                [
                    0.9929796457290649,
                    0.10035271942615509,
                    0.06261637061834335
                ],
                [
                    -0.09418891370296478,
                    0.9910451769828796,
                    -0.09464626759290695
                ],
                [
                    -0.07155366241931915,
                    0.08808404207229614,
                    0.9935397505760193
                ]
            ]
        ],
        [
            -0.03953733825683594,
            -0.04106412124633789,
            1.070780517578125,
            null,
            null,
            null,
            [
                [
                    0.9922104477882385,
                    0.11799433082342148,
                    0.039946433156728745
                ],
                [
                    -0.1152266338467598,
                    0.9911666512489319,
                    -0.06566232442855835
                ],
                [
                    -0.047341350466012955,
                    0.060547951608896255,
                    0.9970420002937317
                ]
            ]
        ],
        [
            -0.03590053176879883,
            -0.04110850524902344,
            1.070308349609375,
            null,
            null,
            null,
            [
                [
                    0.9941377639770508,
                    0.10552246123552322,
                    0.023560013622045517
                ],
                [
                    -0.10467112064361572,
                    0.9938963651657104,
                    -0.03484184294939041
                ],
                [
                    -0.027092810720205307,
                    0.03217153996229172,
                    0.9991151094436646
                ]
            ]
        ],
        [
            -0.034203964233398436,
            -0.043010887145996095,
            1.0692557373046876,
            null,
            null,
            null,
            [
                [
                    0.9901006817817688,
                    0.13841044902801514,
                    0.023306051269173622
                ],
                [
                    -0.13670386373996735,
                    0.9885775446891785,
                    -0.06345438957214355
                ],
                [
                    -0.03182259202003479,
                    0.05964021012187004,
                    0.9977125525474548
                ]
            ]
        ],
        [
            -0.03230499267578125,
            -0.0452174186706543,
            1.0662991943359375,
            null,
            null,
            null,
            [
                [
                    0.9889727234840393,
                    0.13759544491767883,
                    0.05477657914161682
                ],
                [
                    -0.135226771235466,
                    0.989799439907074,
                    -0.04484224691987038
                ],
                [
                    -0.06038791686296463,
                    0.036940496414899826,
                    0.997491180896759
                ]
            ]
        ],
        [
            -0.02842777442932129,
            -0.04344303894042969,
            1.0642469482421875,
            null,
            null,
            null,
            [
                [
                    0.9882053732872009,
                    0.1330372542142868,
                    0.07583659887313843
                ],
                [
                    -0.1288231611251831,
                    0.9899695515632629,
                    -0.058007556945085526
                ],
                [
                    -0.08279309421777725,
                    0.04755387082695961,
                    0.9954315423965454
                ]
            ]
        ],
        [
            -0.014562471389770508,
            -0.044064212799072265,
            1.061645751953125,
            null,
            null,
            null,
            [
                [
                    0.9875459671020508,
                    -0.07641441375017166,
                    0.13752762973308563
                ],
                [
                    0.08380533754825592,
                    0.9952879548072815,
                    -0.04877035692334175
                ],
                [
                    -0.13315284252166748,
                    0.0596885159611702,
                    0.9892964959144592
                ]
            ]
        ],
        [
            0.011127460479736328,
            -0.024955877304077147,
            1.05358203125,
            null,
            null,
            null,
            [
                [
                    0.9548673033714294,
                    -0.1743478775024414,
                    0.24048130214214325
                ],
                [
                    0.1450362652540207,
                    0.9802066087722778,
                    0.13475710153579712
                ],
                [
                    -0.25921598076820374,
                    -0.09379664808511734,
                    0.9612540006637573
                ]
            ]
        ],
        [
            0.0515908088684082,
            0.006747783184051514,
            1.0393770751953124,
            null,
            null,
            null,
            [
                [
                    0.8594279885292053,
                    -0.41516628861427307,
                    0.2983630299568176
                ],
                [
                    0.3513953983783722,
                    0.9035707712173462,
                    0.24511444568634033
                ],
                [
                    -0.3713553547859192,
                    -0.10581481456756592,
                    0.9224415421485901
                ]
            ]
        ],
        [
            0.11348975372314453,
            0.05808871078491211,
            1.0283922119140625,
            null,
            null,
            null,
            [
                [
                    0.7946863770484924,
                    -0.5187543034553528,
                    0.3152261972427368
                ],
                [
                    0.4734485447406769,
                    0.8546895384788513,
                    0.21296066045761108
                ],
                [
                    -0.37989479303359985,
                    -0.019993552938103676,
                    0.9248136281967163
                ]
            ]
        ],
        [
            0.17656405639648437,
            0.1176994857788086,
            1.0268140869140625,
            null,
            null,
            null,
            [
                [
                    0.6301166415214539,
                    -0.7436193227767944,
                    0.2235693633556366
                ],
                [
                    0.7111740708351135,
                    0.6682595610618591,
                    0.2183130830526352
                ],
                [
                    -0.31174421310424805,
                    0.02143402397632599,
                    0.9499242901802063
                ]
            ]
        ],
        [
            0.23096687316894532,
            0.17974678039550782,
            1.0403555908203126,
            null,
            null,
            null,
            [
                [
                    0.43222981691360474,
                    -0.8993181586265564,
                    0.06636405736207962
                ],
                [
                    0.868319571018219,
                    0.4349275231361389,
                    0.2384517341852188
                ],
                [
                    -0.24330753087997437,
                    -0.04544074460864067,
                    0.9688841700553894
                ]
            ]
        ],
        [
            0.278218994140625,
            0.24657347106933594,
            1.0669420166015624,
            null,
            null,
            null,
            [
                [
                    0.11298095434904099,
                    -0.9895137548446655,
                    -0.08998790383338928
                ],
                [
                    0.9699414968490601,
                    0.09019289165735245,
                    0.22600598633289337
                ],
                [
                    -0.2155197560787201,
                    -0.11281737685203552,
                    0.9699605703353882
                ]
            ]
        ],
        [
            0.29433212280273435,
            0.3118050842285156,
