{
    "radius": 0.275,
    "angular_speed": 13,
    "save_freq": 0.1,
    "pid_gains": {
        "pid_rate": {
            "roll_kp": "50.0",
            "roll_ki": "0.0",
            "roll_kd": "0.0",
            "pitch_kp": "50.0",
            "pitch_ki": "0.0",
            "pitch_kd": "0.0",
            "yaw_kp": "80.0",
            "yaw_ki": "0.0",
            "yaw_kd": "0.0"
        },
        "pid_attitude": {
            "roll_kp": "10.0",
            "roll_ki": "0.5",
            "roll_kd": "0.5",
            "pitch_kp": "13.0",
            "pitch_ki": "0.5",
            "pitch_kd": "1.5",
            "yaw_kp": "8.0",
            "yaw_ki": "0.5",
            "yaw_kd": "0.5"
        },
        "velCtlPid": {
            "vxKp": "15.0",
            "vxKi": "1.0",
            "vxKd": "0.0",
            "vyKp": "10.0",
            "vyKi": "1.0",
            "vyKd": "0.0",
            "vzKp": "12.5",
            "vzKi": "0.5",
            "vzKd": "0.0"
        },
        "posCtlPid": {
            "xKp": "1.5",
            "xKi": "0.20000000298023224",
            "xKd": "0.20000000298023224",
            "yKp": "1.5",
            "yKi": "0.20000000298023224",
            "yKd": "0.20000000298023224",
            "zKp": "5.0",
            "zKi": "0.5",
            "zKd": "0.0"
        }
    },
    "pose": [
        [
            0.0702596664428711,
            0.08533792114257813,
            0.26113397216796874,
            null,
            null,
            null,
            [
                [
                    0.9985793828964233,
                    0.0016451170668005943,
                    0.05325944721698761
                ],
                [
                    -0.0026853305753320456,
                    0.9998069405555725,
                    0.01946539618074894
                ],
                [
                    -0.05321713909506798,
                    -0.019580760970711708,
                    0.9983909726142883
                ]
            ]
        ],
        [
            0.07046604919433594,
            0.08518377685546875,
            0.2610863342285156,
            null,
            null,
            null,
            [
                [
                    0.9985466003417969,
                    0.005227373447269201,
                    0.053640611469745636
                ],
                [
                    -0.006302536930888891,
                    0.9997822046279907,
                    0.019894296303391457
                ],
                [
                    -0.0535249337553978,
                    -0.020203454419970512,
                    0.998362123966217
                ]
            ]
        ],
        [
            0.06844709777832031,
            0.07739826202392579,
            0.2788741760253906,
            null,
            null,
            null,
            [
                [
                    0.999337911605835,
                    -0.00038902738015167415,
                    -0.036381784826517105
                ],
                [
                    -0.0016021366463974118,
                    0.9985023736953735,
                    -0.05468452349305153
                ],
                [
                    0.03634857386350632,
                    0.05470660701394081,
                    0.9978406429290771
                ]
            ]
        ],
        [
            0.06726048278808594,
            0.07575843048095703,
            0.37539205932617187,
            null,
            null,
            null,
            [
                [
                    0.9999427199363708,
                    -0.006454496644437313,
                    0.00853557325899601
                ],
                [
                    0.0068914275616407394,
                    0.9986132979393005,
                    -0.052191779017448425
                ],
                [
                    -0.008186865597963333,
                    0.05224761366844177,
                    0.9986006021499634
                ]
            ]
        ],
        [
            0.06043442153930664,
            0.06876070404052734,
            0.4988344421386719,
            null,
            null,
            null,
            [
                [
                    0.9995565414428711,
                    0.0206723902374506,
                    0.02143245004117489
                ],
                [
                    -0.019333742558956146,
                    0.9979572892189026,
                    -0.06088872253894806
                ],
                [
                    -0.02264738641679287,
                    0.06044735014438629,
                    0.9979144334793091
                ]
            ]
        ],
        [
            0.05390671157836914,
            0.06134391403198242,
            0.6304013671875,
            null,
            null,
            null,
            [
                [
                    0.998266875743866,
                    0.057914622128009796,
                    0.01044453028589487
                ],
                [
                    -0.05715731531381607,
                    0.9964269995689392,
                    -0.06217942014336586
                ],
                [
                    -0.01400830876082182,
                    0.06147467717528343,
                    0.9980103373527527
                ]
            ]
        ],
        [
            0.0478697624206543,
            0.04739078903198242,
            0.7620519409179688,
            null,
            null,
            null,
            [
                [
                    0.9991780519485474,
                    0.039226971566677094,
                    0.010218126699328423
                ],
                [
                    -0.03817983716726303,
                    0.9953986406326294,
                    -0.08788514882326126
                ],
                [
                    -0.01361857820302248,
                    0.08742278814315796,
                    0.9960781931877136
                ]
            ]
        ],
        [
            0.041470653533935545,
            0.02813901710510254,
            0.8965473022460938,
            null,
            null,
            null,
            [
                [
                    0.9991855621337891,
                    0.0303922351449728,
                    0.026543648913502693
                ],
                [
                    -0.02729910984635353,
                    0.9935576319694519,
                    -0.10999095439910889
                ],
                [
                    -0.029715515673160553,
                    0.10917675495147705,
                    0.9935780763626099
                ]
            ]
        ],
        [
            0.03553473281860352,
            0.005423418045043945,
            1.0234924926757814,
            null,
            null,
            null,
            [
                [
                    0.9990902543067932,
                    0.03256325051188469,
                    0.027538076043128967
                ],
                [
                    -0.02505684643983841,
                    0.9707421064376831,
                    -0.2388136237859726
                ],
                [
                    -0.03450891748070717,
                    0.2379063367843628,
                    0.9706748723983765
                ]
            ]
        ],
        [
            0.029112573623657226,
            -0.013101500511169433,
            1.123776123046875,
            null,
            null,
            null,
            [
                [
                    0.9953140020370483,
                    0.0934629887342453,
                    -0.02479277178645134
                ],
                [
                    -0.09416717290878296,
                    0.9951356053352356,
                    -0.02894236333668232
                ],
                [
                    0.021967129781842232,
                    0.031141404062509537,
                    0.9992735385894775
                ]
            ]
        ],
        [
            0.025392208099365234,
            -0.031337472915649416,
            1.1842152099609375,
            null,
            null,
            null,
            [
                [
                    0.9948472380638123,
                    0.067280612885952,
                    0.07584349811077118
                ],
                [
                    -0.06794504821300507,
                    0.9976697564125061,
                    0.006211601663380861
                ],
                [
                    -0.0752488374710083,
                    -0.011332784779369831,
                    0.9971004128456116
                ]
            ]
        ],
        [
            0.017905643463134766,
            -0.0447147216796875,
            1.1973572998046875,
            null,
            null,
            null,
            [
                [
                    0.9961113929748535,
                    0.06257869303226471,
                    0.06201585754752159
                ],
                [
                    -0.06450220197439194,
                    0.9974810481071472,
                    0.0295137669891119
                ],
                [
                    -0.060012709349393845,
                    -0.03339916095137596,
                    0.9976387023925781
                ]
            ]
        ],
        [
            0.007347462654113769,
            -0.05793973159790039,
            1.1847821044921876,
            null,
            null,
            null,
            [
                [
                    0.997221827507019,
                    0.04550326243042946,
                    0.05897514522075653
                ],
                [
                    -0.04564204812049866,
                    0.9989573359489441,
                    0.0010076746111735702
                ],
                [
                    -0.05886780098080635,
                    -0.003696621395647526,
                    0.9982589483261108
                ]
            ]
        ],
        [
            -0.005965422630310058,
            -0.07018168640136718,
            1.162435302734375,
            null,
            null,
            null,
            [
                [
                    0.99812251329422,
                    0.03826931118965149,
                    0.047821395099163055
                ],
                [
                    -0.0378192774951458,
                    0.9992316961288452,
                    -0.010280702263116837
                ],
                [
                    -0.048178091645240784,
                    0.008452829904854298,
                    0.9988030195236206
                ]
            ]
        ],
        [
            -0.01981618118286133,
            -0.07498446655273437,
            1.1408408203125,
            null,
            null,
            null,
            [
                [
                    0.9980304837226868,
                    0.061971742659807205,
                    0.00972643494606018
                ],
                [
                    -0.061894360929727554,
                    0.9980500936508179,
                    -0.008065084926784039
                ],
                [
                    -0.010207277722656727,
                    0.007447189185768366,
                    0.9999201893806458
                ]
            ]
        ],
        [
            -0.03531558990478516,
            -0.0766558837890625,
            1.1216722412109374,
            null,
            null,
            null,
            [
                [
                    0.995964765548706,
                    0.07226765900850296,
                    0.05321211367845535
                ],
                [
                    -0.0702144131064415,
                    0.9967496991157532,
                    -0.03949642926454544
                ],
                [
                    -0.05589346960186958,
                    0.03560079634189606,
                    0.9978018403053284
                ]
            ]
        ],
        [
            -0.0466630744934082,
            -0.07753177642822266,
            1.108976318359375,
            null,
            null,
            null,
            [
                [
                    0.9943269491195679,
                    0.07209200412034988,
                    0.07820926606655121
                ],
                [
                    -0.07306185364723206,
                    0.9972811341285706,
                    0.009607182815670967
                ],
                [
                    -0.07730402052402496,
                    -0.015266794711351395,
                    0.996890664100647
                ]
            ]
        ],
        [
            -0.05866862487792969,
            -0.07650334167480469,
            1.102619873046875,
            null,
            null,
            null,
            [
                [
                    0.9936432838439941,
                    0.0745653361082077,
                    0.0843387320637703
                ],
                [
                    -0.07271154969930649,
                    0.9970434904098511,
                    -0.02484670840203762
                ],
                [
                    -0.0859420895576477,
                    0.018556363880634308,
                    0.9961273074150085
                ]
            ]
        ],
        [
            -0.06443056488037109,
            -0.07839421844482422,
            1.100885986328125,
            null,
            null,
            null,
            [
                [
                    0.9899153113365173,
                    0.1013806164264679,
                    0.09894286841154099
                ],
                [
                    -0.0973803699016571,
                    0.9942533373832703,
                    -0.044467080384492874
                ],
                [
                    -0.10288237780332565,
                    0.03438355028629303,
                    0.9940990805625916
                ]
            ]
        ],
        [
            -0.065311767578125,
            -0.07141679382324219,
            1.099518310546875,
            null,
            null,
            null,
            [
                [
                    0.9930641651153564,
                    0.0626533254981041,
                    0.09948921948671341
                ],
                [
                    -0.0622786246240139,
                    0.9980351328849792,
                    -0.006870584562420845
                ],
                [
                    -0.09972420334815979,
                    0.00062687968602404,
                    0.9950149059295654
                ]
            ]
        ],
        [
            -0.06857697296142579,
            -0.06694341278076171,
            1.100791015625,
            null,
            null,
            null,
            [
                [
                    0.9950605034828186,
                    0.07377330213785172,
                    0.06642400473356247
                ],
                [
                    -0.07172859460115433,
                    0.9968892931938171,
                    -0.03266168385744095
                ],
                [
                    -0.06862694025039673,
                    0.02773584984242916,
                    0.9972567558288574
                ]
            ]
        ],
        [
            -0.07075579071044921,
            -0.060974372863769534,
            1.10230908203125,
            null,
            null,
            null,
            [
                [
                    0.9953920841217041,
                    0.07644391804933548,
                    0.057886701077222824
                ],
                [
                    -0.07584318518638611,
                    0.9970412850379944,
                    -0.012507707811892033
                ],
                [
                    -0.05867157131433487,
                    0.008059761486947536,
                    0.9982448220252991
                ]
            ]
        ],
        [
            -0.07139705657958985,
            -0.05447359466552734,
            1.102494140625,
            null,
            null,
            null,
            [
                [
                    0.996027410030365,
                    0.0724073052406311,
                    0.051832154393196106
                ],
                [
                    -0.07125744223594666,
                    0.9971763491630554,
                    -0.023701269179582596
                ],
                [
                    -0.05340194329619408,
                    0.0199136883020401,
                    0.9983745217323303
                ]
            ]
        ],
        [
            -0.07634143829345703,
            -0.05159378814697266,
            1.10274609375,
            null,
            null,
            null,
            [
                [
                    0.9969510436058044,
                    0.07194387167692184,
                    0.03021094761788845
                ],
                [
                    -0.07002253085374832,
                    0.9957119226455688,
                    -0.06045292690396309
                ],
                [
                    -0.034430619329214096,
                    0.05815315991640091,
                    0.9977137446403503
                ]
            ]
        ],
        [
            -0.08348046875,
            -0.04269978713989258,
            1.098765869140625,
            null,
            null,
            null,
            [
                [
                    0.996676504611969,
                    0.07697950303554535,
                    0.02664818800985813
                ],
                [
                    -0.07543215900659561,
                    0.9956397414207458,
                    -0.05487754940986633
                ],
                [
                    -0.03075644187629223,
                    0.05268503352999687,
                    0.9981374144554138
                ]
            ]
        ],
        [
            -0.08679949951171875,
            -0.03533465576171875,
            1.097659423828125,
            null,
            null,
            null,
            [
                [
                    0.9927777647972107,
                    0.10651867091655731,
                    0.055190905928611755
                ],
                [
                    -0.10215266048908234,
                    0.9918099045753479,
                    -0.07666806131601334
                ],
                [
                    -0.06290546804666519,
                    0.07047645002603531,
                    0.995527982711792
                ]
            ]
        ],
        [
            -0.09111852264404297,
            -0.03201800537109375,
            1.0966864013671875,
            null,
            null,
            null,
            [
                [
                    0.996607780456543,
                    0.06654727458953857,
                    0.04841936379671097
                ],
                [
                    -0.06340810656547546,
                    0.9959519505500793,
                    -0.06371159106492996
                ],
                [
                    -0.052463192492723465,
                    0.0604252852499485,
                    0.9967930316925049
                ]
            ]
        ],
        [
            -0.09488848876953125,
            -0.02619394874572754,
            1.095056396484375,
            null,
            null,
            null,
            [
                [
                    0.9933086037635803,
                    0.072075754404068,
                    0.09023919701576233
                ],
                [
                    -0.06516202539205551,
                    0.9948721528053284,
                    -0.07735177129507065
                ],
                [
                    -0.09535165131092072,
                    0.07095400989055634,
                    0.992911696434021
                ]
            ]
        ],
        [
            -0.09190398406982422,
            -0.020152206420898437,
            1.094587158203125,
            null,
            null,
            null,
            [
                [
                    0.986085057258606,
                    0.08932479470968246,
                    0.1402045637369156
                ],
                [
                    -0.08343569189310074,
                    0.9953877925872803,
                    -0.04734598472714424
                ],
                [
                    -0.14378708600997925,
                    0.03498910367488861,
                    0.9889898896217346
                ]
            ]
        ],
        [
            -0.08156540679931641,
            -0.022951509475708006,
            1.0919215087890626,
            null,
            null,
            null,
            [
                [
                    0.9774171710014343,
                    0.07506576925516129,
                    0.19753672182559967
                ],
                [
                    -0.06361127644777298,
                    0.9959387183189392,
                    -0.06371548771858215
                ],
                [
                    -0.20151731371879578,
                    0.04971105232834816,
                    0.978222668170929
                ]
            ]
        ],
        [
            -0.06922881317138672,
            -0.030381570816040038,
            1.0909259033203125,
            null,
            null,
            null,
            [
                [
                    0.9792436361312866,
                    0.08199363201856613,
                    0.18536151945590973
                ],
                [
                    -0.06806575506925583,
                    0.9944437742233276,
                    -0.08030304312705994
                ],
                [
                    -0.19091594219207764,
                    0.06601947546005249,
                    0.9793837666511536
                ]
            ]
        ],
        [
            -0.05477346038818359,
            -0.04069164276123047,
            1.0913037109375,
            null,
            null,
            null,
            [
                [
                    0.9889621734619141,
                    0.06931036710739136,
                    0.1309574991464615
                ],
                [
                    -0.054052166640758514,
                    0.9916982054710388,
                    -0.11667466163635254
                ],
                [
                    -0.13795708119869232,
                    0.10830828547477722,
                    0.9844984412193298
                ]
            ]
        ],
        [
            -0.04114078140258789,
            -0.0536281852722168,
            1.094536376953125,
            null,
            null,
            null,
            [
                [
                    0.9908598065376282,
                    0.09965672343969345,
                    0.0909142792224884
                ],
                [
                    -0.09348323196172714,
                    0.9931699633598328,
                    -0.06981617212295532
                ],
                [
                    -0.09725098311901093,
                    0.06067907437682152,
                    0.9934084415435791
                ]
            ]
        ],
        [
            -0.033356971740722656,
            -0.06172600936889648,
            1.0971226806640626,
            null,
            null,
            null,
            [
                [
                    0.9964953660964966,
                    0.0744626596570015,
                    0.038109395653009415
                ],
                [
                    -0.0741395577788353,
                    0.9971994757652283,
                    -0.00982451718300581
                ],
                [
                    -0.038734227418899536,
                    0.006964672822505236,
                    0.9992252588272095
                ]
            ]
        ],
        [
            -0.03329996490478516,
            -0.07008710479736328,
            1.0976939697265624,
            null,
            null,
            null,
            [
                [
                    0.9983392953872681,
                    0.05587826669216156,
                    -0.01400803029537201
                ],
                [
                    -0.055801305919885635,
                    0.9984248876571655,
                    0.00582629581913352
                ],
                [
                    0.014311529695987701,
                    -0.005034953821450472,
                    0.9998849034309387
                ]
            ]
        ],
        [
            -0.04016997146606445,
            -0.08039946746826172,
            1.0953905029296875,
            null,
            null,
            null,
            [
                [
                    0.9977487325668335,
                    0.06701810657978058,
                    -0.0024457986000925303
                ],
                [
                    -0.06701315939426422,
                    0.9977499842643738,
                    0.002053001197054982
                ],
                [
                    0.002577883889898658,
                    -0.001884478610008955,
                    0.9999948740005493
                ]
            ]
        ],
        [
            -0.049830406188964844,
            -0.08700145721435547,
            1.089874267578125,
            null,
            null,
            null,
            [
                [
                    0.9972184896469116,
                    0.072010338306427,
                    0.019230550155043602
                ],
                [
                    -0.07152830064296722,
                    0.9971332550048828,
                    -0.02467738837003708
                ],
                [
                    -0.02095244824886322,
                    0.023233219981193542,
                    0.9995104670524597
                ]
            ]
        ],
        [
            -0.06235802841186523,
            -0.09298136138916016,
            1.0865465087890624,
            null,
            null,
            null,
            [
                [
                    0.993989109992981,
                    0.09965342283248901,
                    0.045330896973609924
                ],
                [
                    -0.09702356904745102,
                    0.9936527609825134,
                    -0.05692651867866516
                ],
                [
                    -0.0507160946726799,
                    0.05218617245554924,
                    0.9973487257957458
                ]
            ]
        ],
        [
            -0.07146672058105469,
            -0.099305908203125,
            1.0822567138671875,
            null,
            null,
            null,
            [
                [
                    0.9884645938873291,
                    0.10982794314622879,
                    0.10428618639707565
                ],
                [
                    -0.10125063359737396,
                    0.991285502910614,
                    -0.08426984399557114
                ],
                [
                    -0.11263256520032883,
                    0.07273870706558228,
                    0.9909707307815552
                ]
            ]
        ],
        [
            -0.06995516204833985,
            -0.10586502075195313,
            1.0792135009765624,
            null,
            null,
            null,
            [
                [
                    0.9735135436058044,
                    0.1097574532032013,
                    0.2005607932806015
                ],
                [
                    -0.10193555802106857,
                    0.9935858845710754,
                    -0.04895176365971565
                ],
                [
                    -0.20464719831943512,
                    0.02721092849969864,
                    0.978457510471344
                ]
            ]
        ],
        [
            -0.05725827789306641,
            -0.11227485656738281,
            1.07484033203125,
            null,
            null,
            null,
            [
                [
                    0.9651175141334534,
                    0.09357665479183197,
                    0.24452313780784607
                ],
                [
                    -0.0824723094701767,
                    0.9950586557388306,
                    -0.05528634414076805
                ],
                [
                    -0.24848836660385132,
                    0.03319143131375313,
                    0.9680660367012024
                ]
            ]
        ],
        [
            -0.037411369323730466,
            -0.12497380828857421,
            1.0706353759765626,
            null,
            null,
            null,
            [
                [
                    0.9631181359291077,
                    0.10584890097379684,
                    0.247385174036026
                ],
                [
                    -0.09682799875736237,
                    0.9941242933273315,
                    -0.04838671162724495
                ],
                [
                    -0.2510532736778259,
                    0.022648310288786888,
                    0.9677082896232605
                ]
            ]
        ],
        [
            -0.013958330154418946,
            -0.13281547546386718,
            1.071510009765625,
            null,
            null,
            null,
            [
                [
                    0.983038067817688,
                    0.06535063683986664,
                    0.17136362195014954
                ],
                [
                    -0.061730027198791504,
                    0.9977442622184753,
                    -0.026378165930509567
                ],
                [
                    -0.172700896859169,
                    0.015352459624409676,
                    0.9848546385765076
                ]
            ]
        ],
        [
            0.009632726669311524,
            -0.1428657989501953,
            1.0778212890625,
            null,
            null,
            null,
            [
                [
                    0.990710973739624,
                    0.10393324494361877,
                    0.0876908078789711
                ],
                [
                    -0.10440538078546524,
                    0.9945344924926758,
                    0.0008023024420253932
                ],
                [
                    -0.08712814748287201,
                    -0.009950242005288601,
                    0.9961473941802979
                ]
            ]
        ],
        [
            0.020180677413940428,
            -0.14642398071289062,
            1.08132373046875,
            null,
            null,
            null,
            [
                [
                    0.9985512495040894,
                    0.05370895937085152,
                    0.0032755418214946985
                ],
                [
                    -0.053797632455825806,
                    0.9977307915687561,
                    0.04048524424433708
                ],
                [
                    -0.001093688770197332,
                    -0.04060280695557594,
                    0.9991747736930847
                ]
            ]
        ],
        [
            0.017480539321899413,
            -0.1488631134033203,
            1.0808336181640625,
            null,
            null,
            null,
            [
                [
                    0.9950495958328247,
                    0.06267369538545609,
                    -0.07712532579898834
                ],
                [
                    -0.061633914709091187,
                    0.9979739189147949,
                    0.015791308134794235
                ],
                [
                    0.07795876264572144,
                    -0.010959599167108536,
                    0.9968963265419006
                ]
            ]
        ],
        [
            0.0035176682472229004,
            -0.15070602416992188,
            1.0769556884765625,
            null,
            null,
            null,
            [
                [
                    0.992322564125061,
                    0.09681128710508347,
                    -0.07696456462144852
                ],
                [
                    -0.09540952742099762,
                    0.9952016472816467,
                    0.021694866940379143
                ],
                [
                    0.07869557291269302,
                    -0.014185153879225254,
                    0.9967977404594421
                ]
            ]
        ],
        [
            -0.01698685836791992,
            -0.1518223419189453,
            1.07232861328125,
            null,
            null,
            null,
            [
                [
                    0.9970513582229614,
                    0.0732492208480835,
                    -0.022872144356369972
                ],
                [
                    -0.07394381612539291,
                    0.9967753887176514,
                    -0.031162716448307037
                ],
                [
                    0.020515747368335724,
                    0.0327620804309845,
                    0.9992526173591614
                ]
            ]
        ],
        [
            -0.03917894744873047,
            -0.15168785095214843,
            1.071859130859375,
            null,
            null,
            null,
            [
                [
                    0.992205023765564,
                    0.08892673254013062,
                    0.08729979395866394
                ],
                [
                    -0.0861215591430664,
                    0.9956556558609009,
                    -0.03539704903960228
                ],
                [
                    -0.0900682806968689,
                    0.02760273404419422,
                    0.9955530166625977
                ]
            ]
        ],
        [
            -0.04838025283813477,
            -0.15490106201171874,
            1.068953369140625,
            null,
            null,
            null,
            [
                [
                    0.9662644863128662,
                    0.11676489561796188,
                    0.22956253588199615
                ],
                [
                    -0.10738153755664825,
                    0.9928044676780701,
                    -0.05299533158540726
                ],
                [
                    -0.23409870266914368,
                    0.026556728407740593,
                    0.9718500375747681
                ]
            ]
        ],
        [
            -0.04229682540893555,
            -0.15446260070800782,
            1.06732470703125,
            null,
            null,
            null,
            [
                [
                    0.8682988286018372,
                    0.42166686058044434,
                    0.2612549662590027
                ],
                [
                    -0.42810505628585815,
                    0.9030621647834778,
                    -0.034710388630628586
                ],
                [
                    -0.25056570768356323,
                    -0.08170558512210846,
                    0.9646455645561218
                ]
            ]
        ],
        [
            -0.017217185974121092,
            -0.14970939636230468,
            1.0734014892578125,
            null,
            null,
            null,
            [
                [
                    0.49992209672927856,
                    0.8407927751541138,
                    0.20771467685699463
                ],
                [
                    -0.8567221760749817,
                    0.5152357220649719,
                    -0.02364853024482727
                ],
                [
                    -0.12690554559230804,
                    -0.16613134741783142,
                    0.9779035449028015
                ]
            ]
        ],
        [
            0.01120525074005127,
            -0.14761758422851562,
            1.085589599609375,
            null,
            null,
            null,
            [
                [
                    0.18184426426887512,
                    0.9765997529029846,
                    0.11482871323823929
                ],
                [
                    -0.9830453991889954,
                    0.1833445429801941,
                    -0.002552175661548972
                ],
                [
                    -0.02354567125439644,
                    -0.11241774260997772,
                    0.9933820366859436
                ]
            ]
        ],
        [
            0.030472637176513672,
            -0.1415531768798828,
            1.0996676025390626,
            null,
            null,
            null,
            [
                [
                    0.004177973140031099,
                    0.9985227584838867,
                    -0.05417395755648613
                ],
                [
                    -0.999733567237854,
                    0.005400544963777065,
                    0.02244080789387226
                ],
                [
                    0.022700225934386253,
                    0.0540657676756382,
                    0.998279333114624
                ]
            ]
        ],
        [
            0.038246711730957034,
            -0.13297079467773437,
            1.1118626708984376,
            null,
            null,
            null,
            [
                [
                    -0.11024574935436249,
                    0.9871949553489685,
                    -0.11529069393873215
                ],
                [
                    -0.9921143054962158,
                    -0.1023455560207367,
                    0.07235071063041687
                ],
                [
                    0.059624768793582916,
                    0.12235789746046066,
                    0.9906933903694153
                ]
            ]
        ],
        [
            0.03237199020385742,
            -0.12315692138671876,
            1.1183441162109375,
            null,
            null,
            null,
            [
                [
                    -0.12440385669469833,
                    0.9796150326728821,
                    -0.15772771835327148
                ],
                [
                    -0.9895867705345154,
                    -0.11089572310447693,
                    0.0917612686753273
                ],
                [
                    0.07239939272403717,
                    0.16750071942806244,
                    0.9832099676132202
                ]
            ]
        ],
        [
            0.024231576919555665,
            -0.10820389556884766,
            1.1223411865234374,
            null,
            null,
            null,
            [
                [
                    -0.13656559586524963,
                    0.9877524971961975,
                    -0.07546407729387283
                ],
                [
                    -0.9900286793708801,
                    -0.13342984020709991,
                    0.04516320303082466
                ],
                [
                    0.03454090654850006,
                    0.080879345536232,
                    0.9961252212524414
                ]
            ]
        ],
        [
