{
    "radius": 0.5,
    "angular_speed": 10,
    "save_freq": 0.1,
    "pid_gains": {
        "pid_rate": {
            "roll_kp": "50.0",
            "roll_ki": "0.0",
            "roll_kd": "0.0",
            "pitch_kp": "50.0",
            "pitch_ki": "0.0",
            "pitch_kd": "0.0",
            "yaw_kp": "80.0",
            "yaw_ki": "0.0",
            "yaw_kd": "0.0"
        },
        "pid_attitude": {
            "roll_kp": "10.0",
            "roll_ki": "0.5",
            "roll_kd": "0.5",
            "pitch_kp": "13.0",
            "pitch_ki": "0.5",
            "pitch_kd": "1.5",
            "yaw_kp": "8.0",
            "yaw_ki": "0.5",
            "yaw_kd": "0.5"
        },
        "velCtlPid": {
            "vxKp": "15.0",
            "vxKi": "1.0",
            "vxKd": "0.0",
            "vyKp": "10.0",
            "vyKi": "1.0",
            "vyKd": "0.0",
            "vzKp": "12.5",
            "vzKi": "0.5",
            "vzKd": "0.0"
        },
        "posCtlPid": {
            "xKp": "1.5",
            "xKi": "0.20000000298023224",
            "xKd": "0.20000000298023224",
            "yKp": "1.5",
            "yKi": "0.20000000298023224",
            "yKd": "0.20000000298023224",
            "zKp": "5.0",
            "zKi": "0.5",
            "zKd": "0.0"
        }
    },
    "pose": [
        [
            0.09527603912353516,
            0.4849871215820313,
            0.25872021484375,
            null,
            null,
            null,
            [
                [
                    0.9908857941627502,
                    -0.13112488389015198,
                    0.030847517773509026
                ],
                [
                    0.13034653663635254,
                    0.9911268353462219,
                    0.02602640725672245
                ],
                [
                    -0.03398651257157326,
                    -0.02176833152770996,
                    0.9991852045059204
                ]
            ]
        ],
        [
            0.0960506591796875,
            0.4852906494140625,
            0.2586913757324219,
            null,
            null,
            null,
            [
                [
                    0.991010844707489,
                    -0.1293678730726242,
                    0.03407978639006615
                ],
                [
                    0.12850606441497803,
                    0.9913578629493713,
                    0.026377592235803604
                ],
                [
                    -0.03719767928123474,
                    -0.02176102064549923,
                    0.999070942401886
                ]
            ]
        ],
        [
            0.09318275451660156,
            0.4782486572265625,
            0.28069732666015623,
            null,
            null,
            null,
            [
                [
                    0.9935842752456665,
                    -0.11308618634939194,
                    0.0013606447027996182
                ],
                [
                    0.11308286339044571,
                    0.99323970079422,
                    -0.026214802637696266
                ],
                [
                    0.0016130857402458787,
                    0.02620048075914383,
                    0.9996554255485535
                ]
            ]
        ],
        [
            0.08954861450195313,
            0.4632564086914063,
            0.3651658935546875,
            null,
            null,
            null,
            [
                [
                    0.9923221468925476,
                    -0.11834905296564102,
                    -0.0359194353222847
                ],
                [
                    0.11308950185775757,
                    0.9858285784721375,
                    -0.12390654534101486
                ],
                [
                    0.05007462576031685,
                    0.118893101811409,
                    0.9916435480117798
                ]
            ]
        ],
        [
            0.07627721405029297,
            0.4344609375,
            0.47247576904296873,
            null,
            null,
            null,
            [
                [
                    0.9946274161338806,
                    -0.10350091755390167,
                    0.0019769351929426193
                ],
                [
                    0.10222692042589188,
                    0.9790174961090088,
                    -0.17627941071987152
                ],
                [
                    0.016309626400470734,
                    0.1755344271659851,
                    0.9843381643295288
                ]
            ]
        ],
        [
            0.05631876373291016,
            0.3938062438964844,
            0.5863043823242188,
            null,
            null,
            null,
            [
                [
                    0.9957106113433838,
                    -0.09028761088848114,
                    -0.020211180672049522
                ],
                [
                    0.08443605154752731,
                    0.9760544300079346,
                    -0.20047026872634888
                ],
                [
                    0.03782719373703003,
                    0.1979038268327713,
                    0.9794912934303284
                ]
            ]
        ],
        [
            0.03408841323852539,
            0.3481028747558594,
            0.7069581909179687,
            null,
            null,
            null,
            [
                [
                    0.9939466714859009,
                    -0.10986277461051941,
                    -0.000366705673513934
                ],
                [
                    0.10813332349061966,
                    0.9788791537284851,
                    -0.17350144684314728
                ],
                [
                    0.019420310854911804,
                    0.17241153120994568,
                    0.9848335385322571
                ]
            ]
        ],
        [
            0.014563351631164552,
            0.30409481811523437,
            0.8190169067382812,
            null,
            null,
            null,
            [
                [
                    0.9795264601707458,
                    -0.09417436271905899,
                    -0.17793011665344238
                ],
                [
                    0.06525912135839462,
                    0.9846481680870056,
                    -0.16189263761043549
                ],
                [
                    0.1904447078704834,
                    0.14696656167507172,
                    0.9706346392631531
                ]
            ]
        ],
        [
            0.0027443232536315918,
            0.25622311401367187,
            0.9470165405273437,
            null,
            null,
            null,
            [
                [
                    0.9933754205703735,
                    -0.06149996072053909,
                    -0.09707219153642654
                ],
                [
                    0.053124360740184784,
                    0.9948232769966125,
                    -0.08662789314985275
                ],
                [
                    0.10189728438854218,
                    0.08089712262153625,
                    0.991500198841095
                ]
            ]
        ],
        [
            0.006934640407562256,
            0.21765325927734375,
            1.076505615234375,
            null,
            null,
            null,
            [
                [
                    0.9910940527915955,
                    -0.12794208526611328,
                    -0.03692490980029106
                ],
                [
                    0.1277915984392166,
                    0.9917802810668945,
                    -0.00641696248203516
                ],
                [
                    0.037442393600940704,
                    0.001641120295971632,
                    0.9992974400520325
                ]
            ]
        ],
        [
            0.02073954200744629,
            0.19277719116210937,
            1.1609749755859375,
            null,
            null,
            null,
            [
                [
                    0.9936263561248779,
                    -0.11114252358675003,
                    0.01881394162774086
                ],
                [
                    0.11059299856424332,
                    0.993468701839447,
                    0.028090719133615494
                ],
                [
                    -0.02181313745677471,
                    -0.025830987840890884,
                    0.9994283318519592
                ]
            ]
        ],
        [
            0.036367008209228516,
            0.17903591918945314,
            1.203259521484375,
            null,
            null,
            null,
            [
                [
                    0.9896751046180725,
                    -0.11503393948078156,
                    0.0855005756020546
                ],
                [
                    0.1149909645318985,
                    0.9933516383171082,
                    0.00544386962428689
                ],
                [
                    -0.08555836975574493,
                    0.004444131627678871,
                    0.9963232278823853
                ]
            ]
        ],
        [
            0.050460704803466795,
            0.17528074645996095,
            1.2059295654296875,
            null,
            null,
            null,
            [
                [
                    0.9908636212348938,
                    -0.1313638687133789,
                    0.0305430106818676
                ],
                [
                    0.1311091184616089,
                    0.9913153648376465,
                    0.01020760741084814
                ],
                [
                    -0.031618669629096985,
                    -0.006109879817813635,
                    0.9994813203811646
                ]
            ]
        ],
        [
            0.056733497619628905,
            0.17576039123535156,
            1.18246923828125,
            null,
            null,
            null,
            [
                [
                    0.9899584054946899,
                    -0.09478669613599777,
                    -0.10487029701471329
                ],
                [
                    0.09134645760059357,
                    0.9951261281967163,
                    -0.03714604303240776
                ],
                [
                    0.1078801229596138,
                    0.027193505316972733,
                    0.993791937828064
                ]
            ]
        ],
        [
            0.05503181457519531,
            0.17717678833007813,
            1.1478297119140626,
            null,
            null,
            null,
            [
                [
                    0.9892175793647766,
                    -0.06662572175264359,
                    -0.13042093813419342
                ],
                [
                    0.05389069393277168,
                    0.99364173412323,
                    -0.09885279834270477
                ],
                [
                    0.13617782294750214,
                    0.09075845032930374,
                    0.986518383026123
                ]
            ]
        ],
        [
            0.042915081024169924,
            0.17416360473632814,
            1.116011962890625,
            null,
            null,
            null,
            [
                [
                    0.9916543960571289,
                    -0.05455032363533974,
                    -0.11681552231311798
                ],
                [
                    0.03267865255475044,
                    0.9828380346298218,
                    -0.18155299127101898
                ],
                [
                    0.12471450865268707,
                    0.17622044682502747,
                    0.9764182567596436
                ]
            ]
        ],
        [
            0.01855906867980957,
            0.16531298828125,
            1.0939432373046876,
            null,
            null,
            null,
            [
                [
                    0.9928573369979858,
                    -0.05925518274307251,
                    -0.1035524383187294
                ],
                [
                    0.03577994555234909,
                    0.9758781790733337,
                    -0.21536391973495483
                ],
                [
                    0.11381599307060242,
                    0.2101205438375473,
                    0.9710279703140259
                ]
            ]
        ],
        [
            -0.005220289707183838,
            0.1515374755859375,
            1.0918785400390625,
            null,
            null,
            null,
            [
                [
                    0.9966838359832764,
                    -0.07431915402412415,
                    -0.03313666582107544
                ],
                [
                    0.06713297963142395,
                    0.9811376929283142,
                    -0.18127861618995667
                ],
                [
                    0.04598410427570343,
                    0.17845289409160614,
                    0.9828733801841736
                ]
            ]
        ],
        [
            -0.025334617614746095,
            0.13483485412597657,
            1.0984052734375,
            null,
            null,
            null,
            [
                [
                    0.9942358732223511,
                    -0.09015484154224396,
                    0.05802740529179573
                ],
                [
                    0.09686712175607681,
                    0.9873214364051819,
                    -0.1257501244544983
                ],
                [
                    -0.04595472291111946,
                    0.1306462287902832,
                    0.9903634190559387
                ]
            ]
        ],
        [
            -0.037203678131103514,
            0.11913327026367188,
            1.1102596435546874,
            null,
            null,
            null,
            [
                [
                    0.9909833669662476,
                    -0.06617474555969238,
                    0.11650265008211136
                ],
                [
                    0.07617660611867905,
                    0.9935835003852844,
                    -0.08359994739294052
                ],
                [
                    -0.11022290587425232,
                    0.09172093123197556,
                    0.989665687084198
                ]
            ]
        ],
        [
            -0.037172645568847654,
            0.10124685668945313,
            1.117277587890625,
            null,
            null,
            null,
            [
                [
                    0.9848463535308838,
                    -0.08372442424297333,
                    0.15188132226467133
                ],
                [
                    0.09960392117500305,
                    0.9899752140045166,
                    -0.10014036297798157
                ],
                [
                    -0.1419745534658432,
                    0.11375083774328232,
                    0.983312726020813
                ]
            ]
        ],
        [
            -0.0359863166809082,
            0.0988653564453125,
            1.116650146484375,
            null,
            null,
            null,
            [
                [
                    0.9859461188316345,
                    -0.06534553319215775,
                    0.15375366806983948
                ],
                [
                    0.08108781278133392,
                    0.9918332695960999,
                    -0.09844542294740677
                ],
                [
                    -0.14606502652168274,
                    0.10952942818403244,
                    0.9831929206848145
                ]
            ]
        ],
        [
            -0.0359863166809082,
            0.0988653564453125,
            1.116650146484375,
            null,
            null,
            null,
            [
                [
                    0.9859461188316345,
                    -0.06534553319215775,
                    0.15375366806983948
                ],
                [
                    0.08108781278133392,
                    0.9918332695960999,
                    -0.09844542294740677
                ],
                [
                    -0.14606502652168274,
                    0.10952942818403244,
                    0.9831929206848145
                ]
            ]
        ],
        [
            0.0003117237091064453,
            0.07097307586669922,
            1.11294580078125,
            null,
            null,
            null,
            [
                [
                    -0.005391452927142382,
                    -0.9956588745117188,
                    0.0929209366440773
                ],
                [
                    0.9957904815673828,
                    -0.013848096132278442,
                    -0.09060630202293396
                ],
                [
                    0.09149974584579468,
                    0.09204129129648209,
                    0.9915423393249512
                ]
            ]
        ],
        [
            0.004916479587554931,
            0.0634167366027832,
            1.1107325439453124,
            null,
            null,
            null,
            [
                [
                    -0.020926110446453094,
                    -0.9996663928031921,
                    0.015139163471758366
                ],
                [
                    0.9963421821594238,
                    -0.0221065916121006,
                    -0.08254418522119522
                ],
                [
                    0.08285132050514221,
                    0.013356458395719528,
                    0.9964724183082581
                ]
            ]
        ],
        [
            0.004916479587554931,
            0.0634167366027832,
            1.1107325439453124,
            null,
            null,
            null,
            [
                [
                    -0.020926110446453094,
                    -0.9996663928031921,
                    0.015139163471758366
                ],
                [
                    0.9963421821594238,
                    -0.0221065916121006,
                    -0.08254418522119522
                ],
                [
                    0.08285132050514221,
                    0.013356458395719528,
                    0.9964724183082581
                ]
            ]
        ],
        [
            -0.00764766263961792,
            0.02243901062011719,
            1.1030679931640626,
            null,
            null,
            null,
            [
                [
                    0.9872217178344727,
                    -0.014482061378657818,
                    -0.15869340300559998
                ],
                [
                    -0.0010699767153710127,
                    0.9952369332313538,
                    -0.09747970849275589
                ],
                [
                    0.1593492478132248,
                    0.09640388190746307,
                    0.9825040102005005
                ]
            ]
        ],
        [
            -0.028496610641479493,
            0.01055047607421875,
            1.1021534423828125,
            null,
            null,
            null,
            [
                [
                    0.9916841983795166,
                    -0.03808450326323509,
                    -0.1229310855269432
                ],
                [
                    0.02832014486193657,
                    0.9963746070861816,
                    -0.08022213727235794
                ],
                [
                    0.12554064393043518,
                    0.07607359439134598,
                    0.9891675114631653
                ]
            ]
        ],
        [
            -0.05852835464477539,
            -0.007996062278747558,
            1.1015411376953126,
            null,
            null,
            null,
            [
                [
                    0.999681830406189,
                    -0.024805810302495956,
                    0.004568152595311403
                ],
                [
                    0.02520614303648472,
                    0.9891020655632019,
                    -0.14505787193775177
                ],
                [
                    -0.0009200913482345641,
                    0.14512686431407928,
                    0.9894126057624817
                ]
            ]
        ],
        [
            -0.07974304962158203,
            -0.02466923141479492,
            1.0992740478515626,
            null,
            null,
            null,
            [
                [
                    0.9959291815757751,
                    -0.008176319301128387,
                    0.0897676944732666
                ],
                [
                    0.01883588917553425,
                    0.9927693605422974,
                    -0.11855056881904602
                ],
                [
                    -0.0881493091583252,
                    0.11975882947444916,
                    0.9888819456100464
                ]
            ]
        ],
        [
            -0.08711548614501953,
            -0.040519954681396485,
            1.0931881103515626,
            null,
            null,
            null,
            [
                [
                    0.9821609258651733,
                    -0.050079308450222015,
                    0.18125121295452118
                ],
                [
                    0.07006436586380005,
                    0.9919379949569702,
                    -0.10559327900409698
                ],
                [
                    -0.1745019257068634,
                    0.11640884727239609,
                    0.9777515530586243
                ]
            ]
        ],
        [
            -0.08245890045166016,
            -0.05770745849609375,
            1.0856552734375,
            null,
            null,
            null,
            [
                [
                    0.9754822254180908,
                    -0.0477224700152874,
                    0.21484172344207764
                ],
                [
                    0.07747140526771545,
                    0.9881839156150818,
                    -0.1322527378797531
                ],
                [
                    -0.2059917002916336,
                    0.14565429091453552,
                    0.9676529765129089
                ]
            ]
        ],
        [
            -0.06597570037841796,
            -0.07045706939697266,
            1.077706298828125,
            null,
            null,
            null,
            [
                [
                    0.9811326861381531,
                    -0.04164744168519974,
                    0.18879659473896027
                ],
                [
                    0.05661429464817047,
                    0.9956061840057373,
                    -0.07458652555942535
                ],
                [
                    -0.1848607063293457,
                    0.0838678628206253,
                    0.9791796207427979
                ]
            ]
        ],
        [
            -0.04484407043457031,
            -0.08185419464111328,
            1.0743846435546875,
            null,
            null,
            null,
            [
                [
                    0.9907039403915405,
                    -0.04329444468021393,
                    0.1289624571800232
                ],
                [
                    0.050618454813957214,
                    0.9972535967826843,
                    -0.054065052419900894
                ],
                [
                    -0.12626756727695465,
                    0.06009034067392349,
                    0.9901745319366455
                ]
            ]
        ],
        [
            -0.025595836639404297,
            -0.09873629760742188,
            1.0753795166015625,
            null,
            null,
            null,
            [
                [
                    0.9997518062591553,
                    0.010226688347756863,
                    0.01979312114417553
                ],
                [
                    -0.007965686731040478,
                    0.9937755465507507,
                    -0.11111553758382797
                ],
                [
                    -0.020806264132261276,
                    0.11093029379844666,
                    0.9936103820800781
                ]
            ]
        ],
        [
            -0.013816533088684082,
            -0.11525539398193359,
            1.07682470703125,
            null,
            null,
            null,
            [
                [
                    0.9993144273757935,
                    0.015748418867588043,
                    -0.03350568190217018
                ],
                [
                    -0.01825219765305519,
                    0.9969572424888611,
                    -0.07578366994857788
                ],
                [
                    0.03221025690436363,
                    0.07634326815605164,
                    0.9965611696243286
                ]
            ]
        ],
        [
            -0.013941133499145508,
            -0.12894010925292967,
            1.0784281005859375,
            null,
            null,
            null,
            [
                [
                    0.996379554271698,
                    0.00999586284160614,
                    -0.08442647755146027
                ],
                [
                    -0.013788298703730106,
                    0.9989161491394043,
                    -0.044457025825977325
                ],
                [
                    0.08389057964086533,
                    0.04546017199754715,
                    0.9954374432563782
                ]
            ]
        ],
        [
            -0.022479879379272462,
            -0.14307780456542968,
            1.0781480712890625,
            null,
            null,
            null,
            [
                [
                    0.9978482127189636,
                    0.0013891777489334345,
                    -0.06555184721946716
                ],
                [
                    -0.006262288428843021,
                    0.9972242116928101,
                    -0.07419305294752121
                ],
                [
                    0.06526682525873184,
                    0.07444390654563904,
                    0.9950870871543884
                ]
            ]
        ],
        [
            -0.034263557434082034,
            -0.15553652954101563,
            1.0756688232421876,
            null,
            null,
            null,
            [
                [
                    0.9998422265052795,
                    0.0020733531564474106,
                    -0.017642751336097717
                ],
                [
                    -0.0026290409732609987,
                    0.9994992613792419,
                    -0.03153199329972267
                ],
                [
                    0.017568541690707207,
                    0.031573403626680374,
                    0.9993470311164856
                ]
            ]
        ],
        [
            -0.04457284927368164,
            -0.16057691955566405,
            1.0739517822265625,
            null,
            null,
            null,
            [
                [
                    0.9987993836402893,
                    0.021775968372821808,
                    0.043882228434085846
                ],
                [
                    -0.02128029428422451,
                    0.9997047185897827,
                    -0.011731278151273727
                ],
                [
                    -0.04412472993135452,
                    0.010783365927636623,
                    0.9989678263664246
                ]
            ]
        ],
        [
            -0.045523277282714845,
            -0.16670884704589845,
            1.072156982421875,
            null,
            null,
            null,
            [
                [
                    0.9921517968177795,
                    0.01436868030577898,
                    0.12421081215143204
                ],
                [
                    -0.00753237446770072,
                    0.9984395503997803,
                    -0.055333346128463745
                ],
                [
                    -0.124812051653862,
                    0.05396347492933273,
                    0.9907118082046509
                ]
            ]
        ],
        [
            -0.03628635025024414,
            -0.16999313354492188,
            1.068560546875,
            null,
            null,
            null,
            [
                [
                    0.9870919585227966,
                    0.021714158356189728,
                    0.1586756706237793
                ],
                [
                    -0.01634676195681095,
                    0.9992517232894897,
                    -0.03505359962582588
                ],
                [
                    -0.15931810438632965,
                    0.03200729191303253,
                    0.9867082834243774
                ]
            ]
        ],
        [
            -0.01968703842163086,
            -0.16930714416503906,
            1.06468017578125,
            null,
            null,
            null,
            [
                [
                    0.9877222180366516,
                    0.019276414066553116,
                    0.15502674877643585
                ],
                [
                    -0.014001947827637196,
                    0.9992877244949341,
                    -0.035043295472860336
                ],
                [
                    -0.15559183061122894,
                    0.0324423648416996,
                    0.9872885346412659
                ]
            ]
        ],
        [
            0.0028472626209259033,
            -0.17376473999023437,
            1.06175146484375,
            null,
            null,
            null,
            [
                [
                    0.992861807346344,
                    0.028945738449692726,
                    0.11570487916469574
                ],
                [
                    -0.019119029864668846,
                    0.9961843490600586,
                    -0.08515404164791107
                ],
                [
                    -0.11772823333740234,
                    0.08233402669429779,
                    0.9896267652511597
                ]
            ]
        ],
        [
            0.023991266250610353,
            -0.17769920349121093,
            1.060205078125,
            null,
            null,
            null,
            [
                [
                    0.9974905848503113,
                    -0.0035597747191786766,
                    0.07070954889059067
                ],
                [
                    0.006209080573171377,
                    0.9992854595184326,
                    -0.03728306293487549
                ],
                [
                    -0.07052630186080933,
                    0.037628546357154846,
                    0.9967999458312988
                ]
            ]
        ],
        [
            0.0380987548828125,
            -0.1814179382324219,
            1.0611085205078126,
            null,
            null,
            null,
            [
                [
                    0.9996441602706909,
                    0.02485474944114685,
                    0.009684048593044281
                ],
                [
                    -0.024448877200484276,
                    0.9989009499549866,
                    -0.039989110082387924
                ],
                [
                    -0.010667324997484684,
                    0.03973811864852905,
                    0.999153196811676
                ]
            ]
        ],
        [
            0.044802188873291016,
            -0.1873087921142578,
            1.0626258544921876,
            null,
            null,
            null,
            [
                [
                    0.997971773147583,
                    0.04942740872502327,
                    -0.04011598601937294
                ],
                [
                    -0.05130204185843468,
                    0.9975704550743103,
                    -0.047129981219768524
                ],
                [
                    0.03768901154398918,
                    0.04909241944551468,
                    0.9980828762054443
                ]
            ]
        ],
        [
            0.0444732666015625,
            -0.18909536743164063,
            1.0614383544921875,
            null,
            null,
            null,
            [
                [
                    0.9974960088729858,
                    0.04375879466533661,
                    -0.05555994063615799
                ],
                [
                    -0.043223802000284195,
                    0.9990071058273315,
                    0.010795102454721928
                ],
                [
                    0.05597715452313423,
                    -0.008366558700799942,
                    0.9983969926834106
                ]
            ]
        ],
        [
            0.039162826538085935,
            -0.1873543701171875,
            1.0594979248046874,
            null,
            null,
            null,
            [
                [
                    0.9987926483154297,
                    0.026543769985437393,
                    -0.04133608937263489
                ],
                [
                    -0.026252608746290207,
                    0.9996266961097717,
                    0.007570811081677675
                ],
                [
                    0.04152161628007889,
                    -0.006476490292698145,
                    0.9991165995597839
                ]
            ]
        ],
        [
            0.031781652450561526,
            -0.1855159454345703,
            1.0592845458984375,
            null,
            null,
            null,
            [
                [
                    0.9998485445976257,
                    -0.013657930307090282,
                    0.010787691920995712
                ],
                [
                    0.013726933859288692,
                    0.999885618686676,
                    -0.006348583847284317
                ],
                [
                    -0.010699748992919922,
                    0.006495704408735037,
                    0.9999216794967651
                ]
            ]
        ],
        [
            0.03647336196899414,
            -0.17289454650878905,
            1.0576280517578125,
            null,
            null,
            null,
            [
                [
                    0.9535306692123413,
                    -0.28325942158699036,
                    0.10268109291791916
                ],
                [
                    0.2771765887737274,
                    0.9582930207252502,
                    0.06962477415800095
                ],
                [
                    -0.1181204542517662,
                    -0.037928562611341476,
                    0.9922746419906616
                ]
            ]
        ],
        [
            0.05007452392578125,
            -0.14552680969238282,
            1.050343505859375,
            null,
            null,
            null,
            [
                [
                    0.8558849096298218,
                    -0.4718323051929474,
                    0.21174342930316925
                ],
                [
                    0.443826824426651,
                    0.8802992701530457,
                    0.1676035076379776
                ],
                [
                    -0.26547834277153015,
                    -0.0494718961417675,
                    0.9628466963768005
                ]
            ]
        ],
        [
            0.08310381317138672,
            -0.10931770324707031,
            1.0380361328125,
            null,
            null,
            null,
            [
                [
                    0.6695952415466309,
                    -0.6873444318771362,
                    0.28142473101615906
                ],
                [
                    0.6483242511749268,
                    0.7257757782936096,
                    0.23005478084087372
                ],
                [
                    -0.3623781204223633,
                    0.02841089479625225,
                    0.9315980672836304
                ]
            ]
        ],
        [
            0.12312084197998047,
            -0.057255390167236325,
            1.0239723510742187,
            null,
            null,
            null,
            [
                [
                    0.4217839241027832,
                    -0.8796648979187012,
                    0.21974526345729828
                ],
                [
                    0.8414891362190247,
                    0.4700279235839844,
                    0.26640161871910095
                ],
                [
                    -0.33763056993484497,
                    0.07254933565855026,
                    0.9384786486625671
                ]
            ]
        ],
        [
            0.168258544921875,
            0.0012544261217117309,
            1.0210457763671874,
            null,
            null,
            null,
            [
                [
                    0.18138520419597626,
                    -0.9774081110954285,
                    0.1085023507475853
                ],
                [
                    0.9547632336616516,
                    0.20146329700946808,
                    0.21872282028198242
                ],
                [
                    -0.23564070463180542,
                    0.06392097473144531,
                    0.9697358012199402
                ]
            ]
        ],
        [
            0.2087555694580078,
            0.0598475341796875,
            1.0315458984375,
            null,
            null,
            null,
            [
                [
                    -0.1237441673874855,
                    -0.9914695620536804,
                    -0.04093300551176071
                ],
                [
                    0.977250337600708,
                    -0.12892217934131622,
                    0.16840673983097076
                ],
                [
                    -0.17224732041358948,
                    -0.019162442535161972,
                    0.9848673343658447
                ]
            ]
        ],
        [
            0.2299656219482422,
            0.11176940155029297,
            1.0500833740234374,
            null,
            null,
            null,
            [
                [
                    -0.37143558263778687,
                    -0.9106701016426086,
                    -0.18087437748908997
                ],
                [
                    0.9118786454200745,
                    -0.3944649398326874,
                    0.11346690356731415
                ],
                [
                    -0.17467951774597168,
                    -0.12278984487056732,
                    0.9769389629364014
                ]
            ]
        ],
        [
            0.235758544921875,
