{
    "radius": 0.275,
    "angular_speed": 13,
    "save_freq": 0.1,
    "pid_gains": {
        "pid_rate": {
            "roll_kp": "50.0",
            "roll_ki": "0.0",
            "roll_kd": "0.0",
            "pitch_kp": "50.0",
            "pitch_ki": "0.0",
            "pitch_kd": "0.0",
            "yaw_kp": "80.0",
            "yaw_ki": "0.0",
            "yaw_kd": "0.0"
        },
        "pid_attitude": {
            "roll_kp": "10.0",
            "roll_ki": "0.5",
            "roll_kd": "0.5",
            "pitch_kp": "13.0",
            "pitch_ki": "0.5",
            "pitch_kd": "1.5",
            "yaw_kp": "8.0",
            "yaw_ki": "0.5",
            "yaw_kd": "0.5"
        },
        "velCtlPid": {
            "vxKp": "15.0",
            "vxKi": "1.0",
            "vxKd": "0.0",
            "vyKp": "10.0",
            "vyKi": "1.0",
            "vyKd": "0.0",
            "vzKp": "12.5",
            "vzKi": "0.5",
            "vzKd": "0.0"
        },
        "posCtlPid": {
            "xKp": "1.5",
            "xKi": "0.20000000298023224",
            "xKd": "0.20000000298023224",
            "yKp": "1.5",
            "yKi": "0.20000000298023224",
            "yKd": "0.20000000298023224",
            "zKp": "5.0",
            "zKi": "0.5",
            "zKd": "0.0"
        }
    },
    "pose": [
        [
            -0.0786263427734375,
            -0.1464457244873047,
            0.263023681640625,
            null,
            null,
            null,
            [
                [
                    0.9971992373466492,
                    0.0007317379931919277,
                    0.07478707283735275
                ],
                [
                    -0.0017940556863322854,
                    0.9998984336853027,
                    0.014138370752334595
                ],
                [
                    -0.07476913183927536,
                    -0.014232944697141647,
                    0.9970992803573608
                ]
            ]
        ],
        [
            -0.07843626403808594,
            -0.1464495849609375,
            0.26299810791015626,
            null,
            null,
            null,
            [
                [
                    0.9969191551208496,
                    0.0009691818850114942,
                    0.07843024283647537
                ],
                [
                    -0.0021992488764226437,
                    0.9998759031295776,
                    0.015598723664879799
                ],
                [
                    -0.07840538769960403,
                    -0.015723153948783875,
                    0.9967975616455078
                ]
            ]
        ],
        [
            -0.07967625427246093,
            -0.1648675537109375,
            0.283859130859375,
            null,
            null,
            null,
            [
                [
                    0.9967421293258667,
                    -0.013057561591267586,
                    0.07959020882844925
                ],
                [
                    0.0238279290497303,
                    0.9904336333274841,
                    -0.13591687381267548
                ],
                [
                    -0.07705408334732056,
                    0.1373705416917801,
                    0.9875180721282959
                ]
            ]
        ],
        [
            -0.07536603546142578,
            -0.16697100830078124,
            0.37014151000976564,
            null,
            null,
            null,
            [
                [
                    0.9930965900421143,
                    0.02923489920794964,
                    0.11359764635562897
                ],
                [
                    -0.019321784377098083,
                    0.9959853291511536,
                    -0.08740615099668503
                ],
                [
                    -0.11569689959287643,
                    0.08460784703493118,
                    0.9896745681762695
                ]
            ]
        ],
        [
            -0.07037371826171875,
            -0.17185676574707032,
            0.48080908203125,
            null,
            null,
            null,
            [
                [
                    0.9943705797195435,
                    0.007911295630037785,
                    0.10566259175539017
                ],
                [
                    -0.007284540217369795,
                    0.9999535083770752,
                    -0.006316286511719227
                ],
                [
                    -0.10570765286684036,
                    0.00551102589815855,
                    0.9943819642066956
                ]
            ]
        ],
        [
            -0.06638240051269531,
            -0.17970518493652343,
            0.6016174926757812,
            null,
            null,
            null,
            [
                [
                    0.9973955750465393,
                    0.024128099903464317,
                    0.06796979159116745
                ],
                [
                    -0.02415257878601551,
                    0.9997081756591797,
                    -0.0004617297963704914
                ],
                [
                    -0.06796109676361084,
                    -0.0011811185395345092,
                    0.9976872801780701
                ]
            ]
        ],
        [
            -0.06277365493774414,
            -0.18408602905273438,
            0.7239300537109375,
            null,
            null,
            null,
            [
                [
                    0.9987645745277405,
                    0.022890251129865646,
                    0.04410682991147041
                ],
                [
                    -0.016165565699338913,
                    0.9889754056930542,
                    -0.14719492197036743
                ],
                [
                    -0.04698989912867546,
                    0.1463000625371933,
                    0.9881235957145691
                ]
            ]
        ],
        [
            -0.06259619522094727,
            -0.18397653198242186,
            0.8483411865234375,
            null,
            null,
            null,
            [
                [
                    0.9947707056999207,
                    -0.03074432723224163,
                    -0.0973963588476181
                ],
                [
                    0.031318873167037964,
                    0.9994998574256897,
                    0.004375368822365999
                ],
                [
                    0.09721312671899796,
                    -0.0074028330855071545,
                    0.9952360391616821
                ]
            ]
        ],
        [
            -0.06568178558349609,
            -0.18972244262695312,
            0.9708642578125,
            null,
            null,
            null,
            [
                [
                    0.9965704083442688,
                    -0.017908673733472824,
                    0.08078785985708237
                ],
                [
                    0.0196173544973135,
                    0.999599277973175,
                    -0.020406249910593033
                ],
                [
                    -0.08039003610610962,
                    0.021921109408140182,
                    0.9965224266052246
                ]
            ]
        ],
        [
            -0.07083395385742187,
            -0.1846837921142578,
            1.076045654296875,
            null,
            null,
            null,
            [
                [
                    0.9947664737701416,
                    0.032486699521541595,
                    0.09687221795320511
                ],
                [
                    -0.033998291939496994,
                    0.9993239045143127,
                    0.013993989676237106
                ],
                [
                    -0.09635210037231445,
                    -0.01721424236893654,
                    0.9951984286308289
                ]
            ]
        ],
        [
            -0.06890386962890625,
            -0.1762096710205078,
            1.1413245849609375,
            null,
            null,
            null,
            [
                [
                    0.9912236332893372,
                    0.01699213683605194,
                    0.13109922409057617
                ],
                [
                    -0.026413829997181892,
                    0.9971643686294556,
                    0.07046614587306976
                ],
                [
                    -0.12953010201454163,
                    -0.07331053912639618,
                    0.9888617396354675
                ]
            ]
        ],
        [
            -0.059988258361816406,
            -0.16461598205566405,
            1.1770018310546875,
            null,
            null,
            null,
            [
                [
                    0.985251784324646,
                    0.02427726984024048,
                    0.16938002407550812
                ],
                [
                    -0.036936644464731216,
                    0.9967209696769714,
                    0.07199332863092422
                ],
                [
                    -0.16707681119441986,
                    -0.07718788087368011,
                    0.9829177856445312
                ]
            ]
        ],
        [
            -0.04244049453735352,
            -0.14789279174804687,
            1.174505126953125,
            null,
            null,
            null,
            [
                [
                    0.9838758111000061,
                    0.02271265536546707,
                    0.17740488052368164
                ],
                [
                    -0.03237275779247284,
                    0.9981353282928467,
                    0.05174870043992996
                ],
                [
                    -0.1758987307548523,
                    -0.05665738135576248,
                    0.9827764630317688
                ]
            ]
        ],
        [
            -0.020581226348876953,
            -0.12980816650390625,
            1.154216796875,
            null,
            null,
            null,
            [
                [
                    0.9789749383926392,
                    -0.0033322572708129883,
                    0.20395344495773315
                ],
                [
                    0.0019028040114790201,
                    0.9999722242355347,
                    0.0072044250555336475
                ],
                [
                    -0.20397178828716278,
                    -0.006664867978543043,
                    0.9789540767669678
                ]
            ]
        ],
        [
            0.004918168067932129,
            -0.11722278594970703,
            1.1290023193359375,
            null,
            null,
            null,
            [
                [
                    0.9845273494720459,
                    0.015447339043021202,
                    0.17454871535301208
                ],
                [
                    -0.001205081702210009,
                    0.9966801404953003,
                    -0.08140776306390762
                ],
                [
                    -0.17522676289081573,
                    0.07993782311677933,
                    0.9812775254249573
                ]
            ]
        ],
        [
            0.03206137847900391,
            -0.10446239471435546,
            1.1035233154296875,
            null,
            null,
            null,
            [
                [
                    0.9916473627090454,
                    0.03024281933903694,
                    0.1253827065229416
                ],
                [
                    -0.019663289189338684,
                    0.9962062835693359,
                    -0.0847727507352829
                ],
                [
                    -0.12747080624103546,
                    0.08159924298524857,
                    0.9884800314903259
                ]
            ]
        ],
        [
            0.05118864059448242,
            -0.09910541534423828,
            1.0905665283203125,
            null,
            null,
            null,
            [
                [
                    0.9989506602287292,
                    0.03126750886440277,
                    0.03346451371908188
                ],
                [
                    -0.027761371806263924,
                    0.9945451021194458,
                    -0.10054553300142288
                ],
                [
                    -0.03642577677965164,
                    0.09951101243495941,
                    0.9943695068359375
                ]
            ]
        ],
        [
            0.06189704132080078,
            -0.10142858123779297,
            1.082400390625,
            null,
            null,
            null,
            [
                [
                    0.9982468485832214,
                    0.051794033497571945,
                    -0.02864651195704937
                ],
                [
                    -0.05446741357445717,
                    0.9932773113250732,
                    -0.10214447975158691
                ],
                [
                    0.023163456469774246,
                    0.10352570563554764,
                    0.9943569898605347
                ]
            ]
        ],
        [
            0.06477993774414062,
            -0.10270961761474609,
            1.0774769287109376,
            null,
            null,
            null,
            [
                [
                    0.9970019459724426,
                    0.06777691841125488,
                    -0.0373276025056839
                ],
                [
                    -0.06833287328481674,
                    0.997566819190979,
                    -0.01382366567850113
                ],
                [
                    0.036299850791692734,
                    0.016332924365997314,
                    0.9992074370384216
                ]
            ]
        ],
        [
            0.05964839935302734,
            -0.10369306945800781,
            1.078388427734375,
            null,
            null,
            null,
            [
                [
                    0.9983376264572144,
                    0.05515729635953903,
                    -0.016721680760383606
                ],
                [
                    -0.05537257716059685,
                    0.9983850121498108,
                    -0.012696671299636364
                ],
                [
                    0.01599436067044735,
                    0.013601487502455711,
                    0.9997795820236206
                ]
            ]
        ],
        [
            0.05504654312133789,
            -0.10099385833740235,
            1.0839176025390624,
            null,
            null,
            null,
            [
                [
                    0.9975253939628601,
                    0.05155705660581589,
                    0.047801673412323
                ],
                [
                    -0.05342726409435272,
                    0.9978212118148804,
                    0.03870837762951851
                ],
                [
                    -0.04570183530449867,
                    -0.041166502982378006,
                    0.9981065392494202
                ]
            ]
        ],
        [
            0.05441445541381836,
            -0.08911497497558593,
            1.0887584228515625,
            null,
            null,
            null,
            [
                [
                    0.9927046895027161,
                    0.04360603168606758,
                    0.11240950971841812
                ],
                [
                    -0.04939033091068268,
                    0.9975672364234924,
                    0.04919569566845894
                ],
                [
                    -0.10999081283807755,
                    -0.05438874289393425,
                    0.9924433827400208
                ]
            ]
        ],
        [
            0.06667718505859375,
            -0.07871585083007812,
            1.09242578125,
            null,
            null,
            null,
            [
                [
                    0.9847061038017273,
                    0.04611724987626076,
                    0.1680092215538025
                ],
                [
                    -0.047040779143571854,
                    0.9988918304443359,
                    0.0015189537080004811
                ],
                [
                    -0.16775298118591309,
                    -0.009399007074534893,
                    0.9857842326164246
                ]
            ]
        ],
        [
            0.08630126953125,
            -0.06167027282714844,
            1.0921317138671875,
            null,
            null,
            null,
            [
                [
                    0.9859724044799805,
                    0.032710202038288116,
                    0.1636718511581421
                ],
                [
                    -0.036858901381492615,
                    0.9990699887275696,
                    0.022374525666236877
                ],
                [
                    -0.1627877652645111,
                    -0.028093429282307625,
                    0.9862610697746277
                ]
            ]
        ],
        [
            0.11113108825683594,
            -0.04874417877197266,
            1.0895145263671875,
            null,
            null,
            null,
            [
                [
                    0.9916294813156128,
                    0.039332907646894455,
                    0.12297935783863068
                ],
                [
                    -0.036724790930747986,
                    0.9990513324737549,
                    -0.023403998464345932
                ],
                [
                    -0.12378323823213577,
                    0.01869170367717743,
                    0.9921332001686096
                ]
            ]
        ],
        [
            0.1340054931640625,
            -0.04253457260131836,
            1.08689404296875,
            null,
            null,
            null,
            [
                [
                    0.9981068968772888,
                    0.039512861520051956,
                    0.04713105782866478
                ],
                [
                    -0.036500483751297,
                    0.9973364472389221,
                    -0.06314802914857864
                ],
                [
                    -0.04950068145990372,
                    0.06130817532539368,
                    0.996890664100647
                ]
            ]
        ],
        [
            0.1506454620361328,
            -0.032593307495117185,
            1.0819959716796874,
            null,
            null,
            null,
            [
                [
                    0.9970359206199646,
                    0.055440403521060944,
                    -0.053345661610364914
                ],
                [
                    -0.057002633810043335,
                    0.9979750514030457,
                    -0.02822219394147396
                ],
                [
                    0.05167298763990402,
                    0.031179385259747505,
                    0.9981772303581238
                ]
            ]
        ],
        [
            0.15559111022949218,
            -0.028751991271972657,
            1.078861328125,
            null,
            null,
            null,
            [
                [
                    0.9928310513496399,
                    0.0359761044383049,
                    -0.11398337036371231
                ],
                [
                    -0.04422542452812195,
                    0.9965174198150635,
                    -0.07069066911935806
                ],
                [
                    0.11104323714971542,
                    0.0752248540520668,
                    0.9909644722938538
                ]
            ]
        ],
        [
            0.1489069366455078,
            -0.02448115539550781,
            1.075249755859375,
            null,
            null,
            null,
            [
                [
                    0.990860641002655,
                    0.032032761722803116,
                    -0.13103097677230835
                ],
                [
                    -0.04063471779227257,
                    0.9971535801887512,
                    -0.06350982934236526
                ],
                [
                    0.1286236196756363,
                    0.06825380027294159,
                    0.9893419146537781
                ]
            ]
        ],
        [
            0.1349263916015625,
            -0.02338202667236328,
            1.07232763671875,
            null,
            null,
            null,
            [
                [
                    0.9969881772994995,
                    0.06261004507541656,
                    -0.04576629400253296
                ],
                [
                    -0.06423689424991608,
                    0.9973212480545044,
                    -0.03498414531350136
                ],
                [
                    0.043453339487314224,
                    0.03781866282224655,
                    0.9983394145965576
                ]
            ]
        ],
        [
            0.12043116760253907,
            -0.017533458709716798,
            1.0729095458984375,
            null,
            null,
            null,
            [
                [
                    0.9988611340522766,
                    0.03916921839118004,
                    0.027243582531809807
                ],
                [
                    -0.037770986557006836,
                    0.9980311393737793,
                    -0.050071582198143005
                ],
                [
                    -0.029151208698749542,
                    0.04898554086685181,
                    0.9983739852905273
                ]
            ]
        ],
        [
            0.11217794799804688,
            -0.016054710388183593,
            1.074782470703125,
            null,
            null,
            null,
            [
                [
                    0.9970630407333374,
                    0.004168100655078888,
                    0.07647170126438141
                ],
                [
                    0.0008875918574631214,
                    0.9978219270706177,
                    -0.065959133207798
                ],
                [
                    -0.07658006995916367,
                    0.06583328545093536,
                    0.99488765001297
                ]
            ]
        ],
        [
            0.10878659820556641,
            -0.004868143558502197,
            1.078656982421875,
            null,
            null,
            null,
            [
                [
                    0.993449866771698,
                    0.0021998637821525335,
                    0.11424785852432251
                ],
                [
                    -0.0005675771390087903,
                    0.9998973608016968,
                    -0.01431780494749546
                ],
                [
                    -0.11426762491464615,
                    0.014159176498651505,
                    0.9933490753173828
                ]
            ]
        ],
        [
            0.1104708709716797,
            0.0073463420867919925,
            1.0820654296875,
            null,
            null,
            null,
            [
                [
                    0.994813084602356,
                    -0.008342320099473,
                    0.10137713700532913
                ],
                [
                    0.010672114789485931,
                    0.9996907711029053,
                    -0.022460877895355225
                ],
                [
                    -0.10115841031074524,
                    0.02342628315091133,
                    0.9945944547653198
                ]
            ]
        ],
        [
            0.11583348083496094,
            0.019350269317626952,
            1.0816380615234376,
            null,
            null,
            null,
            [
                [
                    0.9967027902603149,
                    -0.0037426622584462166,
                    0.08105254173278809
                ],
                [
                    0.004649558570235968,
                    0.9999286532402039,
                    -0.011003143154084682
                ],
                [
                    -0.08100558072328568,
                    0.011343722231686115,
                    0.9966490864753723
                ]
            ]
        ],
        [
            0.11887992858886719,
            0.03738549041748047,
            1.0775318603515625,
            null,
            null,
            null,
            [
                [
                    0.9990190267562866,
                    -0.015838880091905594,
                    0.04135402664542198
                ],
                [
                    0.016438188031315804,
                    0.9997641444206238,
                    -0.014192535541951656
                ],
                [
                    -0.04111947864294052,
                    0.014858397655189037,
                    0.9990437626838684
                ]
            ]
        ],
        [
            0.11977471160888672,
            0.05353023910522461,
            1.072012451171875,
            null,
            null,
            null,
            [
                [
                    0.9996201992034912,
                    -0.02746625989675522,
                    0.0022531100548803806
                ],
                [
                    0.027556519955396652,
                    0.9971860647201538,
                    -0.06971758604049683
                ],
                [
                    -0.0003318886156193912,
                    0.06975319236516953,
                    0.9975641965866089
                ]
            ]
        ],
        [
            0.11627181243896484,
            0.06932801055908203,
            1.06456640625,
            null,
            null,
            null,
            [
                [
                    0.9993769526481628,
                    -0.017572451382875443,
                    -0.030608270317316055
                ],
                [
                    0.015825433656573296,
                    0.9982821345329285,
                    -0.056412503123283386
                ],
                [
                    0.03154699504375458,
                    0.05589297041296959,
                    0.9979382753372192
                ]
            ]
        ],
        [
            0.10764910125732421,
            0.08441185760498048,
            1.0569874267578125,
            null,
            null,
            null,
            [
                [
                    0.9980056285858154,
                    -0.030652469024062157,
                    -0.05518319830298424
                ],
                [
                    0.026153376325964928,
                    0.9964128136634827,
                    -0.08048275113105774
                ],
                [
                    0.057452242821455,
                    0.07887901365756989,
                    0.9952272772789001
                ]
            ]
        ],
        [
            0.09682292175292968,
            0.09181795501708985,
            1.0525118408203125,
            null,
            null,
            null,
            [
                [
                    0.9981154203414917,
                    -0.014354185201227665,
                    -0.05966225266456604
                ],
                [
                    0.007826944813132286,
                    0.9940950870513916,
                    -0.10822975635528564
                ],
                [
                    0.06086350232362747,
                    0.10755881667137146,
                    0.9923340082168579
                ]
            ]
        ],
        [
            0.08297333526611328,
            0.10332035064697266,
            1.0511624755859375,
            null,
            null,
            null,
            [
                [
                    0.9993255734443665,
                    -0.02278764732182026,
                    -0.028793921694159508
                ],
                [
                    0.019960153847932816,
                    0.9952836036682129,
                    -0.09493251889944077
                ],
                [
                    0.030821407213807106,
                    0.09429376572370529,
                    0.9950671792030334
                ]
            ]
        ],
        [
            0.07022132873535156,
            0.10565009307861328,
            1.0577076416015625,
            null,
            null,
            null,
            [
                [
                    0.9999783635139465,
                    -0.005555944051593542,
                    -0.0035237495321780443
                ],
                [
                    0.005132109858095646,
                    0.9938501715660095,
                    -0.11061424762010574
                ],
                [
                    0.00411664554849267,
                    0.1105937659740448,
                    0.9938571453094482
                ]
            ]
        ],
        [
            0.05934663391113281,
            0.10581228637695313,
            1.067173583984375,
            null,
            null,
            null,
            [
                [
                    0.999521017074585,
                    -0.02780701220035553,
                    0.013584026135504246
                ],
                [
                    0.02935764379799366,
                    0.9908298850059509,
                    -0.13188748061656952
                ],
                [
                    -0.00979206245392561,
                    0.13222309947013855,
                    0.9911715984344482
                ]
            ]
        ],
        [
            0.05379433822631836,
            0.10155979156494141,
            1.08051171875,
            null,
            null,
            null,
            [
                [
                    0.9992770552635193,
                    0.00830106157809496,
                    0.03710117191076279
                ],
                [
                    -0.003031572327017784,
                    0.9901626706123352,
                    -0.13988830149173737
                ],
                [
                    -0.037897419184446335,
                    0.13967469334602356,
                    0.989471971988678
                ]
            ]
        ],
        [
            0.05433652496337891,
            0.09344290161132812,
            1.0895091552734375,
            null,
            null,
            null,
            [
                [
                    0.9970918893814087,
                    -0.004116570111364126,
                    0.07609730213880539
                ],
                [
                    0.014173830859363079,
                    0.9911348819732666,
                    -0.13210108876228333
                ],
                [
                    -0.07487888634204865,
                    0.132795512676239,
                    0.9883109331130981
                ]
            ]
        ],
        [
            0.06284221267700195,
            0.08922238922119141,
            1.0907879638671876,
            null,
            null,
            null,
            [
                [
                    0.9946538805961609,
                    -0.021784918382763863,
                    0.10094070434570312
                ],
                [
                    0.02750924415886402,
                    0.998070240020752,
                    -0.05566929280757904
                ],
                [
                    -0.09953316301107407,
                    0.05814848095178604,
                    0.9933337569236755
                ]
            ]
        ],
        [
            0.07031029510498046,
            0.0834319610595703,
            1.0871005859375,
            null,
            null,
            null,
            [
                [
                    0.9980466365814209,
                    -0.02800649404525757,
                    0.055843621492385864
                ],
                [
                    0.02974213846027851,
                    0.9990922808647156,
                    -0.03049531951546669
                ],
                [
                    -0.05493886396288872,
                    0.03209666162729263,
                    0.9979736804962158
                ]
            ]
        ],
        [
            0.07912368011474609,
            0.07297940826416016,
            1.0777930908203126,
            null,
            null,
            null,
            [
                [
                    0.9996449947357178,
                    -0.02586785890161991,
                    0.006384152919054031
                ],
                [
                    0.02638194151222706,
                    0.9945028424263,
                    -0.10133163630962372
                ],
                [
                    -0.0037278260570019484,
                    0.10146408528089523,
                    0.9948322176933289
                ]
            ]
        ],
        [
            0.080496337890625,
            0.06177312088012695,
            1.0675078125,
            null,
            null,
            null,
            [
                [
                    0.9983875155448914,
                    -0.002083749510347843,
                    -0.0567275695502758
                ],
                [
                    -0.0032843444496393204,
                    0.9955316185951233,
                    -0.09437187016010284
                ],
                [
                    0.05667073652148247,
                    0.09440600872039795,
                    0.9939194917678833
                ]
            ]
        ],
        [
            0.0702349853515625,
            0.05069912338256836,
            1.06146435546875,
            null,
            null,
            null,
            [
                [
                    0.9951128959655762,
                    0.017092598602175713,
                    -0.09725313633680344
                ],
                [
                    -0.028411494567990303,
                    0.9928169846534729,
                    -0.11622065305709839
                ],
                [
                    0.09456805139780045,
                    0.11841578036546707,
                    0.9884505867958069
                ]
            ]
        ],
        [
            0.054470191955566405,
            0.040630317687988284,
            1.063216552734375,
            null,
            null,
            null,
            [
                [
                    0.9970161318778992,
                    0.019582943990826607,
                    -0.0746682733297348
                ],
                [
                    -0.02364782802760601,
                    0.9982635974884033,
                    -0.053949616849422455
                ],
                [
                    0.07348212599754333,
                    0.055554378777742386,
                    0.995747983455658
                ]
            ]
        ],
        [
            0.035937103271484375,
            0.03790909194946289,
            1.0743526611328125,
            null,
            null,
            null,
            [
                [
                    0.999719500541687,
                    -0.0024985172785818577,
                    -0.023551853373646736
                ],
                [
                    0.0024748898576945066,
                    0.9999964237213135,
                    -0.001032300409860909
                ],
                [
                    0.023554349318146706,
                    0.0009737226064316928,
                    0.9997220635414124
                ]
            ]
        ],
        [
            0.01479122543334961,
            0.0349848747253418,
            1.0903607177734376,
            null,
            null,
            null,
            [
                [
                    0.9982126355171204,
                    -0.056356146931648254,
                    -0.019887587055563927
                ],
                [
                    0.05584872514009476,
                    0.9981209635734558,
                    -0.025209080427885056
                ],
                [
                    0.021270902827382088,
                    0.02405332773923874,
                    0.9994843602180481
                ]
            ]
        ],
        [
            -0.0035931363105773926,
            0.044964305877685545,
            1.1055455322265626,
            null,
            null,
            null,
            [
                [
                    0.9983198046684265,
                    -0.049996517598629,
                    0.029289986938238144
                ],
                [
                    0.04925462603569031,
                    0.9984599947929382,
                    0.02552598901093006
                ],
                [
                    -0.03052109107375145,
                    -0.024040432646870613,
                    0.9992449879646301
                ]
            ]
        ],
        [
            -0.013151573181152345,
            0.05633927917480469,
            1.119914306640625,
            null,
            null,
            null,
            [
                [
                    0.995928943157196,
                    -0.058847323060035706,
                    0.06828262656927109
                ],
                [
                    0.06096600741147995,
                    0.9977076649665833,
                    -0.029368869960308075
                ],
                [
                    -0.06639782339334488,
                    0.03341222554445267,
                    0.9972336292266846
                ]
            ]
        ],
        [
            -0.014470785140991212,
            0.07236663818359375,
            1.1269324951171875,
            null,
            null,
            null,
            [
                [
                    0.9925469160079956,
                    -0.07466661185026169,
                    0.09630932658910751
                ],
                [
                    0.07706773281097412,
                    0.9967950582504272,
                    -0.02145203948020935
                ],
                [
                    -0.09439890831708908,
                    0.02871449664235115,
                    0.9951202273368835
                ]
            ]
        ],
        [
            -0.009860903739929198,
            0.08722499847412109,
            1.12959912109375,
            null,
            null,
            null,
            [
                [
                    0.9942188262939453,
                    -0.06602990627288818,
                    0.08466997742652893
                ],
                [
                    0.0724949911236763,
                    0.9944916367530823,
                    -0.07570206373929977
                ],
                [
                    -0.0792049840092659,
                    0.08140257000923157,
                    0.9935291409492493
                ]
            ]
