{
    "radius": 0.6,
    "angular_speed": 16,
    "save_freq": 0.1,
    "pid_gains": {
        "pid_rate": {
            "roll_kp": "50.0",
            "roll_ki": "0.0",
            "roll_kd": "0.0",
            "pitch_kp": "50.0",
            "pitch_ki": "0.0",
            "pitch_kd": "0.0",
            "yaw_kp": "80.0",
            "yaw_ki": "0.0",
            "yaw_kd": "0.0"
        },
        "pid_attitude": {
            "roll_kp": "10.0",
            "roll_ki": "0.5",
            "roll_kd": "0.5",
            "pitch_kp": "13.0",
            "pitch_ki": "0.5",
            "pitch_kd": "1.5",
            "yaw_kp": "8.0",
            "yaw_ki": "0.5",
            "yaw_kd": "0.5"
        },
        "velCtlPid": {
            "vxKp": "15.0",
            "vxKi": "1.0",
            "vxKd": "0.0",
            "vyKp": "10.0",
            "vyKi": "1.0",
            "vyKd": "0.0",
            "vzKp": "12.5",
            "vzKi": "0.5",
            "vzKd": "0.0"
        },
        "posCtlPid": {
            "xKp": "1.5",
            "xKi": "0.20000000298023224",
            "xKd": "0.20000000298023224",
            "yKp": "1.5",
            "yKi": "0.20000000298023224",
            "yKd": "0.20000000298023224",
            "zKp": "5.0",
            "zKi": "0.5",
            "zKd": "0.0"
        }
    },
    "pose": [
        [
            -0.05294580459594726,
            -0.09733785247802734,
            0.26181048583984373,
            null,
            null,
            null,
            [
                [
                    0.9968209862709045,
                    -0.004655295051634312,
                    0.07953739911317825
                ],
                [
                    0.00325945345684886,
                    0.9998385310173035,
                    0.017670325934886932
                ],
                [
                    -0.07960681617259979,
                    -0.017354903742671013,
                    0.9966752529144287
                ]
            ]
        ],
        [
            -0.053254878997802735,
            -0.09729441070556641,
            0.26187408447265625,
            null,
            null,
            null,
            [
                [
                    0.9967464208602905,
                    -0.011454420164227486,
                    0.07978297024965286
                ],
                [
                    0.00996469147503376,
                    0.9997689723968506,
                    0.019045451655983925
                ],
                [
                    -0.0799826979637146,
                    -0.0181884728372097,
                    0.9966303110122681
                ]
            ]
        ],
        [
            -0.05531664276123047,
            -0.10257752227783203,
            0.27908154296875,
            null,
            null,
            null,
            [
                [
                    0.9997529983520508,
                    -0.021940404549241066,
                    -0.0035371407866477966
                ],
                [
                    0.021765992045402527,
                    0.9988167881965637,
                    -0.04348895326256752
                ],
                [
                    0.004487120546400547,
                    0.04340122267603874,
                    0.9990476369857788
                ]
            ]
        ],
        [
            -0.05334793853759766,
            -0.10790835571289062,
            0.3663207702636719,
            null,
            null,
            null,
            [
                [
                    0.9952877759933472,
                    0.007292751222848892,
                    0.09669022262096405
                ],
                [
                    -0.003119905013591051,
                    0.9990599155426025,
                    -0.04323800280690193
                ],
                [
                    -0.09691465646028519,
                    0.042732592672109604,
                    0.9943749308586121
                ]
            ]
        ],
        [
            -0.052677284240722655,
            -0.10790194702148438,
            0.47945614624023436,
            null,
            null,
            null,
            [
                [
                    0.9936129450798035,
                    0.01078704558312893,
                    0.11232507228851318
                ],
                [
                    0.002539933891966939,
                    0.9930301904678345,
                    -0.11783275753259659
                ],
                [
                    -0.11281325668096542,
                    0.11736545711755753,
                    0.9866603016853333
                ]
            ]
        ],
        [
            -0.049495357513427735,
            -0.11344774627685547,
            0.6060012817382813,
            null,
            null,
            null,
            [
                [
                    0.9925799369812012,
                    0.024008238688111305,
                    0.11920031905174255
                ],
                [
                    -0.021030843257904053,
                    0.9994361400604248,
                    -0.026173671707510948
                ],
                [
                    -0.11976149678230286,
                    0.023472577333450317,
                    0.9925251603126526
                ]
            ]
        ],
        [
            -0.044591236114501956,
            -0.12248190307617188,
            0.7312977905273438,
            null,
            null,
            null,
            [
                [
                    0.9912023544311523,
                    0.028110092505812645,
                    0.1293356567621231
                ],
                [
                    -0.022372595965862274,
                    0.9987090826034546,
                    -0.045602548867464066
                ],
                [
                    -0.13045059144496918,
                    0.0423077791929245,
                    0.9905517101287842
                ]
            ]
        ],
        [
            -0.038744319915771486,
            -0.129783203125,
            0.8636801147460937,
            null,
            null,
            null,
            [
                [
                    0.9921509027481079,
                    -0.007998744025826454,
                    0.12479016929864883
                ],
                [
                    0.012924222275614738,
                    0.9991669058799744,
                    -0.0387105718255043
                ],
                [
                    -0.1243765652179718,
                    0.04001954197883606,
                    0.9914277195930481
                ]
            ]
        ],
        [
            -0.0326755485534668,
            -0.13338450622558592,
            0.9892818603515625,
            null,
            null,
            null,
            [
                [
                    0.9929418563842773,
                    0.0030064417514950037,
                    0.11856380850076675
                ],
                [
                    -0.005311345681548119,
                    0.9998028874397278,
                    0.019129008054733276
                ],
                [
                    -0.11848293244838715,
                    -0.01962372660636902,
                    0.9927621483802795
                ]
            ]
        ],
        [
            -0.027140098571777342,
            -0.12465730285644532,
            1.091537353515625,
            null,
            null,
            null,
            [
                [
                    0.9919147491455078,
                    -0.004253671504557133,
                    0.1268347054719925
                ],
                [
                    -0.01770097017288208,
                    0.985031008720398,
                    0.17146611213684082
                ],
                [
                    -0.12566547095775604,
                    -0.17232485115528107,
                    0.9769914746284485
                ]
            ]
        ],
        [
            -0.02229209327697754,
            -0.10928121948242188,
            1.1575050048828126,
            null,
            null,
            null,
            [
                [
                    0.9937772750854492,
                    0.008623206987977028,
                    0.11105135828256607
                ],
                [
                    -0.023315640166401863,
                    0.991016149520874,
                    0.13169415295124054
                ],
                [
                    -0.10891806334257126,
                    -0.13346388936042786,
                    0.98505038022995
                ]
            ]
        ],
        [
            -0.015243016242980956,
            -0.09189801025390625,
            1.1827626953125,
            null,
            null,
            null,
            [
                [
                    0.9950319528579712,
                    -0.008212982676923275,
                    0.0992167741060257
                ],
                [
                    -0.0019851992838084698,
                    0.9947564005851746,
                    0.10225340723991394
                ],
                [
                    -0.09953632205724716,
                    -0.10194237530231476,
                    0.9897980690002441
                ]
            ]
        ],
        [
            -0.007539580821990967,
            -0.07197247314453124,
            1.1793236083984375,
            null,
            null,
            null,
            [
                [
                    0.9943462610244751,
                    -0.015598599798977375,
                    0.10503441095352173
                ],
                [
                    0.010992689989507198,
                    0.9989582896232605,
                    0.044288452714681625
                ],
                [
                    -0.10561583936214447,
                    -0.04288344457745552,
                    0.9934819340705872
                ]
            ]
        ],
        [
            -0.00047724589705467225,
            -0.053039581298828124,
            1.1613377685546875,
            null,
            null,
            null,
            [
                [
                    0.9955005645751953,
                    -0.009089560247957706,
                    0.09431853145360947
                ],
                [
                    0.01195057574659586,
                    0.9994840621948242,
                    -0.029813174158334732
                ],
                [
                    -0.09399887919425964,
                    0.030806193128228188,
                    0.9950955510139465
                ]
            ]
        ],
        [
            0.006978396415710449,
            -0.037756763458251956,
            1.1381866455078125,
            null,
            null,
            null,
            [
                [
                    0.9922978281974792,
                    0.01643262431025505,
                    0.12278040498495102
                ],
                [
                    -0.009151995182037354,
                    0.9981787204742432,
                    -0.05962832272052765
                ],
                [
                    -0.12353663891553879,
                    0.058045368641614914,
                    0.9906409382820129
                ]
            ]
        ],
        [
            0.01620771598815918,
            -0.018247190475463866,
            1.116619873046875,
            null,
            null,
            null,
            [
                [
                    0.9914624691009521,
                    -0.01893256977200508,
                    0.12901070713996887
                ],
                [
                    0.022860724478960037,
                    0.999316930770874,
                    -0.029035666957497597
                ],
                [
                    -0.12837286293506622,
                    0.03173705190420151,
                    0.9912180304527283
                ]
            ]
        ],
        [
            0.022827587127685546,
            -0.00516954755783081,
            1.1010325927734375,
            null,
            null,
            null,
            [
                [
                    0.9959443211555481,
                    0.004590888973325491,
                    0.08985433727502823
                ],
                [
                    0.0026748357340693474,
                    0.9967450499534607,
                    -0.08057410269975662
                ],
                [
                    -0.08993177115917206,
                    0.08048766851425171,
                    0.9926902651786804
                ]
            ]
        ],
        [
            0.025778484344482423,
            0.012855090141296387,
            1.0909793701171875,
            null,
            null,
            null,
            [
                [
                    0.9987515807151794,
                    0.01951799914240837,
                    0.045982006937265396
                ],
                [
                    -0.017653392627835274,
                    0.9990189671516418,
                    -0.040613677352666855
                ],
                [
                    -0.046729594469070435,
                    0.03975123539566994,
                    0.9981163144111633
                ]
            ]
        ],
        [
            0.028876558303833007,
            0.030223966598510742,
            1.0880218505859376,
            null,
            null,
            null,
            [
                [
                    0.9991881251335144,
                    0.02184373512864113,
                    0.0338519923388958
                ],
                [
                    -0.020754622295498848,
                    0.9992660284042358,
                    -0.03219689801335335
                ],
                [
                    -0.03453044593334198,
                    0.03146817535161972,
                    0.9989081025123596
                ]
            ]
        ],
        [
            0.02560259437561035,
            0.04859091186523438,
            1.090001220703125,
            null,
            null,
            null,
            [
                [
                    0.9994786381721497,
                    0.005308398045599461,
                    0.03184792399406433
                ],
                [
                    -0.0048260935582220554,
                    0.9998728036880493,
                    -0.015201786532998085
                ],
                [
                    -0.031924568116664886,
                    0.015040159225463867,
                    0.9993771314620972
                ]
            ]
        ],
        [
            0.015297057151794434,
            0.06366024780273437,
            1.0950985107421876,
            null,
            null,
            null,
            [
                [
                    0.9996194839477539,
                    -0.021587638184428215,
                    0.01717207580804825
                ],
                [
                    0.022369930520653725,
                    0.9986560940742493,
                    -0.046749744564294815
                ],
                [
                    -0.01613978110253811,
                    0.04711609333753586,
                    0.9987590312957764
                ]
            ]
        ],
        [
            0.004984623432159424,
            0.07393923187255859,
            1.10245263671875,
            null,
            null,
            null,
            [
                [
                    0.9975703954696655,
                    0.020641088485717773,
                    0.06653755158185959
                ],
                [
                    -0.015450280159711838,
                    0.9968644976615906,
                    -0.07760469615459442
                ],
                [
                    -0.06793077290058136,
                    0.07638812810182571,
                    0.9947614073753357
                ]
            ]
        ],
        [
            -0.002546948432922363,
            0.08272732543945313,
            1.104536865234375,
            null,
            null,
            null,
            [
                [
                    0.9958640336990356,
                    0.002640889259055257,
                    0.09081760048866272
                ],
                [
                    0.006554618943482637,
                    0.9948846101760864,
                    -0.10080523788928986
                ],
                [
                    -0.09061924368143082,
                    0.10098358243703842,
                    0.9907524585723877
                ]
            ]
        ],
        [
            -0.011449177742004395,
            0.08277040863037109,
            1.1053944091796875,
            null,
            null,
            null,
            [
                [
                    0.9921251535415649,
                    -0.06550895422697067,
                    0.10675331950187683
                ],
                [
                    0.07636648416519165,
                    0.9919497966766357,
                    -0.10101340711116791
                ],
                [
                    -0.09927664697170258,
                    0.10837031900882721,
                    0.989141047000885
                ]
            ]
        ],
        [
            -0.01576307487487793,
            0.07901810455322265,
            1.105337158203125,
            null,
            null,
            null,
            [
                [
                    0.9900721311569214,
                    -0.026243485510349274,
                    0.13808877766132355
                ],
                [
                    0.04164411872625351,
                    0.9930754899978638,
                    -0.10984902083873749
                ],
                [
                    -0.1342497617006302,
                    0.11450903117656708,
                    0.9843092560768127
                ]
            ]
        ],
        [
            -0.0138153133392334,
            0.07272968292236329,
            1.101980224609375,
            null,
            null,
            null,
            [
                [
                    0.9921630024909973,
                    0.0003760406980291009,
                    0.12494956701993942
                ],
                [
                    0.00923250149935484,
                    0.9970412850379944,
                    -0.0763113871216774
                ],
                [
                    -0.12460857629776001,
                    0.07686693221330643,
                    0.9892240166664124
                ]
            ]
        ],
        [
            -0.009868900299072265,
            0.06522528839111329,
            1.0998746337890626,
            null,
            null,
            null,
            [
                [
                    0.9939181208610535,
                    -0.019223308190703392,
                    0.10843072831630707
                ],
                [
                    0.023408200591802597,
                    0.9990240931510925,
                    -0.03745511919260025
                ],
                [
                    -0.10760490596294403,
                    0.03976548835635185,
                    0.993398129940033
                ]
            ]
        ],
        [
            -0.007077882766723633,
            0.05095722961425781,
            1.095740478515625,
            null,
            null,
            null,
            [
                [
                    0.9964331388473511,
                    -0.0009541369508951902,
                    0.08438042551279068
                ],
                [
                    0.009086168371140957,
                    0.9953358173370361,
                    -0.09604208916425705
                ],
                [
                    -0.08389522135257721,
                    0.09646621346473694,
                    0.9917942881584167
                ]
            ]
        ],
        [
            -0.0053674778938293454,
            0.037260257720947265,
            1.0923446044921874,
            null,
            null,
            null,
            [
                [
                    0.9967185854911804,
                    0.0005929826875217259,
                    0.08094265311956406
                ],
                [
                    0.003307680133730173,
                    0.9988395571708679,
                    -0.048047855496406555
                ],
                [
                    -0.08087721467018127,
                    0.04815792292356491,
                    0.9955599904060364
                ]
            ]
        ],
        [
            -0.0037632622718811034,
            0.03038104057312012,
            1.091850830078125,
            null,
            null,
            null,
            [
                [
                    0.9971400499343872,
                    0.019559407606720924,
                    0.07300088554620743
                ],
                [
                    -0.015650125220417976,
                    0.9984320998191833,
                    -0.05374419316649437
                ],
                [
                    -0.07393763214349747,
                    0.05244801193475723,
                    0.9958827495574951
                ]
            ]
        ],
        [
            -0.0009473840594291687,
            0.020708677291870117,
            1.0934532470703124,
            null,
            null,
            null,
            [
                [
                    0.9931102991104126,
                    0.05287320166826248,
                    0.10457681119441986
                ],
                [
                    -0.047521643340587616,
                    0.9974620342254639,
                    -0.05302107334136963
                ],
                [
                    -0.10711478441953659,
                    0.04768611118197441,
                    0.9931024312973022
                ]
            ]
        ],
        [
            0.005690953254699707,
            0.020117788314819335,
            1.09200048828125,
            null,
            null,
            null,
            [
                [
                    0.9905093908309937,
                    0.06881086528301239,
                    0.1189798042178154
                ],
                [
                    -0.06907438486814499,
                    0.9976096749305725,
                    -0.0019125830149278045
                ],
                [
                    -0.11882700771093369,
                    -0.006324025336652994,
                    0.9928948283195496
                ]
            ]
        ],
        [
            0.015121217727661132,
            0.021786746978759767,
            1.0886517333984376,
            null,
            null,
            null,
            [
                [
                    0.9918940663337708,
                    0.04962386563420296,
                    0.11697694659233093
                ],
                [
                    -0.04719562083482742,
                    0.9986106157302856,
                    -0.023439332842826843
                ],
                [
                    -0.117977574467659,
                    0.01772853545844555,
                    0.9928579926490784
                ]
            ]
        ],
        [
            0.02440177345275879,
            0.020122072219848634,
            1.086012939453125,
            null,
            null,
            null,
            [
                [
                    0.9923906922340393,
                    0.06484456360340118,
                    0.10467015951871872
                ],
                [
                    -0.05833682045340538,
                    0.9962379336357117,
                    -0.06408411264419556
                ],
                [
                    -0.10843189060688019,
                    0.057490356266498566,
                    0.9924401044845581
                ]
            ]
        ],
        [
            0.03527847671508789,
            0.024109640121459962,
            1.083130859375,
            null,
            null,
            null,
            [
                [
                    0.9937375783920288,
                    0.05942760035395622,
                    0.09462553262710571
                ],
                [
                    -0.056731827557086945,
                    0.99791020154953,
                    -0.03093099035322666
                ],
                [
                    -0.09626593440771103,
                    0.025369007140398026,
                    0.9950323104858398
                ]
            ]
        ],
        [
            0.042947635650634766,
            0.028080703735351563,
            1.081586669921875,
            null,
            null,
            null,
            [
                [
                    0.9955439567565918,
                    0.06860040128231049,
                    0.06470061838626862
                ],
                [
                    -0.06447595357894897,
                    0.9958767294883728,
                    -0.06381531059741974
                ],
                [
                    -0.06881159543991089,
                    0.05935931205749512,
                    0.9958621859550476
                ]
            ]
        ],
        [
            0.04791860961914062,
            0.027317977905273436,
            1.081330322265625,
            null,
            null,
            null,
            [
                [
                    0.9964339137077332,
                    0.06610582023859024,
                    0.052435990422964096
                ],
                [
                    -0.06151983141899109,
                    0.9945042729377747,
                    -0.08471431583166122
                ],
                [
                    -0.05774792656302452,
                    0.08118636161088943,
                    0.9950246214866638
                ]
            ]
        ],
        [
            0.0501128044128418,
            0.031898839950561524,
            1.0815567626953124,
            null,
            null,
            null,
            [
                [
                    0.9961514472961426,
                    0.07051564753055573,
                    0.052056584507226944
                ],
                [
                    -0.06850458681583405,
                    0.996870219707489,
                    -0.03945720195770264
                ],
                [
                    -0.054676007479429245,
                    0.0357392318546772,
                    0.9978643655776978
                ]
            ]
        ],
        [
            0.05063566970825195,
            0.034285404205322265,
            1.0808231201171874,
            null,
            null,
            null,
            [
                [
                    0.9956576228141785,
                    0.0814092755317688,
                    0.045148469507694244
                ],
                [
                    -0.07789644598960876,
                    0.9941545724868774,
                    -0.0747581496834755
                ],
                [
                    -0.050970565527677536,
                    0.07091661542654037,
                    0.9961791038513184
                ]
            ]
        ],
        [
            0.050506587982177734,
            0.032865528106689454,
            1.0797557373046875,
            null,
            null,
            null,
            [
                [
                    0.994731068611145,
                    0.07793344557285309,
                    0.066606804728508
                ],
                [
                    -0.07273498177528381,
                    0.9943589568138123,
                    -0.07720047235488892
                ],
                [
                    -0.07224757224321365,
                    0.0719490647315979,
                    0.9947882294654846
                ]
            ]
        ],
        [
            0.05136843490600586,
            0.03800059127807617,
            1.07787353515625,
            null,
            null,
            null,
            [
                [
                    0.9940365552902222,
                    0.08294160664081573,
                    0.07079531997442245
                ],
                [
                    -0.08076559752225876,
                    0.9961844086647034,
                    -0.03306964039802551
                ],
                [
                    -0.07326804101467133,
                    0.027154603973031044,
                    0.9969425201416016
                ]
            ]
        ],
        [
            0.05369626235961914,
            0.04170241165161133,
            1.0749239501953125,
            null,
            null,
            null,
            [
                [
                    0.9924972057342529,
                    0.08764766901731491,
                    0.08524804562330246
                ],
                [
                    -0.0818781778216362,
                    0.994252622127533,
                    -0.06897598505020142
                ],
                [
                    -0.09080367535352707,
                    0.061478517949581146,
                    0.9939693808555603
                ]
            ]
        ],
        [
            0.05709813308715821,
            0.041980148315429684,
            1.0716966552734375,
            null,
            null,
            null,
            [
                [
                    0.9904689192771912,
                    0.10171906650066376,
                    0.09286877512931824
                ],
                [
                    -0.09662579745054245,
                    0.9936413168907166,
                    -0.05779574066400528
                ],
                [
                    -0.09815718233585358,
                    0.048271361738443375,
                    0.9939995408058167
                ]
            ]
        ],
        [
            0.06196308517456055,
            0.047493186950683594,
            1.0686568603515625,
            null,
            null,
            null,
            [
                [
                    0.9928528666496277,
                    0.08558354526758194,
                    0.08317869156599045
                ],
                [
                    -0.08043096959590912,
                    0.9947390556335449,
                    -0.06344383209943771
                ],
                [
                    -0.0881708413362503,
                    0.05630024895071983,
                    0.9945130348205566
                ]
            ]
        ],
        [
            0.06583734893798829,
            0.048908748626708985,
            1.066038818359375,
            null,
            null,
            null,
            [
                [
                    0.9925749897956848,
                    0.09814895689487457,
                    0.07184498757123947
                ],
                [
                    -0.09059176594018936,
                    0.990670919418335,
                    -0.10180526971817017
                ],
                [
                    -0.0811668261885643,
                    0.0945407971739769,
                    0.9922066330909729
                ]
            ]
        ],
        [
            0.06965879821777343,
            0.049656105041503903,
            1.0625098876953125,
            null,
            null,
            null,
            [
                [
                    0.9943620562553406,
                    0.08109227567911148,
                    0.06832369416952133
                ],
                [
                    -0.07676172256469727,
                    0.9950067400932312,
                    -0.06379063427448273
                ],
                [
                    -0.0731554627418518,
                    0.05818634107708931,
                    0.9956217408180237
                ]
            ]
        ],
        [
            0.06926361083984375,
            0.05135136795043945,
            1.0598353271484375,
            null,
            null,
            null,
            [
                [
                    0.9960559010505676,
                    0.07719404250383377,
                    0.04374588280916214
                ],
                [
                    -0.07387170940637589,
                    0.9945881962776184,
                    -0.07305671274662018
                ],
                [
                    -0.04914868250489235,
                    0.06953699141740799,
                    0.9963679313659668
                ]
            ]
        ],
        [
            0.06731321716308594,
            0.04926055145263672,
            1.0585673828125,
            null,
            null,
            null,
            [
                [
                    0.9962550401687622,
                    0.07812399417161942,
                    0.0370471253991127
                ],
                [
                    -0.07497397810220718,
                    0.9939786195755005,
                    -0.07990843057632446
                ],
                [
                    -0.04306681826710701,
                    0.07683160901069641,
                    0.9961135387420654
                ]
            ]
        ],
        [
            0.06469306182861329,
            0.0519403190612793,
            1.057436279296875,
            null,
            null,
            null,
            [
                [
                    0.9970361590385437,
                    0.05603264272212982,
                    0.05271817743778229
                ],
                [
                    -0.053710535168647766,
                    0.9975653886795044,
                    -0.04447949677705765
                ],
                [
                    -0.055082134902477264,
                    0.04151614382863045,
                    0.9976183772087097
                ]
            ]
        ],
        [
            0.06105643844604492,
            0.0526133918762207,
            1.0568604736328124,
            null,
            null,
            null,
            [
                [
                    0.9950298070907593,
                    0.07976461201906204,
                    0.059609197080135345
                ],
                [
                    -0.07503753900527954,
                    0.9941469430923462,
                    -0.07772554457187653
                ],
                [
                    -0.06546004861593246,
                    0.07286630570888519,
                    0.9951911568641663
                ]
            ]
        ],
        [
            0.06351088714599609,
            0.05630925369262695,
            1.0584228515625,
            null,
            null,
            null,
            [
                [
                    0.9852606654167175,
                    -0.12553264200687408,
                    0.1162024736404419
                ],
                [
                    0.12546709179878235,
                    0.9920662641525269,
                    0.007907815277576447
                ],
                [
                    -0.11627324670553207,
                    0.006788327358663082,
                    0.993194043636322
                ]
            ]
        ],
        [
            0.06676424407958985,
            0.07766046905517578,
            1.0535863037109374,
            null,
            null,
            null,
            [
                [
                    0.9108906984329224,
                    -0.39646273851394653,
                    0.11443524062633514
                ],
                [
                    0.374715119600296,
                    0.9108576774597168,
                    0.17299391329288483
                ],
                [
                    -0.1728198528289795,
                    -0.11469792574644089,
                    0.9782523512840271
                ]
            ]
        ],
        [
            0.07358831787109375,
            0.10527822875976563,
            1.047740234375,
            null,
            null,
            null,
            [
                [
                    0.7995001673698425,
                    -0.5927038192749023,
                    0.09747637063264847
                ],
                [
                    0.5667588114738464,
                    0.7981215119361877,
                    0.20441757142543793
                ],
                [
                    -0.19895705580711365,
                    -0.10818629711866379,
                    0.974018394947052
                ]
            ]
        ],
        [
            0.08784619903564453,
            0.14746633911132812,
            1.0433797607421875,
            null,
            null,
            null,
            [
                [
                    0.6629926562309265,
                    -0.7436891794204712,
                    0.08583220839500427
                ],
                [
                    0.7111808061599731,
                    0.6614842414855957,
                    0.23803465068340302
                ],
                [
                    -0.23380044102668762,
                    -0.09677299857139587,
                    0.9674566388130188
                ]
            ]
        ],
        [
            0.09695870971679688,
            0.1871053009033203,
            1.0419600830078124,
            null,
            null,
            null,
            [
                [
                    0.45878538489341736,
                    -0.8880177140235901,
                    0.030667124316096306
                ],
                [
                    0.8747744560241699,
                    0.4574582576751709,
                    0.15969213843345642
                ],
                [
                    -0.15583838522434235,
                    -0.04643760249018669,
                    0.9866904020309448
                ]
            ]
        ],
        [
            0.10461820220947265,
            0.23330406188964845,
            1.0474405517578125,
            null,
            null,
            null,
            [
                [
                    0.3221811056137085,
                    -0.9466755986213684,
                    0.002157538430765271
                ],
                [
                    0.9387933611869812,
                    0.31979042291641235,
                    0.1280670315027237
                ],
                [
                    -0.1219279021024704,
                    -0.039235297590494156,
                    0.991763174533844
                ]
            ]
        ],
        [
            0.10922723388671875,
            0.2719517517089844,
            1.0536868896484375,
            null,
            null,
            null,
            [
                [
                    0.04079969599843025,
                    -0.9978236556053162,
                    -0.051800746470689774
                ],
                [
                    0.9955194592475891,
                    0.03616999834775925,
                    0.08736573904752731
                ],
                [
                    -0.0853019654750824,
                    -0.0551331453025341,
                    0.9948285818099976
                ]
            ]
