{
    "radius": 0.85,
    "angular_speed": 11,
    "save_freq": 0.1,
    "pid_gains": {
        "pid_rate": {
            "roll_kp": "50.0",
            "roll_ki": "0.0",
            "roll_kd": "0.0",
            "pitch_kp": "50.0",
            "pitch_ki": "0.0",
            "pitch_kd": "0.0",
            "yaw_kp": "80.0",
            "yaw_ki": "0.0",
            "yaw_kd": "0.0"
        },
        "pid_attitude": {
            "roll_kp": "10.0",
            "roll_ki": "0.5",
            "roll_kd": "0.5",
            "pitch_kp": "13.0",
            "pitch_ki": "0.5",
            "pitch_kd": "1.5",
            "yaw_kp": "8.0",
            "yaw_ki": "0.5",
            "yaw_kd": "0.5"
        },
        "velCtlPid": {
            "vxKp": "15.0",
            "vxKi": "1.0",
            "vxKd": "0.0",
            "vyKp": "10.0",
            "vyKi": "1.0",
            "vyKd": "0.0",
            "vzKp": "12.5",
            "vzKi": "0.5",
            "vzKd": "0.0"
        },
        "posCtlPid": {
            "xKp": "1.5",
            "xKi": "0.20000000298023224",
            "xKd": "0.20000000298023224",
            "yKp": "1.5",
            "yKi": "0.20000000298023224",
            "yKd": "0.20000000298023224",
            "zKp": "5.0",
            "zKi": "0.5",
            "zKd": "0.0"
        }
    },
    "pose": [
        [
            0.06950297546386719,
            0.16504977416992186,
            0.26078244018554686,
            null,
            null,
            null,
            [
                [
                    0.9976902604103088,
                    5.041790791437961e-05,
                    0.06792758405208588
                ],
                [
                    -0.0007144301780499518,
                    0.9999521970748901,
                    0.009751039557158947
                ],
                [
                    -0.06792384386062622,
                    -0.009777046740055084,
                    0.9976425766944885
                ]
            ]
        ],
        [
            0.06999022674560547,
            0.16498519897460937,
            0.2607490234375,
            null,
            null,
            null,
            [
                [
                    0.9974724054336548,
                    -0.000747107551433146,
                    0.07105133682489395
                ],
                [
                    0.00017465530254412442,
                    0.9999674558639526,
                    0.008062753826379776
                ],
                [
                    -0.07105504721403122,
                    -0.008029964752495289,
                    0.9974400997161865
                ]
            ]
        ],
        [
            0.06783221435546875,
            0.16348712158203124,
            0.279098388671875,
            null,
            null,
            null,
            [
                [
                    0.9990689158439636,
                    0.0062096007168293,
                    0.04269392415881157
                ],
                [
                    -0.007404335308820009,
                    0.9995837807655334,
                    0.0278827715665102
                ],
                [
                    -0.04250301048159599,
                    -0.02817292883992195,
                    0.9986990690231323
                ]
            ]
        ],
        [
            0.06767053985595703,
            0.15237406921386717,
            0.3678185119628906,
            null,
            null,
            null,
            [
                [
                    0.9930285811424255,
                    0.008594488725066185,
                    0.11755988746881485
                ],
                [
                    -0.0007165534771047533,
                    0.9977600574493408,
                    -0.06689083576202393
                ],
                [
                    -0.11787144839763641,
                    0.06634027510881424,
                    0.9908103942871094
                ]
            ]
        ],
        [
            0.06029309844970703,
            0.14099893188476562,
            0.49060687255859375,
            null,
            null,
            null,
            [
                [
                    0.9880867004394531,
                    0.012208386324346066,
                    -0.15341337025165558
                ],
                [
                    -0.02369368076324463,
                    0.9970312714576721,
                    -0.0732613280415535
                ],
                [
                    0.1520635336637497,
                    0.07602347433567047,
                    0.985442578792572
                ]
            ]
        ],
        [
            0.04873588180541992,
            0.12175704956054688,
            0.6188043212890625,
            null,
            null,
            null,
            [
                [
                    0.9988464117050171,
                    0.04731953144073486,
                    -0.008166560903191566
                ],
                [
                    -0.04712134227156639,
                    0.9986252784729004,
                    0.022959193214774132
                ],
                [
                    0.009241752326488495,
                    -0.02254788763821125,
                    0.999703049659729
                ]
            ]
        ],
        [
            0.03555975341796875,
            0.09293440246582031,
            0.755399169921875,
            null,
            null,
            null,
            [
                [
                    0.9991638660430908,
                    -0.02435142546892166,
                    0.03284114971756935
                ],
                [
                    0.02923978492617607,
                    0.9870534539222717,
                    -0.1577039659023285
                ],
                [
                    -0.028575655072927475,
                    0.15853236615657806,
                    0.9869402050971985
                ]
            ]
        ],
        [
            0.025438606262207033,
            0.06264495849609375,
            0.9000436401367188,
            null,
            null,
            null,
            [
                [
                    0.9946491122245789,
                    -0.04378550499677658,
                    0.09357365220785141
                ],
                [
                    0.05330193415284157,
                    0.993381142616272,
                    -0.10174901783466339
                ],
                [
                    -0.08849916607141495,
                    0.1061922237277031,
                    0.9903994798660278
                ]
            ]
        ],
        [
            0.024856910705566407,
            0.03235448455810547,
            1.0264971923828126,
            null,
            null,
            null,
            [
                [
                    0.9910075068473816,
                    -0.019981980323791504,
                    0.1323060691356659
                ],
                [
                    0.026862511411309242,
                    0.9983664751052856,
                    -0.05042557790875435
                ],
                [
                    -0.13108234107494354,
                    0.053526200354099274,
                    0.9899254441261292
                ]
            ]
        ],
        [
            0.03088311958312988,
            0.01598220157623291,
            1.12610595703125,
            null,
            null,
            null,
            [
                [
                    0.9723339676856995,
                    0.019017059355974197,
                    0.23281972110271454
                ],
                [
                    -0.028183430433273315,
                    0.9989504218101501,
                    0.03610780090093613
                ],
                [
                    -0.23188869655132294,
                    -0.04167049750685692,
                    0.9718493819236755
                ]
            ]
        ],
        [
            0.04280433654785156,
            0.0032455008029937745,
            1.184722412109375,
            null,
            null,
            null,
            [
                [
                    0.9928388595581055,
                    -0.012426318600773811,
                    0.11881309747695923
                ],
                [
                    0.00864444486796856,
                    0.9994410872459412,
                    0.032293010503053665
                ],
                [
                    -0.11914797127246857,
                    -0.0310346819460392,
                    0.9923913478851318
                ]
            ]
        ],
        [
            0.05092998123168945,
            -0.008838286399841308,
            1.20162109375,
            null,
            null,
            null,
            [
                [
                    0.9957895278930664,
                    -0.0027903402224183083,
                    0.09162637591362
                ],
                [
                    -0.0026492627803236246,
                    0.9982430934906006,
                    0.05919197201728821
                ],
                [
                    -0.09163056313991547,
                    -0.059185490012168884,
                    0.9940326809883118
                ]
            ]
        ],
        [
            0.053880523681640625,
            -0.018291738510131834,
            1.189072509765625,
            null,
            null,
            null,
            [
                [
                    0.9989169836044312,
                    0.019163839519023895,
                    0.04239848256111145
                ],
                [
                    -0.019888803362846375,
                    0.9996619820594788,
                    0.016743531450629234
                ],
                [
                    -0.04206328094005585,
                    -0.01756865158677101,
                    0.9989604949951172
                ]
            ]
        ],
        [
            0.052443317413330075,
            -0.029022361755371092,
            1.1644901123046876,
            null,
            null,
            null,
            [
                [
                    0.9973688125610352,
                    0.07245846837759018,
                    0.002276067156344652
                ],
                [
                    -0.07227757573127747,
                    0.9963235259056091,
                    -0.04599269479513168
                ],
                [
                    -0.005600259639322758,
                    0.04570717364549637,
                    0.9989391565322876
                ]
            ]
        ],
        [
            0.05024726486206055,
            -0.040710163116455075,
            1.139658935546875,
            null,
            null,
            null,
            [
                [
                    0.995491087436676,
                    0.09484893083572388,
                    0.001099400338716805
                ],
                [
                    -0.09460185468196869,
                    0.993611216545105,
                    -0.06154059246182442
                ],
                [
                    -0.006929435767233372,
                    0.061159104108810425,
                    0.9981039762496948
                ]
            ]
        ],
        [
            0.04712464141845703,
            -0.04232317352294922,
            1.1206517333984376,
            null,
            null,
            null,
            [
                [
                    0.9965518712997437,
                    0.08256381005048752,
                    0.008222310803830624
                ],
                [
                    -0.08258683979511261,
                    0.9965807199478149,
                    0.0025015512946993113
                ],
                [
                    -0.007987658493220806,
                    -0.003171980381011963,
                    0.9999630451202393
                ]
            ]
        ],
        [
            0.04143186569213867,
            -0.047107662200927734,
            1.1106036376953126,
            null,
            null,
            null,
            [
                [
                    0.9954299926757812,
                    0.09435834735631943,
                    0.01468490157276392
                ],
                [
                    -0.09348564594984055,
                    0.9942753911018372,
                    -0.05173814669251442
                ],
                [
                    -0.01948276162147522,
                    0.05012887343764305,
                    0.9985527396202087
                ]
            ]
        ],
        [
            0.03742207717895508,
            -0.05003906631469727,
            1.1082650146484374,
            null,
            null,
            null,
            [
                [
                    0.9927509427070618,
                    0.11402236670255661,
                    0.03800559416413307
                ],
                [
                    -0.11385560035705566,
                    0.9934758543968201,
                    -0.006530930753797293
                ],
                [
                    -0.03850231319665909,
                    0.0021564383059740067,
                    0.9992561936378479
                ]
            ]
        ],
        [
            0.036827033996582034,
            -0.050068241119384765,
            1.110183837890625,
            null,
            null,
            null,
            [
                [
                    0.9905645847320557,
                    0.11683304607868195,
                    0.07163714617490768
                ],
                [
                    -0.1140788346529007,
                    0.9926080107688904,
                    -0.041416630148887634
                ],
                [
                    -0.07594644278287888,
                    0.032853566110134125,
                    0.9965705275535583
                ]
            ]
        ],
        [
            0.03585196685791016,
            -0.052942073822021485,
            1.113291748046875,
            null,
            null,
            null,
            [
                [
                    0.9916229844093323,
                    0.10900433361530304,
                    0.06929565221071243
                ],
                [
                    -0.10562307387590408,
                    0.9931115508079529,
                    -0.050727371126413345
                ],
                [
                    -0.07434780895709991,
                    0.04298320785164833,
                    0.9963055849075317
                ]
            ]
        ],
        [
            0.036331615447998046,
            -0.04798082733154297,
            1.1136600341796874,
            null,
            null,
            null,
            [
                [
                    0.9909315705299377,
                    0.11622476577758789,
                    0.06742694973945618
                ],
                [
                    -0.1156548410654068,
                    0.9932131767272949,
                    -0.012308730743825436
                ],
                [
                    -0.06839991360902786,
                    0.004398856777697802,
                    0.997648298740387
                ]
            ]
        ],
        [
            0.036490039825439455,
            -0.041232112884521485,
            1.1105987548828125,
            null,
            null,
            null,
            [
                [
                    0.9934064745903015,
                    0.10770655423402786,
                    0.03927990794181824
                ],
                [
                    -0.1068267896771431,
                    0.993991494178772,
                    -0.023853756487369537
                ],
                [
                    -0.041613101959228516,
                    0.019500328227877617,
                    0.9989435076713562
                ]
            ]
        ],
        [
            0.03284647750854492,
            -0.03883057403564453,
            1.106613525390625,
            null,
            null,
            null,
            [
                [
                    0.9929687976837158,
                    0.11804920434951782,
                    0.00879631657153368
                ],
                [
                    -0.11776147037744522,
                    0.9926437139511108,
                    -0.02811884693801403
                ],
                [
                    -0.012051016092300415,
                    0.026885271072387695,
                    0.9995658993721008
                ]
            ]
        ],
        [
            0.027389469146728514,
            -0.029489059448242188,
            1.10355322265625,
            null,
            null,
            null,
            [
                [
                    0.9961327314376831,
                    0.08444666862487793,
                    0.024256814271211624
                ],
                [
                    -0.08389998227357864,
                    0.996214747428894,
                    -0.022736065089702606
                ],
                [
                    -0.026084981858730316,
                    0.020612990483641624,
                    0.9994471669197083
                ]
            ]
        ],
        [
            0.016580991744995117,
            -0.023599502563476562,
            1.1022607421875,
            null,
            null,
            null,
            [
                [
                    0.9956222772598267,
                    0.09316534548997879,
                    0.007518497295677662
                ],
                [
                    -0.09256025403738022,
                    0.9939404129981995,
                    -0.05928746238350868
                ],
                [
                    -0.012996475212275982,
                    0.05833200365304947,
                    0.9982126355171204
                ]
            ]
        ],
        [
            0.005900070190429687,
            -0.013510737419128418,
            1.1015084228515626,
            null,
            null,
            null,
            [
                [
                    0.9935879111289978,
                    0.10556867718696594,
                    0.0404755137860775
                ],
                [
                    -0.1048101931810379,
                    0.9942823648452759,
                    -0.020430365577340126
                ],
                [
                    -0.042400896549224854,
                    0.016057118773460388,
                    0.9989716410636902
                ]
            ]
        ],
        [
            -0.0014393967390060425,
            -0.004134842395782471,
            1.099796142578125,
            null,
            null,
            null,
            [
                [
                    0.9925175309181213,
                    0.10255278646945953,
                    0.06627167016267776
                ],
                [
                    -0.0989961102604866,
                    0.9935722947120667,
                    -0.05489879101514816
                ],
                [
                    -0.07147571444511414,
                    0.0479273721575737,
                    0.9962902069091797
                ]
            ]
        ],
        [
            -0.007376692295074463,
            0.0004463139772415161,
            1.09878564453125,
            null,
            null,
            null,
            [
                [
                    0.9929289817810059,
                    0.08188185840845108,
                    0.08594977110624313
                ],
                [
                    -0.07680406421422958,
                    0.9951897859573364,
                    -0.06081470102071762
                ],
                [
                    -0.09051594883203506,
                    0.053783390671014786,
                    0.9944416284561157
                ]
            ]
        ],
        [
            -0.009330391883850098,
            0.007337887287139893,
            1.098893310546875,
            null,
            null,
            null,
            [
                [
                    0.9871128797531128,
                    0.11358947306871414,
                    0.1127193421125412
                ],
                [
                    -0.108125701546669,
                    0.9926978945732117,
                    -0.05347583442926407
                ],
                [
                    -0.1179705485701561,
                    0.040598828345537186,
                    0.9921868443489075
                ]
            ]
        ],
        [
            -0.007796500682830811,
            0.012452482223510742,
            1.097734130859375,
            null,
            null,
            null,
            [
                [
                    0.9918161034584045,
                    0.08762874454259872,
                    0.09285493940114975
                ],
                [
                    -0.0812419056892395,
                    0.9942000508308411,
                    -0.07046985626220703
                ],
                [
                    -0.09849157184362411,
                    0.06234942749142647,
                    0.9931827187538147
                ]
            ]
        ],
        [
            -0.004826403141021728,
            0.012822595596313477,
            1.0965792236328125,
            null,
            null,
            null,
            [
                [
                    0.9919860363006592,
                    0.08912137150764465,
                    0.08956080675125122
                ],
                [
                    -0.08129552751779556,
                    0.9928392171859741,
                    -0.08752903342247009
                ],
                [
                    -0.09672018885612488,
                    0.07954668253660202,
                    0.9921277761459351
                ]
            ]
        ],
        [
            -0.002866928815841675,
            0.01919464111328125,
            1.09596044921875,
            null,
            null,
            null,
            [
                [
                    0.9927687048912048,
                    0.09757876396179199,
                    0.06991925090551376
                ],
                [
                    -0.09497392177581787,
                    0.9946891665458679,
                    -0.03966580331325531
                ],
                [
                    -0.07341846823692322,
                    0.03273846209049225,
                    0.9967637062072754
                ]
            ]
        ],
        [
            -0.004147098064422607,
            0.022163358688354493,
            1.095177978515625,
            null,
            null,
            null,
            [
                [
                    0.995012104511261,
                    0.09066235274076462,
                    0.04160849004983902
                ],
                [
                    -0.08845087140798569,
                    0.994710385799408,
                    -0.05222730338573456
                ],
                [
                    -0.0461234487593174,
                    0.04828649014234543,
                    0.9977680444717407
                ]
            ]
        ],
        [
            -0.009044932365417481,
            0.021731916427612304,
            1.093526611328125,
            null,
            null,
            null,
            [
                [
                    0.9947760105133057,
                    0.0971294641494751,
                    0.03140891715884209
                ],
                [
                    -0.09567299485206604,
                    0.9943970441818237,
                    -0.04495709761977196
                ],
                [
                    -0.035599593073129654,
                    0.04171725735068321,
                    0.9984950423240662
                ]
            ]
        ],
        [
            -0.01858669853210449,
            0.02426641845703125,
            1.092703369140625,
            null,
            null,
            null,
            [
                [
                    0.993431031703949,
                    0.10896769165992737,
                    0.0349406972527504
                ],
                [
                    -0.10686983913183212,
                    0.9926294088363647,
                    -0.05714607611298561
                ],
                [
                    -0.04091024026274681,
                    0.05303657799959183,
                    0.9977542161941528
                ]
            ]
        ],
        [
            -0.02650870132446289,
            0.020627376556396484,
            1.0920897216796874,
            null,
            null,
            null,
            [
                [
                    0.9902706742286682,
                    0.12053828686475754,
                    0.06953088194131851
                ],
                [
                    -0.1146295890212059,
                    0.9898930191993713,
                    -0.08349799364805222
                ],
                [
                    -0.07889283448457718,
                    0.07471531629562378,
                    0.9940792322158813
                ]
            ]
        ],
        [
            -0.030162139892578124,
            0.018964427947998047,
            1.0888819580078124,
            null,
            null,
            null,
            [
                [
                    0.9873485565185547,
                    0.12633681297302246,
                    0.09582161903381348
                ],
                [
                    -0.12174250930547714,
                    0.9911781549453735,
                    -0.05238896980881691
                ],
                [
                    -0.1015949547290802,
                    0.0400606133043766,
                    0.9940189123153687
                ]
            ]
        ],
        [
            -0.03177326202392578,
            0.017763687133789063,
            1.085376220703125,
            null,
            null,
            null,
            [
                [
                    0.9816375374794006,
                    0.14394788444042206,
                    0.12516705691814423
                ],
                [
                    -0.13639894127845764,
                    0.988387942314148,
                    -0.06696683168411255
                ],
                [
                    -0.1333533376455307,
                    0.048664502799510956,
                    0.9898730516433716
                ]
            ]
        ],
        [
            -0.02701156234741211,
            0.011063403129577636,
            1.08242578125,
            null,
            null,
            null,
            [
                [
                    0.9786045551300049,
                    0.15278498828411102,
                    0.13780394196510315
                ],
                [
                    -0.14231640100479126,
                    0.9863418340682983,
                    -0.08292041718959808
                ],
                [
                    -0.1485907882452011,
                    0.06153453141450882,
                    0.9869824051856995
                ]
            ]
        ],
        [
            -0.017179229736328124,
            0.010343025207519532,
            1.080344970703125,
            null,
            null,
            null,
            [
                [
                    0.9833844900131226,
                    0.11858296394348145,
                    0.13745209574699402
                ],
                [
                    -0.11486183851957321,
                    0.9927744269371033,
                    -0.03472329303622246
                ],
                [
                    -0.14057651162147522,
                    0.018358346074819565,
                    0.9898995757102966
                ]
            ]
        ],
        [
            -0.007187430381774902,
            0.008137930870056152,
            1.07834033203125,
            null,
            null,
            null,
            [
                [
                    0.9795950055122375,
                    0.16644546389579773,
                    0.11264783889055252
                ],
                [
                    -0.16145135462284088,
                    0.9855014681816101,
                    -0.05215641111135483
                ],
                [
                    -0.11969580501317978,
                    0.032905012369155884,
                    0.9922651648521423
                ]
            ]
        ],
        [
            0.0043225188255310056,
            0.0005526604056358337,
            1.077265869140625,
            null,
            null,
            null,
            [
                [
                    0.9824198484420776,
                    0.17043723165988922,
                    0.07617360353469849
                ],
                [
                    -0.1656731814146042,
                    0.9840328693389893,
                    -0.0650516077876091
                ],
                [
                    -0.0860445499420166,
                    0.05128806456923485,
                    0.9949702620506287
                ]
            ]
        ],
        [
            0.013253462791442872,
            -0.0010087610483169556,
            1.076204345703125,
            null,
            null,
            null,
            [
                [
                    0.9827653765678406,
                    0.17941468954086304,
                    0.04452554136514664
                ],
                [
                    -0.17824022471904755,
                    0.98355633020401,
                    -0.02910974621772766
                ],
                [
                    -0.04901609197258949,
                    0.02067180909216404,
                    0.9985840320587158
                ]
            ]
        ],
        [
            0.01692083740234375,
            -0.0036312787532806396,
            1.075342041015625,
            null,
            null,
            null,
            [
                [
                    0.9826399683952332,
                    0.18552201986312866,
                    0.0005180176813155413
                ],
                [
                    -0.18523399531841278,
                    0.9812625646591187,
                    -0.053029876202344894
                ],
                [
                    -0.010346520692110062,
                    0.052013322710990906,
                    0.9985927939414978
                ]
            ]
        ],
        [
            0.01800594711303711,
            -0.00792352056503296,
            1.075794677734375,
            null,
            null,
            null,
            [
                [
                    0.9832226634025574,
                    0.18186667561531067,
                    0.01406076643615961
                ],
                [
                    -0.18115997314453125,
                    0.9825892448425293,
                    -0.04122484475374222
                ],
                [
                    -0.02131338231265545,
                    0.03798595443367958,
                    0.9990509748458862
                ]
            ]
        ],
        [
            0.014992877960205079,
            -0.004899561405181885,
            1.0764859619140625,
            null,
            null,
            null,
            [
                [
                    0.985552191734314,
                    0.16802988946437836,
                    0.02128000557422638
                ],
                [
                    -0.16751761734485626,
                    0.9855785369873047,
                    -0.02393348515033722
                ],
                [
                    -0.024994658306241035,
                    0.02002292312681675,
                    0.999487042427063
                ]
            ]
        ],
        [
            0.009707210540771484,
            -0.0019430968761444093,
            1.076530517578125,
            null,
            null,
            null,
            [
                [
                    0.983288049697876,
                    0.17681044340133667,
                    0.043389394879341125
                ],
                [
                    -0.17451691627502441,
                    0.9832826256752014,
                    -0.051953479647636414
                ],
                [
                    -0.051849957555532455,
                    0.04351305216550827,
                    0.9977064728736877
                ]
            ]
        ],
        [
            0.008694231986999512,
            0.0019622076749801634,
            1.0733155517578126,
            null,
            null,
            null,
            [
                [
                    0.983372688293457,
                    0.15510448813438416,
                    0.09444977343082428
                ],
                [
                    -0.1522686779499054,
                    0.9876623153686523,
                    -0.03656967729330063
                ],
                [
                    -0.09895660728216171,
                    0.02157987840473652,
                    0.9948577284812927
                ]
            ]
        ],
        [
            0.009625066757202148,
            0.008013870239257813,
            1.0685703125,
            null,
            null,
            null,
            [
                [
                    0.9851468801498413,
                    0.13084428012371063,
                    0.11120005697011948
                ],
                [
                    -0.12692523002624512,
                    0.9910374283790588,
                    -0.04165099188685417
                ],
                [
                    -0.11565321683883667,
                    0.02691825106739998,
                    0.9929248690605164
                ]
            ]
        ],
        [
            0.01687551689147949,
            0.011887030601501465,
            1.06294873046875,
            null,
            null,
            null,
            [
                [
                    0.9834040403366089,
                    0.13081569969654083,
                    0.1257127821445465
                ],
                [
                    -0.11925410479307175,
                    0.9882606267929077,
                    -0.09549568593502045
                ],
                [
                    -0.13672932982444763,
                    0.07891908288002014,
                    0.9874597787857056
                ]
            ]
        ],
        [
            0.03567227172851563,
            0.026062881469726563,
            1.0405572509765626,
            null,
            null,
            null,
            [
                [
                    0.982731282711029,
                    0.04415886849164963,
                    0.17969197034835815
                ],
                [
                    -0.038317419588565826,
                    0.9986222386360168,
                    -0.03585192188620567
                ],
                [
                    -0.1810275763273239,
                    0.028347471728920937,
                    0.9830694198608398
                ]
            ]
        ],
        [
            0.06740353393554688,
            0.057262947082519534,
            0.9720255737304687,
            null,
            null,
            null,
            [
                [
                    0.9277786016464233,
                    -0.07873732596635818,
                    0.364729106426239
                ],
                [
                    -0.0073200105689466,
                    0.9734533429145813,
                    0.22876833379268646
                ],
                [
                    -0.37305939197540283,
                    -0.2149161845445633,
                    0.9025728702545166
                ]
            ]
        ],
        [
            0.10840849304199218,
            0.084659423828125,
            0.8901385498046875,
            null,
            null,
            null,
            [
                [
                    0.8917269706726074,
                    -0.16322362422943115,
                    0.4221150279045105
                ],
                [
                    0.0684904009103775,
                    0.9706268906593323,
                    0.23063503205776215
                ],
                [
                    -0.4473612606525421,
                    -0.17675264179706573,
                    0.8767133951187134
                ]
            ]
        ],
        [
            0.15592210388183594,
            0.12130404663085938,
            0.811578125,
            null,
            null,
            null,
            [
                [
                    0.9109510779380798,
                    -0.2655630111694336,
                    0.31566500663757324
                ],
                [
                    0.21253548562526703,
                    0.957984983921051,
                    0.1925964504480362
                ],
                [
                    -0.3535488247871399,
                    -0.10835593938827515,
                    0.9291190505027771
                ]
            ]
        ],
        [
            0.2092052459716797,
            0.16825408935546876,
            0.7437619018554688,
            null,
            null,
            null,
            [
                [
                    0.881570041179657,
                    -0.4324849247932434,
                    0.18918517231941223
                ],
                [
                    0.3958374857902527,
                    0.8956249356269836,
                    0.2029007077217102
                ],
                [
                    -0.257190465927124,
                    -0.10398460179567337,
                    0.9607498645782471
                ]
            ]
        ],
        [
            0.2525202331542969,
            0.21526765441894533,
            0.6857184448242187,
            null,
            null,
            null,
            [
                [
                    0.7824108600616455,
                    -0.6227484941482544,
                    -0.004187642131000757
                ],
                [
                    0.610870897769928,
                    0.7661455869674683,
                    0.19964399933815002
                ],
                [
                    -0.1211196556687355,
                    -0.15876175463199615,
                    0.9798595309257507
                ]
            ]
        ],
        [
            0.2759488830566406,
            0.25980831909179686,
            0.646867919921875,
            null,
            null,
            null,
            [
                [
                    0.529499351978302,
                    -0.8459164500236511,
                    -0.06368488818407059
                ],
                [
                    0.8405746221542358,
                    0.5130749940872192,
                    0.17374804615974426
                ],
                [
                    -0.11430121213197708,
                    -0.14553138613700867,
                    0.9827287793159485
                ]
            ]
        ],
        [
