{
    "radius": 0.6,
    "angular_speed": 12,
    "save_freq": 0.1,
    "pid_gains": {
        "pid_rate": {
            "roll_kp": "50.0",
            "roll_ki": "0.0",
            "roll_kd": "0.0",
            "pitch_kp": "50.0",
            "pitch_ki": "0.0",
            "pitch_kd": "0.0",
            "yaw_kp": "80.0",
            "yaw_ki": "0.0",
            "yaw_kd": "0.0"
        },
        "pid_attitude": {
            "roll_kp": "10.0",
            "roll_ki": "0.5",
            "roll_kd": "0.5",
            "pitch_kp": "13.0",
            "pitch_ki": "0.5",
            "pitch_kd": "1.5",
            "yaw_kp": "8.0",
            "yaw_ki": "0.5",
            "yaw_kd": "0.5"
        },
        "velCtlPid": {
            "vxKp": "15.0",
            "vxKi": "1.0",
            "vxKd": "0.0",
            "vyKp": "10.0",
            "vyKi": "1.0",
            "vyKd": "0.0",
            "vzKp": "12.5",
            "vzKi": "0.5",
            "vzKd": "0.0"
        },
        "posCtlPid": {
            "xKp": "1.5",
            "xKi": "0.20000000298023224",
            "xKd": "0.20000000298023224",
            "yKp": "1.5",
            "yKi": "0.20000000298023224",
            "yKd": "0.20000000298023224",
            "zKp": "5.0",
            "zKi": "0.5",
            "zKd": "0.0"
        }
    },
    "pose": [
        [
            0.0766478500366211,
            0.05954792785644531,
            0.25994073486328123,
            null,
            null,
            null,
            [
                [
                    0.9962716102600098,
                    -0.04858962818980217,
                    0.07128772884607315
                ],
                [
                    0.04654548689723015,
                    0.9984637498855591,
                    0.030061721801757812
                ],
                [
                    -0.07263889908790588,
                    -0.026631517335772514,
                    0.9970026612281799
                ]
            ]
        ],
        [
            0.07676174926757813,
            0.05967543411254883,
            0.259993408203125,
            null,
            null,
            null,
            [
                [
                    0.9963308572769165,
                    -0.046198632568120956,
                    0.07204485684633255
                ],
                [
                    0.04413039982318878,
                    0.9985740184783936,
                    0.03004065342247486
                ],
                [
                    -0.07332995533943176,
                    -0.026751061901450157,
                    0.9969488978385925
                ]
            ]
        ],
        [
            0.0755824737548828,
            0.05698935317993164,
            0.2809009094238281,
            null,
            null,
            null,
            [
                [
                    0.9957699775695801,
                    -0.06761836260557175,
                    0.06220897659659386
                ],
                [
                    0.06694255024194717,
                    0.9976736307144165,
                    0.012886730954051018
                ],
                [
                    -0.06293563544750214,
                    -0.008667792193591595,
                    0.9979799389839172
                ]
            ]
        ],
        [
            0.07127117156982422,
            0.054676734924316406,
            0.36603021240234374,
            null,
            null,
            null,
            [
                [
                    0.9968405365943909,
                    -0.07132908701896667,
                    0.03494487702846527
                ],
                [
                    0.07446249574422836,
                    0.9923403263092041,
                    -0.09856955707073212
                ],
                [
                    -0.02764633670449257,
                    0.10086020827293396,
                    0.9945164322853088
                ]
            ]
        ],
        [
            0.06290542984008789,
            0.053494308471679686,
            0.46850335693359374,
            null,
            null,
            null,
            [
                [
                    0.9978981018066406,
                    -0.06001865491271019,
                    0.024437254294753075
                ],
                [
                    0.05768705531954765,
                    0.9945398569107056,
                    0.08696331083774567
                ],
                [
                    -0.029523244127631187,
                    -0.08537080883979797,
                    0.995911717414856
                ]
            ]
        ],
        [
            0.05154062652587891,
            0.046722557067871096,
            0.579439208984375,
            null,
            null,
            null,
            [
                [
                    0.9974898099899292,
                    -0.06157577410340309,
                    0.03496508300304413
                ],
                [
                    0.06443347781896591,
                    0.9940751194953918,
                    -0.08753851056098938
                ],
                [
                    -0.029367666691541672,
                    0.08957169204950333,
                    0.9955472946166992
                ]
            ]
        ],
        [
            0.03930853271484375,
            0.03741411590576172,
            0.68735595703125,
            null,
            null,
            null,
            [
                [
                    0.9957099556922913,
                    -0.0554848350584507,
                    0.07404820621013641
                ],
                [
                    0.06072332337498665,
                    0.9956635236740112,
                    -0.07047557085752487
                ],
                [
                    -0.06981677561998367,
                    0.07466968148946762,
                    0.9947612881660461
                ]
            ]
        ],
        [
            0.030024581909179688,
            0.027455598831176757,
            0.800054443359375,
            null,
            null,
            null,
            [
                [
                    0.9959388375282288,
                    -0.04449697583913803,
                    0.07826792448759079
                ],
                [
                    0.049799513071775436,
                    0.9964990019798279,
                    -0.06715494394302368
                ],
                [
                    -0.07500571757555008,
                    0.07077991962432861,
                    0.9946679472923279
                ]
            ]
        ],
        [
            0.025578004837036133,
            0.017351423263549805,
            0.9170736694335937,
            null,
            null,
            null,
            [
                [
                    0.9942392110824585,
                    -0.05183827504515648,
                    0.09381493926048279
                ],
                [
                    0.05819610133767128,
                    0.9960976839065552,
                    -0.06635252386331558
                ],
                [
                    -0.09000924229621887,
                    0.07142994552850723,
                    0.9933761358261108
                ]
            ]
        ],
        [
            0.026806682586669923,
            0.008619633674621582,
            1.025321044921875,
            null,
            null,
            null,
            [
                [
                    0.9744799733161926,
                    -0.01040283590555191,
                    0.22423316538333893
                ],
                [
                    0.019261790439486504,
                    0.9991163611412048,
                    -0.03735658526420593
                ],
                [
                    -0.2236464023590088,
                    0.040722377598285675,
                    0.9738192558288574
                ]
            ]
        ],
        [
            0.03265935134887695,
            0.0022732861042022703,
            1.108460693359375,
            null,
            null,
            null,
            [
                [
                    0.9946732521057129,
                    -0.01604791171848774,
                    0.10182134062051773
                ],
                [
                    0.023304101079702377,
                    0.9972409605979919,
                    -0.07047964632511139
                ],
                [
                    -0.1004093661904335,
                    0.0724770724773407,
                    0.9923028945922852
                ]
            ]
        ],
        [
            0.04020765686035156,
            -0.004360542774200439,
            1.156176513671875,
            null,
            null,
            null,
            [
                [
                    0.9931334853172302,
                    -0.030392061918973923,
                    0.11296966671943665
                ],
                [
                    0.025770345702767372,
                    0.9987789392471313,
                    0.04214899614453316
                ],
                [
                    -0.1141127198934555,
                    -0.038948312401771545,
                    0.9927040338516235
                ]
            ]
        ],
        [
            0.04943698883056641,
            -0.009765827178955078,
            1.1725789794921875,
            null,
            null,
            null,
            [
                [
                    0.9941689372062683,
                    -0.023221226409077644,
                    0.10530400276184082
                ],
                [
                    0.02717854082584381,
                    0.9989712238311768,
                    -0.03630179539322853
                ],
                [
                    -0.10435269773006439,
                    0.03895212709903717,
                    0.9937772750854492
                ]
            ]
        ],
        [
            0.058683303833007815,
            -0.012925592422485352,
            1.1654248046875,
            null,
            null,
            null,
            [
                [
                    0.9964951276779175,
                    -0.00946913193911314,
                    0.08311346173286438
                ],
                [
                    0.014639431610703468,
                    0.9979799389839172,
                    -0.061820533126592636
                ],
                [
                    -0.082360178232193,
                    0.06282059103250504,
                    0.9946207404136658
                ]
            ]
        ],
        [
            0.06535482025146484,
            -0.015190897941589355,
            1.1454498291015625,
            null,
            null,
            null,
            [
                [
                    0.9979634284973145,
                    -0.025534339249134064,
                    0.058455340564250946
                ],
                [
                    0.027681568637490273,
                    0.9989603161811829,
                    -0.03622253239154816
                ],
                [
                    -0.05746964365243912,
                    0.037766896188259125,
                    0.997632622718811
                ]
            ]
        ],
        [
            0.06673150634765625,
            -0.013959807395935058,
            1.1209669189453124,
            null,
            null,
            null,
            [
                [
                    0.9997674822807312,
                    -0.008102538995444775,
                    0.019983522593975067
                ],
                [
                    0.00910965260118246,
                    0.9986656308174133,
                    -0.05083221197128296
                ],
                [
                    -0.019544988870620728,
                    0.05100243538618088,
                    0.9985072612762451
                ]
            ]
        ],
        [
            0.0654195556640625,
            -0.0148526029586792,
            1.10275537109375,
            null,
            null,
            null,
            [
                [
                    0.9999880194664001,
                    -0.004654935095459223,
                    0.0015218020416796207
                ],
                [
                    0.00471155671402812,
                    0.9992043375968933,
                    -0.0396035835146904
                ],
                [
                    -0.001336239161901176,
                    0.039610281586647034,
                    0.9992142915725708
                ]
            ]
        ],
        [
            0.060811023712158206,
            -0.008858628273010254,
            1.0903997802734375,
            null,
            null,
            null,
            [
                [
                    0.9994866847991943,
                    -0.01848583295941353,
                    0.026165185496211052
                ],
                [
                    0.018854662775993347,
                    0.999725341796875,
                    -0.0139203742146492
                ],
                [
                    -0.025900669395923615,
                    0.014406564645469189,
                    0.9995607137680054
                ]
            ]
        ],
        [
            0.05229553604125976,
            -0.0015390152931213379,
            1.085016357421875,
            null,
            null,
            null,
            [
                [
                    0.9989659786224365,
                    -0.00464881956577301,
                    0.04522529989480972
                ],
                [
                    0.006348038092255592,
                    0.9992763996124268,
                    -0.037501540035009384
                ],
                [
                    -0.045018237084150314,
                    0.03774985298514366,
                    0.9982726573944092
                ]
            ]
        ],
        [
            0.047922801971435544,
            0.004628705024719238,
            1.0846268310546876,
            null,
            null,
            null,
            [
                [
                    0.9969722628593445,
                    0.021526440978050232,
                    0.07471884787082672
                ],
                [
                    -0.01949157938361168,
                    0.9994218945503235,
                    -0.02785685285925865
                ],
                [
                    -0.07527530938386917,
                    0.026316121220588684,
                    0.9968155026435852
                ]
            ]
        ],
        [
            0.049998523712158204,
            0.015839803695678712,
            1.086565185546875,
            null,
            null,
            null,
            [
                [
                    0.9954890012741089,
                    -0.015840468928217888,
                    0.09354502707719803
                ],
                [
                    0.01972636952996254,
                    0.998974084854126,
                    -0.04076288640499115
                ],
                [
                    -0.09280335903167725,
                    0.04242430999875069,
                    0.9947802424430847
                ]
            ]
        ],
        [
            0.05353064346313476,
            0.02112954330444336,
            1.089634521484375,
            null,
            null,
            null,
            [
                [
                    0.9951085448265076,
                    -0.018817033618688583,
                    0.09697878360748291
                ],
                [
                    0.027890481054782867,
                    0.9952686429023743,
                    -0.09307245910167694
                ],
                [
                    -0.09476859122514725,
                    0.09532199054956436,
                    0.990925133228302
                ]
            ]
        ],
        [
            0.059693935394287106,
            0.028876312255859377,
            1.0899527587890625,
            null,
            null,
            null,
            [
                [
                    0.9957916140556335,
                    -0.0009396887035109103,
                    0.09164157509803772
                ],
                [
                    0.007620540447533131,
                    0.9973335266113281,
                    -0.07257936149835587
                ],
                [
                    -0.09132900834083557,
                    0.07297228276729584,
                    0.9931434988975525
                ]
            ]
        ],
        [
            0.06760785675048828,
            0.03380727386474609,
            1.0864466552734375,
            null,
            null,
            null,
            [
                [
                    0.9970631003379822,
                    -0.04830990731716156,
                    0.0594247430562973
                ],
                [
                    0.053138311952352524,
                    0.995168924331665,
                    -0.08255372196435928
                ],
                [
                    -0.05514949560165405,
                    0.08546900004148483,
                    0.9948133230209351
                ]
            ]
        ],
        [
            0.07027921295166016,
            0.03157074737548828,
            1.0814029541015624,
            null,
            null,
            null,
            [
                [
                    0.9964185953140259,
                    -0.06820080429315567,
                    0.04998605698347092
                ],
                [
                    0.07261044532060623,
                    0.9930636286735535,
                    -0.09247905761003494
                ],
                [
                    -0.043332189321517944,
                    0.09577736258506775,
                    0.9944591522216797
                ]
            ]
        ],
        [
            0.06464094543457032,
            0.032829933166503907,
            1.074083251953125,
            null,
            null,
            null,
            [
                [
                    0.9997864961624146,
                    -0.019104866310954094,
                    -0.007868890650570393
                ],
                [
                    0.018643883988261223,
                    0.9983127117156982,
                    -0.054992079734802246
                ],
                [
                    0.00890622939914465,
                    0.054833635687828064,
                    0.9984557628631592
                ]
            ]
        ],
        [
            0.05698717498779297,
            0.029025922775268553,
            1.0691541748046876,
            null,
            null,
            null,
            [
                [
                    0.9989812970161438,
                    -0.042770788073539734,
                    -0.014389554969966412
                ],
                [
                    0.04159383103251457,
                    0.9963899850845337,
                    -0.07400667667388916
                ],
                [
                    0.017502931877970695,
                    0.0733327642083168,
                    0.9971539378166199
                ]
            ]
        ],
        [
            0.044087005615234376,
            0.02401386833190918,
            1.0661033935546875,
            null,
            null,
            null,
            [
                [
                    0.9987528920173645,
                    -0.04937831312417984,
                    -0.00737763661891222
                ],
                [
                    0.049116749316453934,
                    0.9982737898826599,
                    -0.032202571630477905
                ],
                [
                    0.008955010212957859,
                    0.0318000428378582,
                    0.999454140663147
                ]
            ]
        ],
        [
            0.02582044792175293,
            0.018881769180297853,
            1.0665687255859375,
            null,
            null,
            null,
            [
                [
                    0.9984062314033508,
                    -0.05620121583342552,
                    0.005143101792782545
                ],
                [
                    0.056369878351688385,
                    0.9974977970123291,
                    -0.0426681749522686
                ],
                [
                    -0.002732229419052601,
                    0.04289008677005768,
                    0.9990760684013367
                ]
            ]
        ],
        [
            0.01249827003479004,
            0.010737842559814453,
            1.0720775146484376,
            null,
            null,
            null,
            [
                [
                    0.998414933681488,
                    -0.023823125287890434,
                    0.05099096521735191
                ],
                [
                    0.02659778855741024,
                    0.9981623888015747,
                    -0.05444654822349548
                ],
                [
                    -0.04960017278790474,
                    0.05571649596095085,
                    0.9972138404846191
                ]
            ]
        ],
        [
            0.005020577907562256,
            0.011400057792663574,
            1.077683837890625,
            null,
            null,
            null,
            [
                [
                    0.9955072999000549,
                    -0.04199500009417534,
                    0.08486253768205643
                ],
                [
                    0.04259944334626198,
                    0.9990780353546143,
                    -0.00532360328361392
                ],
                [
                    -0.08456072956323624,
                    0.008914782665669918,
                    0.9963784217834473
                ]
            ]
        ],
        [
            -0.0004764309823513031,
            0.010166417121887207,
            1.0830157470703126,
            null,
            null,
            null,
            [
                [
                    0.9903138875961304,
                    -0.04633328691124916,
                    0.13088783621788025
                ],
                [
                    0.050733838230371475,
                    0.9982467889785767,
                    -0.03048696182668209
                ],
                [
                    -0.1292458027601242,
                    0.03683210536837578,
                    0.9909282922744751
                ]
            ]
        ],
        [
            0.0008305382132530213,
            0.009291452407836914,
            1.0855966796875,
            null,
            null,
            null,
            [
                [
                    0.9915234446525574,
                    0.002353740856051445,
                    0.12990668416023254
                ],
                [
                    0.00042903461144305766,
                    0.9997711181640625,
                    -0.021389201283454895
                ],
                [
                    -0.12992729246616364,
                    0.02126362733542919,
                    0.9912955164909363
                ]
            ]
        ],
        [
            0.006632359504699707,
            0.009650535583496093,
            1.08438720703125,
            null,
            null,
            null,
            [
                [
                    0.9922657012939453,
                    -0.049046169966459274,
                    0.11403174698352814
                ],
                [
                    0.05342474207282066,
                    0.997934877872467,
                    -0.03566247597336769
                ],
                [
                    -0.11204715073108673,
                    0.04147876799106598,
                    0.9928368330001831
                ]
            ]
        ],
        [
            0.009837428092956542,
            0.0051398353576660154,
            1.08158642578125,
            null,
            null,
            null,
            [
                [
                    0.9971312880516052,
                    -0.03179290518164635,
                    0.06869027018547058
                ],
                [
                    0.03798361122608185,
                    0.995145857334137,
                    -0.09078534692525864
                ],
                [
                    -0.06547050923109055,
                    0.09313401579856873,
                    0.993498682975769
                ]
            ]
        ],
        [
            0.009646462440490724,
            0.005741424560546875,
            1.0773441162109374,
            null,
            null,
            null,
            [
                [
                    0.9992833137512207,
                    -0.025779712945222855,
                    0.02771715074777603
                ],
                [
                    0.026632854714989662,
                    0.9991686940193176,
                    -0.030864816159009933
                ],
                [
                    -0.026898423209786415,
                    0.031580884009599686,
                    0.9991391897201538
                ]
            ]
        ],
        [
            0.007963539123535156,
            0.003149552345275879,
            1.0735299072265625,
            null,
            null,
            null,
            [
                [
                    0.9994606971740723,
                    -0.03269972279667854,
                    0.0030140599701553583
                ],
                [
                    0.03281056508421898,
                    0.9981741309165955,
                    -0.05071372911334038
                ],
                [
                    -0.001350231934338808,
                    0.05078526958823204,
                    0.9987086653709412
                ]
            ]
        ],
        [
            0.0017981014251708984,
            -0.003651777267456055,
            1.072970947265625,
            null,
            null,
            null,
            [
                [
                    0.9987606406211853,
                    -0.047041989862918854,
                    0.016255252063274384
                ],
                [
                    0.048030752688646317,
                    0.9965949058532715,
                    -0.06701928377151489
                ],
                [
                    -0.013047182001173496,
                    0.06771697103977203,
                    0.9976192712783813
                ]
            ]
        ],
        [
            -0.0074675588607788085,
            -0.001627863883972168,
            1.0719981689453124,
            null,
            null,
            null,
            [
                [
                    0.9996412992477417,
                    -0.016934389248490334,
                    0.02074720710515976
                ],
                [
                    0.017423227429389954,
                    0.9995693564414978,
                    -0.023611946031451225
                ],
                [
                    -0.02033841982483864,
                    0.023964960128068924,
                    0.999505877494812
                ]
            ]
        ],
        [
            -0.007214699745178223,
            -0.0021767237186431886,
            1.0715052490234376,
            null,
            null,
            null,
            [
                [
                    0.9989138841629028,
                    -0.023237373679876328,
                    0.04038714990019798
                ],
                [
                    0.023884400725364685,
                    0.9995927810668945,
                    -0.015612566843628883
                ],
                [
                    -0.04000791162252426,
                    0.016560232266783714,
                    0.9990621209144592
                ]
            ]
        ],
        [
            -0.007367469787597656,
            -0.0006498160362243652,
            1.0716004638671874,
            null,
            null,
            null,
            [
                [
                    0.9935837984085083,
                    -0.0542975477874279,
                    0.09921206533908844
                ],
                [
                    0.05783170834183693,
                    0.99777752161026,
                    -0.033098574727773666
                ],
                [
                    -0.09719439595937729,
                    0.03862381353974342,
                    0.9945156574249268
                ]
            ]
        ],
        [
            -0.0037307326793670653,
            0.004082511901855468,
            1.0705103759765624,
            null,
            null,
            null,
            [
                [
                    0.9937616586685181,
                    0.00878035556524992,
                    0.11117847263813019
                ],
                [
                    -0.004110652022063732,
                    0.9991023540496826,
                    -0.04216162860393524
                ],
                [
                    -0.11144886910915375,
                    0.041441597044467926,
                    0.9929057359695435
                ]
            ]
        ],
        [
            0.009709938049316406,
            0.008106174468994141,
            1.068351806640625,
            null,
            null,
            null,
            [
                [
                    0.9927612543106079,
                    -0.028222477063536644,
                    0.11674153059720993
                ],
                [
                    0.03627447038888931,
                    0.9970641732215881,
                    -0.06743330508470535
                ],
                [
                    -0.1144956648349762,
                    0.07117990404367447,
                    0.9908704161643982
                ]
            ]
        ],
        [
            0.023307758331298827,
            0.012212008476257323,
            1.063589111328125,
            null,
            null,
            null,
            [
                [
                    0.9948040246963501,
                    -0.0361439548432827,
                    0.09517673403024673
                ],
                [
                    0.039025455713272095,
                    0.9988291263580322,
                    -0.028589371591806412
                ],
                [
                    -0.09403196722269058,
                    0.03215513750910759,
                    0.995049774646759
                ]
            ]
        ],
        [
            0.03517312240600586,
            0.019022371292114256,
            1.05886474609375,
            null,
            null,
            null,
            [
                [
                    0.9974918365478516,
                    -0.023985471576452255,
                    0.06659410148859024
                ],
                [
                    0.02815704047679901,
                    0.9976522922515869,
                    -0.06242680922150612
                ],
                [
                    -0.06494041532278061,
                    0.06414532661437988,
                    0.9958253502845764
                ]
            ]
        ],
        [
            0.0462453727722168,
            0.01931036376953125,
            1.057289794921875,
            null,
            null,
            null,
            [
                [
                    0.9988649487495422,
                    -0.014265758916735649,
                    0.04544505104422569
                ],
                [
                    0.018431352451443672,
                    0.9955323934555054,
                    -0.09260430932044983
                ],
                [
                    -0.04392094910144806,
                    0.0933368131518364,
                    0.9946653842926025
                ]
            ]
        ],
        [
            0.0536112174987793,
            0.024811677932739258,
            1.0563194580078126,
            null,
            null,
            null,
            [
                [
                    0.9996452331542969,
                    -0.014537456445395947,
                    0.022316735237836838
                ],
                [
                    0.015588205307722092,
                    0.9987422227859497,
                    -0.04765498638153076
                ],
                [
                    -0.02159588411450386,
                    0.04798595979809761,
                    0.9986145496368408
                ]
            ]
        ],
        [
            0.05332795715332031,
            0.024273296356201172,
            1.0547728271484376,
            null,
            null,
            null,
            [
                [
                    0.9999779462814331,
                    -0.005630914121866226,
                    -0.003515463089570403
                ],
                [
                    0.005329987965524197,
                    0.9967465996742249,
                    -0.08042292296886444
                ],
                [
                    0.003956880420446396,
                    0.08040241152048111,
                    0.9967546463012695
                ]
            ]
        ],
        [
            0.051091892242431644,
            0.02119078254699707,
            1.0531334228515625,
            null,
            null,
            null,
            [
                [
                    0.9996463656425476,
                    0.023109043017029762,
                    0.013159159570932388
                ],
                [
                    -0.02234816551208496,
                    0.998219907283783,
                    -0.05529574677348137
                ],
                [
                    -0.014413566328585148,
                    0.054982107132673264,
                    0.9983832836151123
                ]
            ]
        ],
        [
            0.04816920852661133,
            0.021225080490112305,
            1.052322998046875,
            null,
            null,
            null,
            [
                [
                    0.9997683763504028,
                    0.0005524962907657027,
                    0.02151551842689514
                ],
                [
                    -9.476543345954269e-05,
                    0.9997738003730774,
                    -0.02126966416835785
                ],
                [
                    -0.02152240090072155,
                    0.021262697875499725,
                    0.999542236328125
                ]
            ]
        ],
        [
            0.049629417419433594,
            0.021935312271118165,
            1.0548304443359375,
            null,
            null,
            null,
            [
                [
                    0.983443558216095,
                    -0.16984550654888153,
                    0.06317690014839172
                ],
                [
                    0.17093385756015778,
                    0.9852069616317749,
                    -0.01220080628991127
                ],
                [
                    -0.060170069336891174,
                    0.022797875106334686,
                    0.9979277849197388
                ]
            ]
        ],
        [
            0.06103405380249023,
            0.03903310012817383,
            1.0524107666015625,
            null,
            null,
            null,
            [
                [
                    0.873487651348114,
                    -0.4561023414134979,
                    0.17026452720165253
                ],
                [
                    0.42883986234664917,
                    0.8863846063613892,
                    0.17440956830978394
                ],
                [
                    -0.23046846687793732,
                    -0.07932838052511215,
                    0.9698408842086792
                ]
            ]
        ],
        [
            0.07947049713134766,
            0.06262466049194336,
            1.04510693359375,
            null,
            null,
            null,
            [
                [
                    0.7336978912353516,
                    -0.6461248397827148,
                    0.21026194095611572
                ],
                [
                    0.6071211099624634,
                    0.7623445391654968,
                    0.2241312563419342
                ],
                [
                    -0.30510881543159485,
                    -0.036790162324905396,
                    0.9516065716743469
                ]
            ]
        ],
        [
            0.10666918182373047,
            0.10075075531005859,
            1.0378905029296874,
            null,
            null,
            null,
            [
                [
                    0.6105365753173828,
                    -0.7679930329322815,
                    0.19347292184829712
                ],
                [
                    0.7275375723838806,
                    0.6403872966766357,
                    0.24615690112113953
                ],
                [
                    -0.3129443824291229,
                    -0.009528963826596737,
                    0.9497236609458923
                ]
            ]
        ],
        [
            0.13720648193359375,
            0.1486807861328125,
            1.0301339111328125,
            null,
            null,
            null,
            [
                [
                    0.32702335715293884,
                    -0.9359967708587646,
                    0.1302529126405716
                ],
                [
                    0.8934174180030823,
                    0.3511381149291992,
                    0.2801916301250458
                ],
                [
                    -0.3079952299594879,
                    0.02474101632833481,
                    0.9510661363601685
                ]
            ]
        ],
        [
            0.16686033630371094,
            0.20464701843261718,
            1.031535400390625,
            null,
            null,
            null,
            [
                [
                    0.07973657548427582,
                    -0.9965312480926514,
                    0.023824451491236687
                ],
                [
                    0.9564304947853088,
                    0.08321840316057205,
                    0.2798488736152649
                ],
                [
                    -0.2808607816696167,
                    0.00047224227455444634,
                    0.959748387336731
                ]
            ]
        ],
        [
            0.1827627410888672,
            0.25872048950195314,
            1.0425987548828124,
            null,
            null,
            null,
            [
                [
                    -0.17332524061203003,
                    -0.9832085967063904,
                    -0.057089969515800476
                ],
                [
                    0.9505670666694641,
                    -0.18217241764068604,
                    0.2514667212963104
                ],
                [
                    -0.2576444447040558,
                    -0.01068231463432312,
                    0.9661807417869568
