{
    "radius": 0.9,
    "angular_speed": 12,
    "save_freq": 0.1,
    "pid_gains": {
        "pid_rate": {
            "roll_kp": "50.0",
            "roll_ki": "0.0",
            "roll_kd": "0.0",
            "pitch_kp": "50.0",
            "pitch_ki": "0.0",
            "pitch_kd": "0.0",
            "yaw_kp": "80.0",
            "yaw_ki": "0.0",
            "yaw_kd": "0.0"
        },
        "pid_attitude": {
            "roll_kp": "10.0",
            "roll_ki": "0.5",
            "roll_kd": "0.5",
            "pitch_kp": "13.0",
            "pitch_ki": "0.5",
            "pitch_kd": "1.5",
            "yaw_kp": "8.0",
            "yaw_ki": "0.5",
            "yaw_kd": "0.5"
        },
        "velCtlPid": {
            "vxKp": "15.0",
            "vxKi": "1.0",
            "vxKd": "0.0",
            "vyKp": "10.0",
            "vyKi": "1.0",
            "vyKd": "0.0",
            "vzKp": "12.5",
            "vzKi": "0.5",
            "vzKd": "0.0"
        },
        "posCtlPid": {
            "xKp": "1.5",
            "xKi": "0.20000000298023224",
            "xKd": "0.20000000298023224",
            "yKp": "1.5",
            "yKi": "0.20000000298023224",
            "yKd": "0.20000000298023224",
            "zKp": "5.0",
            "zKi": "0.5",
            "zKd": "0.0"
        }
    },
    "pose": [
        [
            -0.05106827926635742,
            0.045843021392822265,
            0.2629881896972656,
            null,
            null,
            null,
            [
                [
                    0.9964801669120789,
                    -0.02534009888768196,
                    0.07990729063749313
                ],
                [
                    0.024396950379014015,
                    0.9996209740638733,
                    0.01275750994682312
                ],
                [
                    -0.08020028471946716,
                    -0.010763111524283886,
                    0.9967206716537476
                ]
            ]
        ],
        [
            -0.05068598175048828,
            0.0456975212097168,
            0.26292449951171876,
            null,
            null,
            null,
            [
                [
                    0.9962409138679504,
                    -0.029578922316432,
                    0.08141960203647614
                ],
                [
                    0.02848251350224018,
                    0.9994877576828003,
                    0.014595075510442257
                ],
                [
                    -0.08180959522724152,
                    -0.01222117617726326,
                    0.9965730309486389
                ]
            ]
        ],
        [
            -0.05320107650756836,
            0.03002884101867676,
            0.27722637939453126,
            null,
            null,
            null,
            [
                [
                    0.9977757930755615,
                    -0.02394755557179451,
                    0.0622091144323349
                ],
                [
                    0.03588082641363144,
                    0.9794536828994751,
                    -0.19845159351825714
                ],
                [
                    -0.05617851763963699,
                    0.2002423107624054,
                    0.9781344532966614
                ]
            ]
        ],
        [
            -0.05006649017333984,
            0.023550355911254883,
            0.35532354736328126,
            null,
            null,
            null,
            [
                [
                    0.9967178106307983,
                    -0.022845370694994926,
                    0.07766367495059967
                ],
                [
                    0.023289134725928307,
                    0.9997171759605408,
                    -0.004812865052372217
                ],
                [
                    -0.07753176242113113,
                    0.006605788134038448,
                    0.9969679713249207
                ]
            ]
        ],
        [
            -0.04607635116577148,
            0.009359698295593261,
            0.46775704956054687,
            null,
            null,
            null,
            [
                [
                    0.995398759841919,
                    -0.005052291322499514,
                    0.09568560123443604
                ],
                [
                    0.012686626985669136,
                    0.9967663884162903,
                    -0.07934630662202835
                ],
                [
                    -0.0949753075838089,
                    0.08019514381885529,
                    0.9922441244125366
                ]
            ]
        ],
        [
            -0.038701019287109374,
            -0.009591442108154297,
            0.5830859985351563,
            null,
            null,
            null,
            [
                [
                    0.9949081540107727,
                    0.009845009073615074,
                    0.10030357539653778
                ],
                [
                    -0.0040240176022052765,
                    0.9983043074607849,
                    -0.05807158350944519
                ],
                [
                    -0.10070521384477615,
                    0.05737226828932762,
                    0.9932607412338257
                ]
            ]
        ],
        [
            -0.02693009376525879,
            -0.01774064826965332,
            0.6952354736328125,
            null,
            null,
            null,
            [
                [
                    0.9946494698524475,
                    0.024595163762569427,
                    0.10033713281154633
                ],
                [
                    -0.026187239214777946,
                    0.9995507001876831,
                    0.014580940827727318
                ],
                [
                    -0.0999334380030632,
                    -0.017130477353930473,
                    0.9948466420173645
                ]
            ]
        ],
        [
            -0.012316850662231446,
            -0.023761056900024415,
            0.808451416015625,
            null,
            null,
            null,
            [
                [
                    0.9965858459472656,
                    -0.015651248395442963,
                    0.08106566220521927
                ],
                [
                    0.01203641202300787,
                    0.9989194273948669,
                    0.04488976672291756
                ],
                [
                    -0.08168064057826996,
                    -0.043760765343904495,
                    0.9956973791122437
                ]
            ]
        ],
        [
            0.0019521287679672241,
            -0.02558068656921387,
            0.9201226196289063,
            null,
            null,
            null,
            [
                [
                    0.9797440767288208,
                    -0.019622692838311195,
                    0.19929000735282898
                ],
                [
                    0.01744968444108963,
                    0.9997676610946655,
                    0.012654470279812813
                ],
                [
                    -0.19949200749397278,
                    -0.008920595049858093,
                    0.9798588752746582
                ]
            ]
        ],
        [
            0.014748137474060058,
            -0.026310932159423827,
            1.026331787109375,
            null,
            null,
            null,
            [
                [
                    0.998802661895752,
                    0.03537249565124512,
                    0.033794716000556946
                ],
                [
                    -0.03114989772439003,
                    0.9925007820129395,
                    -0.11820279061794281
                ],
                [
                    -0.03772240877151489,
                    0.11700855195522308,
                    0.9924142360687256
                ]
            ]
        ],
        [
            0.020591617584228516,
            -0.023769330978393555,
            1.1122794189453125,
            null,
            null,
            null,
            [
                [
                    0.9999726414680481,
                    -0.0035040834918618202,
                    0.006517909932881594
                ],
                [
                    0.0037602651864290237,
                    0.9992039203643799,
                    -0.03971647098660469
                ],
                [
                    -0.006373551208525896,
                    0.03973989188671112,
                    0.9991897344589233
                ]
            ]
        ],
        [
            0.021540067672729493,
            -0.01993158721923828,
            1.1562552490234375,
            null,
            null,
            null,
            [
                [
                    0.9999584555625916,
                    0.002670316258445382,
                    0.008713186718523502
                ],
                [
                    -0.002196130808442831,
                    0.998539388179779,
                    -0.053984422236680984
                ],
                [
                    -0.008844614960253239,
                    0.05396304652094841,
                    0.9985037446022034
                ]
            ]
        ],
        [
            0.018014398574829102,
            -0.01745560836791992,
            1.1680528564453125,
            null,
            null,
            null,
            [
                [
                    0.9989694952964783,
                    0.03362440690398216,
                    0.030485285446047783
                ],
                [
                    -0.0318802073597908,
                    0.9979216456413269,
                    -0.05599984526634216
                ],
                [
                    -0.03230489045381546,
                    0.054970256984233856,
                    0.9979652762413025
                ]
            ]
        ],
        [
            0.01610817527770996,
            -0.01771535873413086,
            1.1606373291015626,
            null,
            null,
            null,
            [
                [
                    0.9973052740097046,
                    0.03862384706735611,
                    0.06237339228391647
                ],
                [
                    -0.03501223772764206,
                    0.9977028369903564,
                    -0.05799322947859764
                ],
                [
                    -0.06447003036737442,
                    0.05565312132239342,
                    0.996366560459137
                ]
            ]
        ],
        [
            0.01400772762298584,
            -0.017854557037353516,
            1.14368115234375,
            null,
            null,
            null,
            [
                [
                    0.9946850538253784,
                    0.055380597710609436,
                    0.08680237084627151
                ],
                [
                    -0.05113101750612259,
                    0.9974173903465271,
                    -0.05044000595808029
                ],
                [
                    -0.08937159180641174,
                    0.045733626931905746,
                    0.9949477910995483
                ]
            ]
        ],
        [
            0.01725630760192871,
            -0.02222574234008789,
            1.1237403564453126,
            null,
            null,
            null,
            [
                [
                    0.9909435510635376,
                    0.06482286751270294,
                    0.11759600043296814
                ],
                [
                    -0.062264278531074524,
                    0.9977388381958008,
                    -0.025306174531579018
                ],
                [
                    -0.11897051334381104,
                    0.01775496080517769,
                    0.9927390217781067
                ]
            ]
        ],
        [
            0.022133840560913085,
            -0.02922943115234375,
            1.1099783935546874,
            null,
            null,
            null,
            [
                [
                    0.9895415902137756,
                    0.05643755942583084,
                    0.13274896144866943
                ],
                [
                    -0.051480889320373535,
                    0.99785315990448,
                    -0.0404818058013916
                ],
                [
                    -0.1347486674785614,
                    0.03322439640760422,
                    0.9903226494789124
                ]
            ]
        ],
        [
            0.029577234268188476,
            -0.0402938232421875,
            1.10069677734375,
            null,
            null,
            null,
            [
                [
                    0.991275429725647,
                    0.06982727348804474,
                    0.111790731549263
                ],
                [
                    -0.05786200612783432,
                    0.9925830364227295,
                    -0.1069156751036644
                ],
                [
                    -0.11842721700668335,
                    0.0995144471526146,
                    0.9879634976387024
                ]
            ]
        ],
        [
            0.038898490905761716,
            -0.05051902389526367,
            1.09730908203125,
            null,
            null,
            null,
            [
                [
                    0.9915493726730347,
                    0.08278951793909073,
                    0.0998784750699997
                ],
                [
                    -0.07577194273471832,
                    0.9945133328437805,
                    -0.07212420552968979
                ],
                [
                    -0.10530160367488861,
                    0.06394672393798828,
                    0.9923821687698364
                ]
            ]
        ],
        [
            0.045496498107910156,
            -0.05629697418212891,
            1.099525146484375,
            null,
            null,
            null,
            [
                [
                    0.9949214458465576,
                    0.0752125009894371,
                    0.06689076125621796
                ],
                [
                    -0.07217437773942947,
                    0.9962965250015259,
                    -0.04673466458916664
                ],
                [
                    -0.07015806436538696,
                    0.04166952148079872,
                    0.9966651797294617
                ]
            ]
        ],
        [
            0.0504881820678711,
            -0.06145643997192383,
            1.1038302001953124,
            null,
            null,
            null,
            [
                [
                    0.9948945641517639,
                    0.09065927565097809,
                    0.04433676600456238
                ],
                [
                    -0.09047015011310577,
                    0.9958795309066772,
                    -0.006257872562855482
                ],
                [
                    -0.04472140967845917,
                    0.0022147695999592543,
                    0.9989970326423645
                ]
            ]
        ],
        [
            0.05193465805053711,
            -0.05821837615966797,
            1.104006591796875,
            null,
            null,
            null,
            [
                [
                    0.9945916533470154,
                    0.09970960766077042,
                    0.029075421392917633
                ],
                [
                    -0.1009315773844719,
                    0.9939144849777222,
                    0.0441228523850441
                ],
                [
                    -0.024499010294675827,
                    -0.046818848699331284,
                    0.9986029267311096
                ]
            ]
        ],
        [
            0.0505337905883789,
            -0.05424764633178711,
            1.1018502197265625,
            null,
            null,
            null,
            [
                [
                    0.9969294667243958,
                    0.07775989174842834,
                    0.009220011532306671
                ],
                [
                    -0.07773842662572861,
                    0.9969702363014221,
                    -0.0026647152844816446
                ],
                [
                    -0.009399284608662128,
                    0.001939784036949277,
                    0.9999539256095886
                ]
            ]
        ],
        [
            0.04735271072387695,
            -0.05198069763183594,
            1.09877392578125,
            null,
            null,
            null,
            [
                [
                    0.9947488307952881,
                    0.09719501435756683,
                    0.03206031769514084
                ],
                [
                    -0.09595789760351181,
                    0.9946558475494385,
                    -0.03810260444879532
                ],
                [
                    -0.03559236600995064,
                    0.03482608124613762,
                    0.998759388923645
                ]
            ]
        ],
        [
            0.043404006958007814,
            -0.04253124237060547,
            1.0946317138671875,
            null,
            null,
            null,
            [
                [
                    0.994618833065033,
                    0.08653229475021362,
                    0.056969162076711655
                ],
                [
                    -0.08558618277311325,
                    0.9961524605751038,
                    -0.018847528845071793
                ],
                [
                    -0.058380890637636185,
                    0.013870335184037685,
                    0.9981980323791504
                ]
            ]
        ],
        [
            0.04508987808227539,
            -0.035339599609375,
            1.091392822265625,
            null,
            null,
            null,
            [
                [
                    0.9917805790901184,
                    0.08953562378883362,
                    0.09140356630086899
                ],
                [
                    -0.08432689309120178,
                    0.9946692585945129,
                    -0.059347279369831085
                ],
                [
                    -0.09623000770807266,
                    0.05115170404314995,
                    0.9940438866615295
                ]
            ]
        ],
        [
            0.05149095153808594,
            -0.026874731063842774,
            1.08795458984375,
            null,
            null,
            null,
            [
                [
                    0.9910592436790466,
                    0.0708824098110199,
                    0.1130363941192627
                ],
                [
                    -0.06788525730371475,
                    0.9972373843193054,
                    -0.030152039602398872
                ],
                [
                    -0.1148613691329956,
                    0.02220895327627659,
                    0.9931332468986511
                ]
            ]
        ],
        [
            0.058401226043701175,
            -0.018231828689575194,
            1.08433447265625,
            null,
            null,
            null,
            [
                [
                    0.9869443774223328,
                    0.11992809176445007,
                    0.10750861465930939
                ],
                [
                    -0.11541304737329483,
                    0.9921907186508179,
                    -0.047301169484853745
                ],
                [
                    -0.11234179139137268,
                    0.03427572548389435,
                    0.9930782914161682
                ]
            ]
        ],
        [
            0.06924185943603516,
            -0.01623366928100586,
            1.081116455078125,
            null,
            null,
            null,
            [
                [
                    0.9907118082046509,
                    0.10928212851285934,
                    0.08091671019792557
                ],
                [
                    -0.10465168207883835,
                    0.9927321076393127,
                    -0.059421852231025696
                ],
                [
                    -0.08682236820459366,
                    0.05040186271071434,
                    0.9949480295181274
                ]
            ]
        ],
        [
            0.07960174560546875,
            -0.008142744064331055,
            1.0776875,
            null,
            null,
            null,
            [
                [
                    0.9965174198150635,
                    0.06861753016710281,
                    0.047377485781908035
                ],
                [
                    -0.06617437303066254,
                    0.996486246585846,
                    -0.05134306102991104
                ],
                [
                    -0.05073404684662819,
                    0.04802908003330231,
                    0.9975566267967224
                ]
            ]
        ],
        [
            0.08564900207519531,
            -0.003981042385101319,
            1.07502880859375,
            null,
            null,
            null,
            [
                [
                    0.9971081018447876,
                    0.07287729531526566,
                    0.021547414362430573
                ],
                [
                    -0.07148844003677368,
                    0.9956706762313843,
                    -0.05940776318311691
                ],
                [
                    -0.025783605873584747,
                    0.05769557133316994,
                    0.998001217842102
                ]
            ]
        ],
        [
            0.08699932861328125,
            -0.001113863468170166,
            1.073362548828125,
            null,
            null,
            null,
            [
                [
                    0.9980998635292053,
                    0.06147134304046631,
                    0.0042358036153018475
                ],
                [
                    -0.06137792766094208,
                    0.9979246854782104,
                    -0.019469650462269783
                ],
                [
                    -0.005423838272690773,
                    0.0191726703196764,
                    0.9998014569282532
                ]
            ]
        ],
        [
            0.08134358978271485,
            5.2293356508016585e-05,
            1.07231689453125,
            null,
            null,
            null,
            [
                [
                    0.9985100626945496,
                    0.05224740505218506,
                    -0.015744252130389214
                ],
                [
                    -0.052787259221076965,
                    0.9979535937309265,
                    -0.0360843762755394
                ],
                [
                    0.013826717622578144,
                    0.036861710250377655,
                    0.9992247223854065
                ]
            ]
        ],
        [
            0.07273822784423828,
            -0.0027547430992126464,
            1.073347900390625,
            null,
            null,
            null,
            [
                [
                    0.9975150227546692,
                    0.07042504847049713,
                    -0.0020170279312878847
                ],
                [
                    -0.07044322788715363,
                    0.9964557886123657,
                    -0.045973554253578186
                ],
                [
                    -0.0012278106296434999,
                    0.04600139707326889,
                    0.998940646648407
                ]
            ]
        ],
        [
            0.065343505859375,
            0.0008394103050231934,
            1.072613525390625,
            null,
            null,
            null,
            [
                [
                    0.9977360367774963,
                    0.056372836232185364,
                    0.03667253628373146
                ],
                [
                    -0.05611487105488777,
                    0.9983920454978943,
                    -0.008026719093322754
                ],
                [
                    -0.037066057324409485,
                    0.005950673017650843,
                    0.9992951154708862
                ]
            ]
        ],
        [
            0.05753253173828125,
            0.0037992026805877687,
            1.071424560546875,
            null,
            null,
            null,
            [
                [
                    0.9937853813171387,
                    0.09467419236898422,
                    0.05854436382651329
                ],
                [
                    -0.0929269790649414,
                    0.9951622486114502,
                    -0.03188546374440193
                ],
                [
                    -0.06127987056970596,
                    0.02624695561826229,
                    0.9977754354476929
                ]
            ]
        ],
        [
            0.05755758285522461,
            0.006217129230499267,
            1.0710450439453125,
            null,
            null,
            null,
            [
                [
                    0.987469494342804,
                    0.1070922464132309,
                    0.11591044068336487
                ],
                [
                    -0.10642387717962265,
                    0.9942489266395569,
                    -0.01195771899074316
                ],
                [
                    -0.11652441322803497,
                    -0.0005277555901557207,
                    0.993187665939331
                ]
            ]
        ],
        [
            0.06423974609375,
            0.011833707809448242,
            1.0705123291015626,
            null,
            null,
            null,
            [
                [
                    0.986642062664032,
                    0.09777439385652542,
                    0.13029809296131134
                ],
                [
                    -0.09417612850666046,
                    0.9949913620948792,
                    -0.0335119366645813
                ],
                [
                    -0.13292208313941956,
                    0.020793316885828972,
                    0.9909083247184753
                ]
            ]
        ],
        [
            0.07427330017089843,
            0.016024168014526368,
            1.071361083984375,
            null,
            null,
            null,
            [
                [
                    0.9883149862289429,
                    0.09583132714033127,
                    0.11853183805942535
                ],
                [
                    -0.0898660197854042,
                    0.9944506287574768,
                    -0.0546991340816021
                ],
                [
                    -0.12311594933271408,
                    0.04340799152851105,
                    0.9914425015449524
                ]
            ]
        ],
        [
            0.08889752960205079,
            0.02513473129272461,
            1.0715506591796875,
            null,
            null,
            null,
            [
                [
                    0.9933493733406067,
                    0.08267129957675934,
                    0.0801405981183052
                ],
                [
                    -0.08083667606115341,
                    0.9963913559913635,
                    -0.02587844990193844
                ],
                [
                    -0.0819908007979393,
                    0.019228041172027588,
                    0.9964475631713867
                ]
            ]
        ],
        [
            0.09891133880615234,
            0.032844127655029295,
            1.0713795166015625,
            null,
            null,
            null,
            [
                [
                    0.9939002990722656,
                    0.10797608643770218,
                    0.02243540622293949
                ],
                [
                    -0.10657203942537308,
                    0.9927021861076355,
                    -0.05643389746546745
                ],
                [
                    -0.028365187346935272,
                    0.05369868129491806,
                    0.9981542229652405
                ]
            ]
        ],
        [
            0.10426169586181641,
            0.03554166030883789,
            1.07071240234375,
            null,
            null,
            null,
            [
                [
                    0.9944862127304077,
                    0.10201821476221085,
                    -0.024277739226818085
                ],
                [
                    -0.10341291129589081,
                    0.9924736618995667,
                    -0.06558770686388016
                ],
                [
                    0.017403876408934593,
                    0.06773670017719269,
                    0.997551441192627
                ]
            ]
        ],
        [
            0.102571044921875,
            0.04273727035522461,
            1.068120849609375,
            null,
            null,
            null,
            [
                [
                    0.9947159290313721,
                    0.09217720478773117,
                    -0.04520656540989876
                ],
                [
                    -0.09434331208467484,
                    0.9943634271621704,
                    -0.04838144779205322
                ],
                [
                    0.040492087602615356,
                    0.05239073187112808,
                    0.9978054165840149
                ]
            ]
        ],
        [
            0.09353720855712891,
            0.04548613357543945,
            1.06449658203125,
            null,
            null,
            null,
            [
                [
                    0.9955148696899414,
                    0.07647141814231873,
                    -0.05569759011268616
                ],
                [
                    -0.08060542494058609,
                    0.9938287734985352,
                    -0.07620453089475632
                ],
                [
                    0.0495264008641243,
                    0.08035226911306381,
                    0.9955353736877441
                ]
            ]
        ],
        [
            0.07966355895996094,
            0.04712718200683594,
            1.0623360595703124,
            null,
            null,
            null,
            [
                [
                    0.9969693422317505,
                    0.0759030431509018,
                    -0.017055124044418335
                ],
                [
                    -0.07646454870700836,
                    0.9964536428451538,
                    -0.03511856868863106
                ],
                [
                    0.0143290339037776,
                    0.03631624951958656,
                    0.999237596988678
                ]
            ]
        ],
        [
            0.06768070983886719,
            0.05028350830078125,
            1.06251708984375,
            null,
            null,
            null,
            [
                [
                    0.9971994757652283,
                    0.07222872972488403,
                    0.019397728145122528
                ],
                [
                    -0.07120095193386078,
                    0.996243953704834,
                    -0.049278322607278824
                ],
                [
                    -0.022884180769324303,
                    0.04775917902588844,
                    0.998596727848053
                ]
            ]
        ],
        [
            0.06013614273071289,
            0.04901104736328125,
            1.06453369140625,
            null,
            null,
            null,
            [
                [
                    0.9963696599006653,
                    0.06332044303417206,
                    0.056903719902038574
                ],
                [
                    -0.05953596532344818,
                    0.9960480332374573,
                    -0.06590735167264938
                ],
                [
                    -0.06085212156176567,
                    0.06228027120232582,
                    0.9962018728256226
                ]
            ]
        ],
        [
            0.05654813003540039,
            0.054860015869140626,
            1.0658590087890625,
            null,
            null,
            null,
            [
                [
                    0.9948154091835022,
                    0.06542718410491943,
                    0.07785652577877045
                ],
                [
                    -0.06150031089782715,
                    0.9967614412307739,
                    -0.05181119218468666
                ],
                [
                    -0.08099424093961716,
                    0.046754371374845505,
                    0.9956173896789551
                ]
            ]
        ],
        [
            0.06245612335205078,
            0.05770409774780273,
            1.0658553466796874,
            null,
            null,
            null,
            [
                [
                    0.9933820962905884,
                    0.05381416156888008,
                    0.10146932303905487
                ],
                [
                    -0.04561467468738556,
                    0.995631754398346,
                    -0.08146587759256363
                ],
                [
                    -0.10541009902954102,
                    0.07629825174808502,
                    0.9914975166320801
                ]
            ]
        ],
        [
            0.07111902618408203,
            0.05763035202026367,
            1.063062744140625,
            null,
            null,
            null,
            [
                [
                    0.996444821357727,
                    0.039803583174943924,
                    0.07425186038017273
                ],
                [
                    -0.03371168300509453,
                    0.9960976243019104,
                    -0.08156593888998032
                ],
                [
                    -0.07720872014760971,
                    0.07877280563116074,
                    0.9938982129096985
                ]
            ]
        ],
        [
            0.08239993286132813,
            0.06706712341308593,
            1.0466190185546875,
            null,
            null,
            null,
            [
                [
                    0.9360931515693665,
                    0.34334051609039307,
                    0.07646473497152328
                ],
                [
                    -0.3433534801006317,
                    0.9391108155250549,
                    -0.013390984386205673
                ],
                [
                    -0.07640652358531952,
                    -0.013719224371016026,
                    0.9969823360443115
                ]
            ]
        ],
        [
            0.09442955017089844,
            0.09911993408203125,
            0.987497802734375,
            null,
            null,
            null,
            [
                [
                    0.8831599354743958,
                    0.45662230253219604,
                    0.10735262930393219
                ],
                [
                    -0.46907126903533936,
                    0.8601174354553223,
                    0.20042479038238525
                ],
                [
                    -0.0008174409158527851,
                    -0.22736316919326782,
                    0.9738097190856934
                ]
            ]
        ],
        [
            0.11704039001464844,
            0.12271459197998047,
            0.9112538452148438,
            null,
            null,
            null,
            [
                [
                    0.8565409779548645,
                    0.48390036821365356,
                    0.17938226461410522
                ],
                [
                    -0.5133492350578308,
                    0.8345890641212463,
                    0.19983409345149994
                ],
                [
                    -0.05301068350672722,
                    -0.2632518410682678,
                    0.9632695913314819
                ]
            ]
        ],
        [
            0.1318775634765625,
            0.15522856140136718,
            0.8320248413085938,
            null,
            null,
            null,
            [
                [
                    0.8744898438453674,
                    0.47483277320861816,
                    0.09900197386741638
                ],
                [
                    -0.48499825596809387,
                    0.8587988018989563,
                    0.16504935920238495
                ],
                [
                    -0.006651934701949358,
                    -0.19234976172447205,
                    0.981303870677948
                ]
            ]
        ],
        [
            0.14832211303710938,
            0.18446438598632814,
            0.7579517822265625,
            null,
            null,
            null,
            [
                [
                    0.8191346526145935,
                    0.5735414624214172,
                    -0.008279943838715553
                ],
                [
                    -0.5707191228866577,
                    0.816379189491272,
                    0.08834443241357803
                ],
                [
                    0.05742876976728439,
                    -0.06764046847820282,
                    0.996055543422699
                ]
            ]
        ],
        [
            0.15811683654785155,
            0.20748533630371094,
            0.6980421752929687,
            null,
            null,
            null,
            [
                [
                    0.8549132943153381,
                    0.5162489414215088,
                    0.051090992987155914
                ],
                [
                    -0.5121248960494995,
                    0.8555718660354614,
                    -0.07566314935684204
                ],
                [
                    -0.08277303725481033,
                    0.038520462810993195,
                    0.9958236813545227
                ]
            ]
        ],
        [
            0.16747840881347656,
            0.23595767211914062,
            0.6729498291015625,
            null,
            null,
            null,
            [
                [
                    0.8784597516059875,
                    0.4773954153060913,
                    -0.02005096897482872
                ],
                [
                    -0.4777608811855316,
                    0.8782233595848083,
                    -0.021639397367835045
                ],
                [
                    0.007278680335730314,
                    0.028588909655809402,
                    0.9995647668838501
                ]
            ]
        ],
        [
