{
    "radius": 0.8,
    "angular_speed": 8,
    "save_freq": 0.1,
    "pid_gains": {
        "pid_rate": {
            "roll_kp": "50.0",
            "roll_ki": "0.0",
            "roll_kd": "0.0",
            "pitch_kp": "50.0",
            "pitch_ki": "0.0",
            "pitch_kd": "0.0",
            "yaw_kp": "80.0",
            "yaw_ki": "0.0",
            "yaw_kd": "0.0"
        },
        "pid_attitude": {
            "roll_kp": "10.0",
            "roll_ki": "0.5",
            "roll_kd": "0.5",
            "pitch_kp": "13.0",
            "pitch_ki": "0.5",
            "pitch_kd": "1.5",
            "yaw_kp": "8.0",
            "yaw_ki": "0.5",
            "yaw_kd": "0.5"
        },
        "velCtlPid": {
            "vxKp": "15.0",
            "vxKi": "1.0",
            "vxKd": "0.0",
            "vyKp": "10.0",
            "vyKi": "1.0",
            "vyKd": "0.0",
            "vzKp": "12.5",
            "vzKi": "0.5",
            "vzKd": "0.0"
        },
        "posCtlPid": {
            "xKp": "1.5",
            "xKi": "0.20000000298023224",
            "xKd": "0.20000000298023224",
            "yKp": "1.5",
            "yKi": "0.20000000298023224",
            "yKd": "0.20000000298023224",
            "zKp": "5.0",
            "zKi": "0.5",
            "zKd": "0.0"
        }
    },
    "pose": [
        [
            -0.05413138198852539,
            -0.031389656066894533,
            0.26112591552734377,
            null,
            null,
            null,
            [
                [
                    0.9967237114906311,
                    0.005030961241573095,
                    0.08072532713413239
                ],
                [
                    -0.006818890105932951,
                    0.9997372031211853,
                    0.02188793197274208
                ],
                [
                    -0.08059398829936981,
                    -0.022366676479578018,
                    0.9964960217475891
                ]
            ]
        ],
        [
            -0.05400872039794922,
            -0.03138242530822754,
            0.2610490417480469,
            null,
            null,
            null,
            [
                [
                    0.9968549013137817,
                    0.0016949386335909367,
                    0.0792299211025238
                ],
                [
                    -0.0033386440481990576,
                    0.9997818470001221,
                    0.020618153735995293
                ],
                [
                    -0.07917769253253937,
                    -0.02081782929599285,
                    0.9966431260108948
                ]
            ]
        ],
        [
            -0.05373635864257813,
            -0.020614587783813476,
            0.28460321044921877,
            null,
            null,
            null,
            [
                [
                    0.9955297708511353,
                    -0.029002591967582703,
                    0.08988495171070099
                ],
                [
                    0.021922849118709564,
                    0.9966514110565186,
                    0.07877430319786072
                ],
                [
                    -0.09186862409114838,
                    -0.0764516294002533,
                    0.9928319454193115
                ]
            ]
        ],
        [
            -0.05321495819091797,
            -0.027022420883178713,
            0.383722900390625,
            null,
            null,
            null,
            [
                [
                    0.9950834512710571,
                    0.021623143926262856,
                    0.09665104001760483
                ],
                [
                    -0.028803113847970963,
                    0.9968776702880859,
                    0.07352090626955032
                ],
                [
                    -0.0947595089673996,
                    -0.07594328373670578,
                    0.9925992488861084
                ]
            ]
        ],
        [
            -0.05362168502807617,
            -0.02727351379394531,
            0.5095568542480469,
            null,
            null,
            null,
            [
                [
                    0.9943864345550537,
                    0.016960375010967255,
                    0.10444135963916779
                ],
                [
                    -0.010567075572907925,
                    0.998053252696991,
                    -0.06146609038114548
                ],
                [
                    -0.10528052598237991,
                    0.06001740321516991,
                    0.9926298260688782
                ]
            ]
        ],
        [
            -0.05401015090942383,
            -0.03495063018798828,
            0.6395772094726563,
            null,
            null,
            null,
            [
                [
                    0.9951136708259583,
                    0.02650480717420578,
                    0.09511208534240723
                ],
                [
                    -0.006084080319851637,
                    0.9779260158538818,
                    -0.20886293053627014
                ],
                [
                    -0.09854845702648163,
                    0.20726369321346283,
                    0.973308801651001
                ]
            ]
        ],
        [
            -0.051602245330810544,
            -0.04346739959716797,
            0.7894730834960938,
            null,
            null,
            null,
            [
                [
                    0.9924395680427551,
                    0.018773099407553673,
                    0.12128986418247223
                ],
                [
                    -0.016708336770534515,
                    0.9996980428695679,
                    -0.018018128350377083
                ],
                [
                    -0.1215914934873581,
                    0.015855351462960243,
                    0.9924535751342773
                ]
            ]
        ],
        [
            -0.04526296615600586,
            -0.04928920364379883,
            0.9231050415039063,
            null,
            null,
            null,
            [
                [
                    0.9941427111625671,
                    0.011676783673465252,
                    0.10744284838438034
                ],
                [
                    -0.0005283441278152168,
                    0.994659423828125,
                    -0.1032099723815918
                ],
                [
                    -0.10807421058416367,
                    0.10254866629838943,
                    0.9888395667076111
                ]
            ]
        ],
        [
            -0.037968162536621095,
            -0.05284571075439453,
            1.047819091796875,
            null,
            null,
            null,
            [
                [
                    0.9933257699012756,
                    -0.009434781968593597,
                    0.11495613306760788
                ],
                [
                    0.003703450784087181,
                    0.9987439513206482,
                    0.04996860399842262
                ],
                [
                    -0.11528318375349045,
                    -0.049209367483854294,
                    0.9921129941940308
                ]
            ]
        ],
        [
            -0.030777067184448243,
            -0.04687042236328125,
            1.1388328857421874,
            null,
            null,
            null,
            [
                [
                    0.9842005968093872,
                    0.02303220145404339,
                    0.17555241286754608
                ],
                [
                    -0.03630325570702553,
                    0.9966883063316345,
                    0.07276324182748795
                ],
                [
                    -0.17329514026641846,
                    -0.07798674702644348,
                    0.9817773699760437
                ]
            ]
        ],
        [
            -0.024682859420776367,
            -0.03704156875610352,
            1.182351318359375,
            null,
            null,
            null,
            [
                [
                    0.9925042986869812,
                    0.012753686867654324,
                    0.12154244631528854
                ],
                [
                    -0.02173876017332077,
                    0.9971031546592712,
                    0.07288870960474014
                ],
                [
                    -0.12026075273752213,
                    -0.07498453557491302,
                    0.989906370639801
                ]
            ]
        ],
        [
            -0.017979644775390626,
            -0.02470650100708008,
            1.1883577880859375,
            null,
            null,
            null,
            [
                [
                    0.9923351407051086,
                    0.010509945452213287,
                    0.12312792986631393
                ],
                [
                    -0.016587529331445694,
                    0.9986883997917175,
                    0.04843927547335625
                ],
                [
                    -0.1224573403596878,
                    -0.050110384821891785,
                    0.9912078976631165
                ]
            ]
        ],
        [
            -0.010211899757385253,
            -0.011579752922058106,
            1.1739581298828126,
            null,
            null,
            null,
            [
                [
                    0.9935739040374756,
                    -0.00038137726369313896,
                    0.11318483203649521
                ],
                [
                    0.001764008542522788,
                    0.9999250173568726,
                    -0.012115794233977795
                ],
                [
                    -0.11317172646522522,
                    0.01223759539425373,
                    0.9935000538825989
                ]
            ]
        ],
        [
            0.0028757855892181396,
            0.0023595244884490967,
            1.152936767578125,
            null,
            null,
            null,
            [
                [
                    0.9911195635795593,
                    0.020290110260248184,
                    0.13141658902168274
                ],
                [
                    -0.012802031822502613,
                    0.9982590675354004,
                    -0.0575760081410408
                ],
                [
                    -0.13235601782798767,
                    0.05538230761885643,
                    0.9896538257598877
                ]
            ]
        ],
        [
            0.017017501831054688,
            0.00979850673675537,
            1.13238916015625,
            null,
            null,
            null,
            [
                [
                    0.9862901568412781,
                    0.012257546186447144,
                    0.16456452012062073
                ],
                [
                    -0.001081179827451706,
                    0.9976961016654968,
                    -0.06783326715230942
                ],
                [
                    -0.16501684486865997,
                    0.06672535836696625,
                    0.984031081199646
                ]
            ]
        ],
        [
            0.029987796783447266,
            0.01709309959411621,
            1.1132545166015626,
            null,
            null,
            null,
            [
                [
                    0.9954025745391846,
                    0.026300864294171333,
                    0.09209781885147095
                ],
                [
                    -0.018719376996159554,
                    0.9964370131492615,
                    -0.0822368860244751
                ],
                [
                    -0.09393257647752762,
                    0.0801347941160202,
                    0.9923482537269592
                ]
            ]
        ],
        [
            0.040223545074462894,
            0.019335121154785157,
            1.104671630859375,
            null,
            null,
            null,
            [
                [
                    0.9966286420822144,
                    0.07772098481655121,
                    0.026283279061317444
                ],
                [
                    -0.07488104701042175,
                    0.9925864338874817,
                    -0.09573392570018768
                ],
                [
                    -0.03352896124124527,
                    0.09344305098056793,
                    0.9950599074363708
                ]
            ]
        ],
        [
            0.04358604049682617,
            0.016238628387451173,
            1.10206298828125,
            null,
            null,
            null,
            [
                [
                    0.9991481900215149,
                    0.0408564992249012,
                    -0.005801474209874868
                ],
                [
                    -0.04121936857700348,
                    0.994804859161377,
                    -0.0930822491645813
                ],
                [
                    0.001968319760635495,
                    0.0932420939207077,
                    0.9956415295600891
                ]
            ]
        ],
        [
            0.03856642532348633,
            0.01095020580291748,
            1.1043424072265624,
            null,
            null,
            null,
            [
                [
                    0.9992597699165344,
                    0.03846831992268562,
                    -0.00038681644946336746
                ],
                [
                    -0.03839309141039848,
                    0.9965682625770569,
                    -0.07333298027515411
                ],
                [
                    -0.002435507718473673,
                    0.07329355180263519,
                    0.9973074197769165
                ]
            ]
        ],
        [
            0.027779382705688478,
            0.0029793670177459715,
            1.1098184814453125,
            null,
            null,
            null,
            [
                [
                    0.9970471858978271,
                    0.053721532225608826,
                    0.05487185716629028
                ],
                [
                    -0.050386346876621246,
                    0.996898353099823,
                    -0.060456160455942154
                ],
                [
                    -0.05794946104288101,
                    0.05751284956932068,
                    0.9966614842414856
                ]
            ]
        ],
        [
            0.02152033805847168,
            -0.006138562679290771,
            1.114125732421875,
            null,
            null,
            null,
            [
                [
                    0.9901914596557617,
                    0.04922633618116379,
                    0.1307581514120102
                ],
                [
                    -0.04438316076993942,
                    0.9982254505157471,
                    -0.03970043733716011
                ],
                [
                    -0.1324804127216339,
                    0.0335075743496418,
                    0.9906190633773804
                ]
            ]
        ],
        [
            0.02063932991027832,
            -0.011237512588500977,
            1.117368408203125,
            null,
            null,
            null,
            [
                [
                    0.9819806218147278,
                    0.04772970825433731,
                    0.18285483121871948
                ],
                [
                    -0.04133361205458641,
                    0.9983981847763062,
                    -0.038634173572063446
                ],
                [
                    -0.18440593779087067,
                    0.03037996031343937,
                    0.9823805093765259
                ]
            ]
        ],
        [
            0.024179328918457033,
            -0.022855764389038087,
            1.1193385009765624,
            null,
            null,
            null,
            [
                [
                    0.9786014556884766,
                    0.050239551812410355,
                    0.1995375156402588
                ],
                [
                    -0.04021516814827919,
                    0.9977318644523621,
                    -0.05397972837090492
                ],
                [
                    -0.20179685950279236,
                    0.044800203293561935,
                    0.9784022569656372
                ]
            ]
        ],
        [
            0.034126277923583984,
            -0.02811873245239258,
            1.1186239013671875,
            null,
            null,
            null,
            [
                [
                    0.9823443293571472,
                    0.06254865229129791,
                    0.17631593346595764
                ],
                [
                    -0.06129707023501396,
                    0.9980407953262329,
                    -0.012541553936898708
                ],
                [
                    -0.1767549365758896,
                    0.0015124744968488812,
                    0.9842537045478821
                ]
            ]
        ],
        [
            0.046800750732421875,
            -0.029236738204956054,
            1.116491943359375,
            null,
            null,
            null,
            [
                [
                    0.9885190725326538,
                    0.05324096232652664,
                    0.14140525460243225
                ],
                [
                    -0.05201980844140053,
                    0.9985700249671936,
                    -0.012321027927100658
                ],
                [
                    -0.1418590247631073,
                    0.0048236967995762825,
                    0.9898751378059387
                ]
            ]
        ],
        [
            0.05855886459350586,
            -0.03177770614624023,
            1.1134578857421875,
            null,
            null,
            null,
            [
                [
                    0.9901596903800964,
                    0.10356436669826508,
                    0.09411826729774475
                ],
                [
                    -0.10102331638336182,
                    0.9943888783454895,
                    -0.031386394053697586
                ],
                [
                    -0.09684067219495773,
                    0.021569402888417244,
                    0.9950661659240723
                ]
            ]
        ],
        [
            0.06839545440673828,
            -0.02539067840576172,
            1.10880029296875,
            null,
            null,
            null,
            [
                [
                    0.9947289228439331,
                    0.08618435263633728,
                    0.05555712804198265
                ],
                [
                    -0.08622919023036957,
                    0.9962740540504456,
                    -0.0015942136524245143
                ],
                [
                    -0.05548752099275589,
                    -0.0032048355787992477,
                    0.998454213142395
                ]
            ]
        ],
        [
            0.07274905395507812,
            -0.01909842300415039,
            1.1040189208984375,
            null,
            null,
            null,
            [
                [
                    0.9954260587692261,
                    0.09351872652769089,
                    0.019524987787008286
                ],
                [
                    -0.09278737008571625,
                    0.9950529336929321,
                    -0.03549889475107193
                ],
                [
                    -0.022748207673430443,
                    0.033524852246046066,
                    0.999178946018219
                ]
            ]
        ],
        [
            0.07253818511962891,
            -0.01543604850769043,
            1.099846923828125,
            null,
            null,
            null,
            [
                [
                    0.9942963123321533,
                    0.10547444969415665,
                    0.015809277072548866
                ],
                [
                    -0.10449498891830444,
                    0.9930844902992249,
                    -0.05351657420396805
                ],
                [
                    -0.02134457789361477,
                    0.05155934393405914,
                    0.9984418153762817
                ]
            ]
        ],
        [
            0.07012494659423828,
            -0.00465390396118164,
            1.09461669921875,
            null,
            null,
            null,
            [
                [
                    0.9950878620147705,
                    0.09455613046884537,
                    0.029313571751117706
                ],
                [
                    -0.09414501488208771,
                    0.9954438805580139,
                    -0.015104405581951141
                ],
                [
                    -0.03060823120176792,
                    0.012270484119653702,
                    0.9994561672210693
                ]
            ]
        ],
        [
            0.06655361938476563,
            0.002883478879928589,
            1.0907655029296874,
            null,
            null,
            null,
            [
                [
                    0.9936606287956238,
                    0.1040339544415474,
                    0.042609136551618576
                ],
                [
                    -0.10081370919942856,
                    0.9923110008239746,
                    -0.0718020349740982
                ],
                [
                    -0.049751363694667816,
                    0.06705126911401749,
                    0.9965083599090576
                ]
            ]
        ],
        [
            0.0657212905883789,
            0.01015432834625244,
            1.087451171875,
            null,
            null,
            null,
            [
                [
                    0.9902264475822449,
                    0.10872907191514969,
                    0.08734773844480515
                ],
                [
                    -0.1060367077589035,
                    0.9937493205070496,
                    -0.034907542169094086
                ],
                [
                    -0.09059721976518631,
                    0.02530430257320404,
                    0.9955660700798035
                ]
            ]
        ],
        [
            0.06961669158935548,
            0.01671112823486328,
            1.0835682373046875,
            null,
            null,
            null,
            [
                [
                    0.9906775951385498,
                    0.09301719814538956,
                    0.09952753037214279
                ],
                [
                    -0.08752065896987915,
                    0.9944584965705872,
                    -0.058245040476322174
                ],
                [
                    -0.10439378768205643,
                    0.04899134114384651,
                    0.9933286309242249
                ]
            ]
        ],
        [
            0.07559584808349609,
            0.018589651107788086,
            1.08176806640625,
            null,
            null,
            null,
            [
                [
                    0.9890082478523254,
                    0.10406868904829025,
                    0.10503528267145157
                ],
                [
                    -0.09585848450660706,
                    0.9921416640281677,
                    -0.08041160553693771
                ],
                [
                    -0.11257821321487427,
                    0.0694592222571373,
                    0.9912121891975403
                ]
            ]
        ],
        [
            0.0822572021484375,
            0.024240856170654298,
            1.0788431396484375,
            null,
            null,
            null,
            [
                [
                    0.9922711849212646,
                    0.10087903589010239,
                    0.07225888222455978
                ],
                [
                    -0.09642449021339417,
                    0.9933637380599976,
                    -0.06269586831331253
                ],
                [
                    -0.07810404896736145,
                    0.055243778973817825,
                    0.9954134225845337
                ]
            ]
        ],
        [
            0.08782731628417968,
            0.024379507064819336,
            1.076447265625,
            null,
            null,
            null,
            [
                [
                    0.9964479804039001,
                    0.08058428764343262,
                    0.024445747956633568
                ],
                [
                    -0.07795528322458267,
                    0.9925010800361633,
                    -0.09415175020694733
                ],
                [
                    -0.03184958174824715,
                    0.09191164374351501,
                    0.9952576756477356
                ]
            ]
        ],
        [
            0.08703910064697265,
            0.017154901504516602,
            1.0726015625,
            null,
            null,
            null,
            [
                [
                    0.9968409538269043,
                    0.0765557587146759,
                    -0.021149106323719025
                ],
                [
                    -0.0781279057264328,
                    0.9930756688117981,
                    -0.0877310037612915
                ],
                [
                    0.014286349527537823,
                    0.08910619467496872,
                    0.9959196448326111
                ]
            ]
        ],
        [
            0.07429438781738282,
            0.010813156127929687,
            1.0675819091796874,
            null,
            null,
            null,
            [
                [
                    0.9948607683181763,
                    0.0665619969367981,
                    -0.07629872858524323
                ],
                [
                    -0.07355917245149612,
                    0.9929545521736145,
                    -0.09289927035570145
                ],
                [
                    0.06957761198282242,
                    0.09803430736064911,
                    0.9927478432655334
                ]
            ]
        ],
        [
            0.055943370819091794,
            0.00040701985359191894,
            1.06808154296875,
            null,
            null,
            null,
            [
                [
                    0.9920140504837036,
                    0.11388829350471497,
                    -0.05419926717877388
                ],
                [
                    -0.11935298144817352,
                    0.9865773916244507,
                    -0.11144466698169708
                ],
                [
                    0.04077952727675438,
                    0.1170235201716423,
                    0.9922915697097778
                ]
            ]
        ],
        [
            0.03447431564331055,
            -0.01438436508178711,
            1.07043505859375,
            null,
            null,
            null,
            [
                [
                    0.9958720207214355,
                    0.09007062017917633,
                    0.011235312558710575
                ],
                [
                    -0.08833109587430954,
                    0.9901683926582336,
                    -0.10846266895532608
                ],
                [
                    -0.02089415118098259,
                    0.10702250897884369,
                    0.9940370321273804
                ]
            ]
        ],
        [
            0.017187646865844727,
            -0.026747743606567384,
            1.0748125,
            null,
            null,
            null,
            [
                [
                    0.9893054366111755,
                    0.07585185766220093,
                    0.12458448112010956
                ],
                [
                    -0.069691501557827,
                    0.9961549639701843,
                    -0.05308867245912552
                ],
                [
                    -0.12813231348991394,
                    0.04383843019604683,
                    0.9907877445220947
                ]
            ]
        ],
        [
            0.011366199493408204,
            -0.03895514678955078,
            1.078266845703125,
            null,
            null,
            null,
            [
                [
                    0.9819105863571167,
                    0.0650990903377533,
                    0.17780239880084991
                ],
                [
                    -0.05388979986310005,
                    0.9962853789329529,
                    -0.06716617941856384
                ],
                [
                    -0.18151439726352692,
                    0.05636944994330406,
                    0.9817713499069214
                ]
            ]
        ],
        [
            0.01755665397644043,
            -0.0535020751953125,
            1.080255615234375,
            null,
            null,
            null,
            [
                [
                    0.978743851184845,
                    0.03474817052483559,
                    0.20212124288082123
                ],
                [
                    -0.024529559537768364,
                    0.9983014464378357,
                    -0.05284448713064194
                ],
                [
                    -0.20361417531967163,
                    0.04676327481865883,
                    0.9779337644577026
                ]
            ]
        ],
        [
            0.028816947937011717,
            -0.05963613891601562,
            1.082282958984375,
            null,
            null,
            null,
            [
                [
                    0.9855353236198425,
                    0.039062611758708954,
                    0.1649068146944046
                ],
                [
                    -0.04111546277999878,
                    0.9991133809089661,
                    0.009052165783941746
                ],
                [
                    -0.16440701484680176,
                    -0.015701450407505035,
                    0.986267626285553
                ]
            ]
        ],
        [
            0.042159126281738284,
            -0.06574213409423828,
            1.081286865234375,
            null,
            null,
            null,
            [
                [
                    0.9934032559394836,
                    0.04252305626869202,
                    0.10649795085191727
                ],
                [
                    -0.040545519441366196,
                    0.9989639520645142,
                    -0.020666591823101044
                ],
                [
                    -0.10726641863584518,
                    0.01621224544942379,
                    0.9940981268882751
                ]
            ]
        ],
        [
            0.050630287170410154,
            -0.0748983383178711,
            1.077135009765625,
            null,
            null,
            null,
            [
                [
                    0.9972352981567383,
                    0.0671396479010582,
                    0.0318446010351181
                ],
                [
                    -0.06639116257429123,
                    0.9975048303604126,
                    -0.024007577449083328
                ],
                [
                    -0.03337700292468071,
                    0.021827002987265587,
                    0.9992044568061829
                ]
            ]
        ],
        [
            0.05139793395996094,
            -0.07837478637695312,
            1.070900146484375,
            null,
            null,
            null,
            [
                [
                    0.9977704286575317,
                    0.06240573152899742,
                    -0.023658160120248795
                ],
                [
                    -0.06295756995677948,
                    0.9977431297302246,
                    -0.023345286026597023
                ],
                [
                    0.02214788645505905,
                    0.02478269673883915,
                    0.9994474649429321
                ]
            ]
        ],
        [
            0.04204984664916992,
            -0.08604528045654297,
            1.064551513671875,
            null,
            null,
            null,
            [
                [
                    0.9946991801261902,
                    0.07443325221538544,
                    -0.07094516605138779
                ],
                [
                    -0.07850051671266556,
                    0.9953187704086304,
                    -0.05637570098042488
                ],
                [
                    0.06641682237386703,
                    0.06164609268307686,
                    0.9958857893943787
                ]
            ]
        ],
        [
            0.02479374885559082,
            -0.0914709243774414,
            1.060505126953125,
            null,
            null,
            null,
            [
                [
                    0.9945998787879944,
                    0.08568821102380753,
                    -0.05855484679341316
                ],
                [
                    -0.08750270307064056,
                    0.9957375526428223,
                    -0.029155686497688293
                ],
                [
                    0.0558069609105587,
                    0.03412194922566414,
                    0.9978583455085754
                ]
            ]
        ],
        [
            -0.0019686570167541505,
            -0.10252207946777343,
            1.06242431640625,
            null,
            null,
            null,
            [
                [
                    0.9943084120750427,
                    0.10394454747438431,
                    -0.023373717442154884
                ],
                [
                    -0.10539986938238144,
                    0.9917138814926147,
                    -0.07344716042280197
                ],
                [
                    0.015545608475804329,
                    0.07549270987510681,
                    0.997025191783905
                ]
            ]
        ],
        [
            -0.01099159049987793,
            -0.10704547119140626,
            1.06946484375,
            null,
            null,
            null,
            [
                [
                    0.9851319789886475,
                    -0.1387147158384323,
                    0.10135708749294281
                ],
                [
                    0.14052210748195648,
                    0.9900177717208862,
                    -0.010880248621106148
                ],
                [
                    -0.09883606433868408,
                    0.02496139332652092,
                    0.9947906136512756
                ]
            ]
        ],
        [
            0.0006199514865875244,
            -0.09823989105224609,
            1.0666429443359375,
            null,
            null,
            null,
            [
                [
                    0.7899569272994995,
                    -0.5044507384300232,
                    0.34856489300727844
                ],
                [
                    0.46003204584121704,
                    0.8634346127510071,
                    0.20700518786907196
                ],
                [
                    -0.40538692474365234,
                    -0.0031741568818688393,
                    0.9141396880149841
                ]
            ]
        ],
        [
            0.03219929122924805,
            -0.07275652313232422,
            1.055268310546875,
            null,
            null,
            null,
            [
                [
                    0.5655149221420288,
                    -0.7208520174026489,
                    0.40070590376853943
                ],
                [
                    0.6551631093025208,
                    0.6877664923667908,
                    0.31263166666030884
                ],
                [
                    -0.5009532570838928,
                    0.08572982996702194,
                    0.8612178564071655
                ]
            ]
        ],
        [
            0.08010857391357422,
            -0.023401968002319334,
            1.0405938720703125,
            null,
            null,
            null,
            [
                [
                    0.3693278431892395,
                    -0.8565748929977417,
                    0.36038362979888916
                ],
                [
                    0.7792840600013733,
                    0.4967418611049652,
                    0.38205215334892273
                ],
                [
                    -0.5062739253044128,
                    0.13973872363567352,
                    0.8509758114814758
                ]
            ]
        ],
        [
            0.1372934875488281,
            0.049490612030029295,
            1.034692138671875,
            null,
            null,
            null,
            [
                [
                    0.06332104653120041,
                    -0.9814881682395935,
                    0.18075233697891235
                ],
                [
                    0.8810611963272095,
                    0.140045166015625,
                    0.45179474353790283
                ],
                [
                    -0.468744695186615,
                    0.130645751953125,
                    0.8736189603805542
                ]
            ]
        ],
        [
            0.182090087890625,
            0.12855453491210939,
            1.047489990234375,
            null,
            null,
            null,
            [
                [
                    -0.16774198412895203,
                    -0.9847131371498108,
                    0.046932514756917953
                ],
                [
                    0.8984480500221252,
                    -0.13310477137565613,
                    0.4184187054634094
                ],
                [
                    -0.4057754576206207,
                    0.11235281080007553,
                    0.9070408344268799
                ]
            ]
        ],
        [
            0.21428404235839843,
            0.22589111328125,
            1.0803123779296875,
            null,
            null,
            null,
            [
                [
                    -0.466133177280426,
                    -0.8592633605003357,
                    -0.21068066358566284
                ],
                [
                    0.8259320855140686,
                    -0.5079973340034485,
                    0.24448907375335693
                ],
                [
                    -0.3171057105064392,
                    -0.060043446719646454,
                    0.9464876055717468
                ]
            ]
        ],
        [
