{
    "radius": 0.8,
    "angular_speed": 10,
    "save_freq": 0.1,
    "pid_gains": {
        "pid_rate": {
            "roll_kp": "50.0",
            "roll_ki": "0.0",
            "roll_kd": "0.0",
            "pitch_kp": "50.0",
            "pitch_ki": "0.0",
            "pitch_kd": "0.0",
            "yaw_kp": "80.0",
            "yaw_ki": "0.0",
            "yaw_kd": "0.0"
        },
        "pid_attitude": {
            "roll_kp": "10.0",
            "roll_ki": "0.5",
            "roll_kd": "0.5",
            "pitch_kp": "13.0",
            "pitch_ki": "0.5",
            "pitch_kd": "1.5",
            "yaw_kp": "8.0",
            "yaw_ki": "0.5",
            "yaw_kd": "0.5"
        },
        "velCtlPid": {
            "vxKp": "15.0",
            "vxKi": "1.0",
            "vxKd": "0.0",
            "vyKp": "10.0",
            "vyKi": "1.0",
            "vyKd": "0.0",
            "vzKp": "12.5",
            "vzKi": "0.5",
            "vzKd": "0.0"
        },
        "posCtlPid": {
            "xKp": "1.5",
            "xKi": "0.20000000298023224",
            "xKd": "0.20000000298023224",
            "yKp": "1.5",
            "yKi": "0.20000000298023224",
            "yKd": "0.20000000298023224",
            "zKp": "5.0",
            "zKi": "0.5",
            "zKd": "0.0"
        }
    },
    "pose": [
        [
            0.03488797760009766,
            0.09175438690185547,
            0.2614462890625,
            null,
            null,
            null,
            [
                [
                    0.9968211054801941,
                    -0.007053058594465256,
                    0.0793595165014267
                ],
                [
                    0.00588407926261425,
                    0.9998708367347717,
                    0.014954387210309505
                ],
                [
                    -0.07945474237203598,
                    -0.014439891092479229,
                    0.9967339038848877
                ]
            ]
        ],
        [
            0.03498790740966797,
            0.09179739379882812,
            0.2613804626464844,
            null,
            null,
            null,
            [
                [
                    0.9967324733734131,
                    -0.006656554527580738,
                    0.0804990604519844
                ],
                [
                    0.005550533998757601,
                    0.999887228012085,
                    0.013955521397292614
                ],
                [
                    -0.0805828720331192,
                    -0.01346310880035162,
                    0.9966570138931274
                ]
            ]
        ],
        [
            0.03447397613525391,
            0.07167060089111328,
            0.2772666320800781,
            null,
            null,
            null,
            [
                [
                    0.9971221089363098,
                    -0.013447809964418411,
                    0.0746103972196579
                ],
                [
                    0.023990020155906677,
                    0.9895390272140503,
                    -0.1422569304704666
                ],
                [
                    -0.0719168558716774,
                    0.14363743364810944,
                    0.9870138168334961
                ]
            ]
        ],
        [
            0.03126349449157715,
            0.0572371940612793,
            0.3525003662109375,
            null,
            null,
            null,
            [
                [
                    0.9997678995132446,
                    -0.0015280286315828562,
                    0.021490022540092468
                ],
                [
                    0.005152769386768341,
                    0.9854914546012878,
                    -0.16964682936668396
                ],
                [
                    -0.020919008180499077,
                    0.1697181910276413,
                    0.9852705597877502
                ]
            ]
        ],
        [
            0.028722949981689453,
            0.03546883773803711,
            0.45571630859375,
            null,
            null,
            null,
            [
                [
                    0.9847387671470642,
                    0.0035269535146653652,
                    0.17400334775447845
                ],
                [
                    0.012932897545397282,
                    0.9955474138259888,
                    -0.0933704748749733
                ],
                [
                    -0.17355789244174957,
                    0.0941958874464035,
                    0.9803085327148438
                ]
            ]
        ],
        [
            0.024948232650756835,
            0.00990982437133789,
            0.5642919921875,
            null,
            null,
            null,
            [
                [
                    0.9960026144981384,
                    0.01733032800257206,
                    -0.08762676268815994
                ],
                [
                    -0.020845090970396996,
                    0.9990078210830688,
                    -0.03935592249035835
                ],
                [
                    0.08685777336359024,
                    0.04102518782019615,
                    0.9953756332397461
                ]
            ]
        ],
        [
            0.020704195022583007,
            -0.011186235427856446,
            0.6757689819335938,
            null,
            null,
            null,
            [
                [
                    0.9988697171211243,
                    -0.0023088573943823576,
                    0.04747588187456131
                ],
                [
                    -0.0040171099826693535,
                    0.9911454916000366,
                    0.13271965086460114
                ],
                [
                    -0.047361936420202255,
                    -0.13276036083698273,
                    0.9900159239768982
                ]
            ]
        ],
        [
            0.016181631088256834,
            -0.02625380325317383,
            0.796022216796875,
            null,
            null,
            null,
            [
                [
                    0.9990140199661255,
                    0.01096776407212019,
                    0.043020058423280716
                ],
                [
                    -0.011195887811481953,
                    0.9999244809150696,
                    0.005065362900495529
                ],
                [
                    -0.042961254715919495,
                    -0.005542016122490168,
                    0.9990613460540771
                ]
            ]
        ],
        [
            0.012608722686767578,
            -0.0343745002746582,
            0.9153313598632813,
            null,
            null,
            null,
            [
                [
                    0.9986572861671448,
                    0.009236498735845089,
                    0.05097319185733795
                ],
                [
                    -0.009319358505308628,
                    0.9999555945396423,
                    0.0013881319900974631
                ],
                [
                    -0.05095810815691948,
                    -0.0018613056745380163,
                    0.9986990690231323
                ]
            ]
        ],
        [
            0.011050813674926758,
            -0.03583666229248047,
            1.0289024658203125,
            null,
            null,
            null,
            [
                [
                    0.9976059198379517,
                    -0.01269614789634943,
                    0.06797942519187927
                ],
                [
                    0.012330037541687489,
                    0.9999071359634399,
                    0.005802498664706945
                ],
                [
                    -0.06804677844047546,
                    -0.004950418137013912,
                    0.9976698756217957
                ]
            ]
        ],
        [
            0.012161013603210449,
            -0.03606079483032226,
            1.11367529296875,
            null,
            null,
            null,
            [
                [
                    0.9945015907287598,
                    0.04914960637688637,
                    0.09247086197137833
                ],
                [
                    -0.048227373510599136,
                    0.9987620711326599,
                    -0.012182924896478653
                ],
                [
                    -0.09295517206192017,
                    0.0076563116163015366,
                    0.9956408739089966
                ]
            ]
        ],
        [
            0.01800597381591797,
            -0.03914436340332031,
            1.158314453125,
            null,
            null,
            null,
            [
                [
                    0.9911829829216003,
                    0.011910507455468178,
                    0.13196386396884918
                ],
                [
                    -0.006770774722099304,
                    0.9992033839225769,
                    -0.03932851925492287
                ],
                [
                    -0.1323271542787552,
                    0.03808826208114624,
                    0.9904740452766418
                ]
            ]
        ],
        [
            0.026102739334106444,
            -0.043619213104248045,
            1.16835888671875,
            null,
            null,
            null,
            [
                [
                    0.9942817091941833,
                    0.04199807345867157,
                    0.09818398207426071
                ],
                [
                    -0.03494475409388542,
                    0.9967570900917053,
                    -0.07248584181070328
                ],
                [
                    -0.10090984404087067,
                    0.0686403289437294,
                    0.9925249218940735
                ]
            ]
        ],
        [
            0.036390800476074216,
            -0.05318688583374023,
            1.152966796875,
            null,
            null,
            null,
            [
                [
                    0.9938021302223206,
                    0.02142678201198578,
                    0.10907887667417526
                ],
                [
                    -0.009939318522810936,
                    0.9944450259208679,
                    -0.1047869324684143
                ],
                [
                    -0.11071819812059402,
                    0.10305330902338028,
                    0.9884945750236511
                ]
            ]
        ],
        [
            0.04844406890869141,
            -0.06058867645263672,
            1.128340087890625,
            null,
            null,
            null,
            [
                [
                    0.9951806664466858,
                    0.029520802199840546,
                    0.09350933134555817
                ],
                [
                    -0.02504582330584526,
                    0.9985007047653198,
                    -0.04867345839738846
                ],
                [
                    -0.094806008040905,
                    0.046096865087747574,
                    0.9944279193878174
                ]
            ]
        ],
        [
            0.05692723846435547,
            -0.06289751052856446,
            1.10393603515625,
            null,
            null,
            null,
            [
                [
                    0.9984835982322693,
                    0.014208941720426083,
                    0.053184181451797485
                ],
                [
                    -0.013007082045078278,
                    0.999653697013855,
                    -0.02287639118731022
                ],
                [
                    -0.053490813821554184,
                    0.022149931639432907,
                    0.9983226656913757
                ]
            ]
        ],
        [
            0.06323233032226562,
            -0.06603833770751953,
            1.0859473876953125,
            null,
            null,
            null,
            [
                [
                    0.9997092485427856,
                    0.007953905500471592,
                    0.022762633860111237
                ],
                [
                    -0.0073030609637498856,
                    0.9995661377906799,
                    -0.028534363955259323
                ],
                [
                    -0.022979717701673508,
                    0.028359830379486084,
                    0.9993336200714111
                ]
            ]
        ],
        [
            0.06395608139038086,
            -0.06140020370483398,
            1.07577294921875,
            null,
            null,
            null,
            [
                [
                    0.9998382925987244,
                    0.017682107165455818,
                    0.0032814270816743374
                ],
                [
                    -0.01771547459065914,
                    0.9997886419296265,
                    0.010434117168188095
                ],
                [
                    -0.0030962363816797733,
                    -0.010490561835467815,
                    0.9999401569366455
                ]
            ]
        ],
        [
            0.05979529571533203,
            -0.05322223281860351,
            1.0727908935546875,
            null,
            null,
            null,
            [
                [
                    0.9998880624771118,
                    0.010984004475176334,
                    -0.01016128621995449
                ],
                [
                    -0.011167050339281559,
                    0.9997731447219849,
                    -0.018136220052838326
                ],
                [
                    0.009959773160517216,
                    0.018247660249471664,
                    0.9997838735580444
                ]
            ]
        ],
        [
            0.05404164123535156,
            -0.04443724060058594,
            1.07469189453125,
            null,
            null,
            null,
            [
                [
                    0.9998294711112976,
                    0.005580720026046038,
                    0.017602970823645592
                ],
                [
                    -0.004778617061674595,
                    0.9989627599716187,
                    -0.04528377205133438
                ],
                [
                    -0.01783742755651474,
                    0.0451919324696064,
                    0.9988190531730652
                ]
            ]
        ],
        [
            0.04817255020141602,
            -0.026419649124145506,
            1.077039306640625,
            null,
            null,
            null,
            [
                [
                    0.9987624883651733,
                    0.024651724845170975,
                    0.043194714933633804
                ],
                [
                    -0.02408907748758793,
                    0.9996187090873718,
                    -0.013498373329639435
                ],
                [
                    -0.043511003255844116,
                    0.012441148050129414,
                    0.9989754557609558
                ]
            ]
        ],
        [
            0.04684927749633789,
            -0.01174630355834961,
            1.0778067626953125,
            null,
            null,
            null,
            [
                [
                    0.9966852068901062,
                    0.0043603042140603065,
                    0.08123784512281418
                ],
                [
                    0.0013394877314567566,
                    0.9975478053092957,
                    -0.06997551023960114
                ],
                [
                    -0.08134375512599945,
                    0.06985237449407578,
                    0.9942352771759033
                ]
            ]
        ],
        [
            0.04967535400390625,
            0.0009455793499946594,
            1.075777099609375,
            null,
            null,
            null,
            [
                [
                    0.9945608377456665,
                    0.009605368599295616,
                    0.10371367633342743
                ],
                [
                    -0.0016815364360809326,
                    0.9970896244049072,
                    -0.07621967792510986
                ],
                [
                    -0.10414395481348038,
                    0.07563070207834244,
                    0.9916824102401733
                ]
            ]
        ],
        [
            0.05602788543701172,
            0.018164260864257813,
            1.0730120849609375,
            null,
            null,
            null,
            [
                [
                    0.994203507900238,
                    0.008170323446393013,
                    0.10720385611057281
                ],
                [
                    -0.001547792344354093,
                    0.9980927109718323,
                    -0.06171344965696335
                ],
                [
                    -0.10750360786914825,
                    0.06118979677557945,
                    0.9923198819160461
                ]
            ]
        ],
        [
            0.066112548828125,
            0.02991197395324707,
            1.070489501953125,
            null,
            null,
            null,
            [
                [
                    0.995168149471283,
                    -0.0004169475578237325,
                    0.09818453341722488
                ],
                [
                    0.010583020746707916,
                    0.994620680809021,
                    -0.10304250568151474
                ],
                [
                    -0.09761340171098709,
                    0.10358370840549469,
                    0.9898191690444946
                ]
            ]
        ],
        [
            0.07547251129150391,
            0.038996173858642576,
            1.0674483642578125,
            null,
            null,
            null,
            [
                [
                    0.9976509213447571,
                    -0.0041815005242824554,
                    0.06837491691112518
                ],
                [
                    0.00849741417914629,
                    0.9979802966117859,
                    -0.06295288354158401
                ],
                [
                    -0.06797358393669128,
                    0.06338601559400558,
                    0.9956715106964111
                ]
            ]
        ],
        [
            0.08208676147460937,
            0.04813598251342773,
            1.065681640625,
            null,
            null,
            null,
            [
                [
                    0.9993467330932617,
                    -0.0011649330845102668,
                    0.03612086921930313
                ],
                [
                    0.004476409871131182,
                    0.9957735538482666,
                    -0.09173300862312317
                ],
                [
                    -0.03586134687066078,
                    0.09183477610349655,
                    0.9951282739639282
                ]
            ]
        ],
        [
            0.08345834350585937,
            0.04891191864013672,
            1.06509716796875,
            null,
            null,
            null,
            [
                [
                    0.9998121857643127,
                    -0.010172958485782146,
                    0.016495123505592346
                ],
                [
                    0.01180804893374443,
                    0.9946867823600769,
                    -0.10226801037788391
                ],
                [
                    -0.01536711398512125,
                    0.10244357585906982,
                    0.9946200847625732
                ]
            ]
        ],
        [
            0.08107281494140625,
            0.05615127944946289,
            1.06531591796875,
            null,
            null,
            null,
            [
                [
                    0.9999982118606567,
                    -0.0010284192394465208,
                    -0.0015808200696483254
                ],
                [
                    0.0009356969967484474,
                    0.9983406662940979,
                    -0.057576119899749756
                ],
                [
                    0.0016374093247577548,
                    0.05757454037666321,
                    0.9983398914337158
                ]
            ]
        ],
        [
            0.07654019927978516,
            0.05809524154663086,
            1.0663375244140625,
            null,
            null,
            null,
            [
                [
                    0.9999592900276184,
                    -0.0071382662281394005,
                    0.005514505319297314
                ],
                [
                    0.0076448265463113785,
                    0.9951488971710205,
                    -0.09808266162872314
                ],
                [
                    -0.00478761363774538,
                    0.09812083095312119,
                    0.9951629638671875
                ]
            ]
        ],
        [
            0.07231605529785157,
            0.05854769515991211,
            1.0671812744140625,
            null,
            null,
            null,
            [
                [
                    0.9990733861923218,
                    -0.0007854229770600796,
                    0.043032679706811905
                ],
                [
                    0.0032894678879529238,
                    0.9983024597167969,
                    -0.05814952403306961
                ],
                [
                    -0.04291395843029022,
                    0.05823719501495361,
                    0.9973799586296082
                ]
            ]
        ],
        [
            0.07087852478027344,
            0.060528457641601564,
            1.0679393310546874,
            null,
            null,
            null,
            [
                [
                    0.9979981780052185,
                    -0.006249872036278248,
                    0.06293287873268127
                ],
                [
                    0.009557629004120827,
                    0.9985805749893188,
                    -0.05239701643586159
                ],
                [
                    -0.06251607090234756,
                    0.05289361625909805,
                    0.9966413378715515
                ]
            ]
        ],
        [
            0.07181346893310547,
            0.05825799942016602,
            1.0678616943359376,
            null,
            null,
            null,
            [
                [
                    0.9966727495193481,
                    0.020208291709423065,
                    0.07896199822425842
                ],
                [
                    -0.012790082953870296,
                    0.9955514669418335,
                    -0.09334701299667358
                ],
                [
                    -0.08049711585044861,
                    0.0920264944434166,
                    0.9924975037574768
                ]
            ]
        ],
        [
            0.07643004608154297,
            0.05715407180786133,
            1.0656990966796875,
            null,
            null,
            null,
            [
                [
                    0.9961271286010742,
                    -0.009424206800758839,
                    0.08741787821054459
                ],
                [
                    0.014478125609457493,
                    0.9982485175132751,
                    -0.05736073479056358
                ],
                [
                    -0.0867241844534874,
                    0.05840423330664635,
                    0.9945189356803894
                ]
            ]
        ],
        [
            0.08337374877929687,
            0.05371636199951172,
            1.06172900390625,
            null,
            null,
            null,
            [
                [
                    0.9983053803443909,
                    -0.010331736877560616,
                    0.057267963886260986
                ],
                [
                    0.014298544265329838,
                    0.9974936246871948,
                    -0.06929654628038406
                ],
                [
                    -0.05640847608447075,
                    0.06999795883893967,
                    0.9959509968757629
                ]
            ]
        ],
        [
            0.08944248962402344,
            0.04668075942993164,
            1.057968994140625,
            null,
            null,
            null,
            [
                [
                    0.9996449947357178,
                    -0.011741796508431435,
                    0.023916471749544144
                ],
                [
                    0.013491600751876831,
                    0.9971396327018738,
                    -0.07436719536781311
                ],
                [
                    -0.022974858060479164,
                    0.07466346770524979,
                    0.9969440698623657
                ]
            ]
        ],
        [
            0.08917727661132813,
            0.04559266662597656,
            1.0527762451171876,
            null,
            null,
            null,
            [
                [
                    0.9998554587364197,
                    -0.00207565538585186,
                    -0.016875090077519417
                ],
                [
                    0.001144838286563754,
                    0.9984866380691528,
                    -0.054982904344797134
                ],
                [
                    0.01696367748081684,
                    0.05495563894510269,
                    0.9983446598052979
                ]
            ]
        ],
        [
            0.08885340118408203,
            0.03976783752441406,
            1.050740234375,
            null,
            null,
            null,
            [
                [
                    0.9993513226509094,
                    -0.009450067766010761,
                    -0.03475159779191017
                ],
                [
                    0.0066213724203407764,
                    0.9967221021652222,
                    -0.08062979578971863
                ],
                [
                    0.03539964184165001,
                    0.08034738153219223,
                    0.9961380958557129
                ]
            ]
        ],
        [
            0.08625457763671875,
            0.03938117218017578,
            1.0502930908203125,
            null,
            null,
            null,
            [
                [
                    0.9993237853050232,
                    -0.03478674590587616,
                    -0.01190826017409563
                ],
                [
                    0.03442882001399994,
                    0.9989849328994751,
                    -0.029046732932329178
                ],
                [
                    0.012906613759696484,
                    0.02861710451543331,
                    0.9995071291923523
                ]
            ]
        ],
        [
            0.07719962310791016,
            0.036559913635253904,
            1.052519287109375,
            null,
            null,
            null,
            [
                [
                    0.9998663067817688,
                    -0.005664461757987738,
                    -0.015337253920733929
                ],
                [
                    0.0043642702512443066,
                    0.9964967370033264,
                    -0.08351761102676392
                ],
                [
                    0.015756605193018913,
                    0.08343951404094696,
                    0.9963882565498352
                ]
            ]
        ],
        [
            0.07154641723632812,
            0.03212127685546875,
            1.0554083251953126,
            null,
            null,
            null,
            [
                [
                    0.9999028444290161,
                    0.012744682841002941,
                    0.005648094229400158
                ],
                [
                    -0.012434239499270916,
                    0.9985719919204712,
                    -0.051955923438072205
                ],
                [
                    -0.006302190478891134,
                    0.051880642771720886,
                    0.9986333847045898
                ]
            ]
        ],
        [
            0.07076852416992188,
            0.03181468963623047,
            1.058820556640625,
            null,
            null,
            null,
            [
                [
                    0.9996288418769836,
                    -0.006180681753903627,
                    0.026533635333180428
                ],
                [
                    0.007537118624895811,
                    0.9986532926559448,
                    -0.05132967233657837
                ],
                [
                    -0.026180651038885117,
                    0.051510605961084366,
                    0.998329222202301
                ]
            ]
        ],
        [
            0.07096351623535156,
            0.02942974853515625,
            1.0623096923828126,
            null,
            null,
            null,
            [
                [
                    0.9992258548736572,
                    -0.012322952970862389,
                    0.03736068680882454
                ],
                [
                    0.014752930961549282,
                    0.9977448582649231,
                    -0.06547919660806656
                ],
                [
                    -0.036469537764787674,
                    0.06597968190908432,
                    0.9971542954444885
                ]
            ]
        ],
        [
            0.0751777572631836,
            0.030792341232299805,
            1.06285595703125,
            null,
            null,
            null,
            [
                [
                    0.9983212947845459,
                    0.0334286130964756,
                    0.04729791358113289
                ],
                [
                    -0.032131411135196686,
                    0.9990934729576111,
                    -0.027925895527005196
                ],
                [
                    -0.04818855971097946,
                    0.02635926753282547,
                    0.9984903931617737
                ]
            ]
        ],
        [
            0.08384206390380859,
            0.03150612258911133,
            1.062306640625,
            null,
            null,
            null,
            [
                [
                    0.9993695020675659,
                    -0.010044903494417667,
                    0.034055035561323166
                ],
                [
                    0.011917004361748695,
                    0.9984028935432434,
                    -0.055223263800144196
                ],
                [
                    -0.03344593197107315,
                    0.05559427663683891,
                    0.9978930950164795
                ]
            ]
        ],
        [
            0.08796707153320313,
            0.029282371520996095,
            1.062437744140625,
            null,
            null,
            null,
            [
                [
                    0.9995149970054626,
                    -0.02913990616798401,
                    0.010982143692672253
                ],
                [
                    0.029998360201716423,
                    0.9956297278404236,
                    -0.08843935281038284
                ],
                [
                    -0.00835703406482935,
                    0.08872590959072113,
                    0.996021032333374
                ]
            ]
        ],
        [
            0.08752186584472656,
            0.03302272415161133,
            1.060166748046875,
            null,
            null,
            null,
            [
                [
                    0.9995788335800171,
                    0.005303669720888138,
                    -0.02853069268167019
                ],
                [
                    -0.006843749899417162,
                    0.9985090494155884,
                    -0.05415590479969978
                ],
                [
                    0.02820092998445034,
                    0.05432835593819618,
                    0.9981248378753662
                ]
            ]
        ],
        [
            0.08455010986328125,
            0.034890541076660155,
            1.05573388671875,
            null,
            null,
            null,
            [
                [
                    0.9982455372810364,
                    -0.01310079637914896,
                    -0.05774273723363876
                ],
                [
                    0.00838943850249052,
                    0.9966713190078735,
                    -0.08109189569950104
                ],
                [
                    0.058612897992134094,
                    0.08046519756317139,
                    0.9950326085090637
                ]
            ]
        ],
        [
            0.07832437133789062,
            0.033059181213378905,
            1.0508944091796875,
            null,
            null,
            null,
            [
                [
                    0.9986834526062012,
                    -0.030201125890016556,
                    -0.04146401584148407
                ],
                [
                    0.027263784781098366,
                    0.9971978068351746,
                    -0.06966536492109299
                ],
                [
                    0.04345179721713066,
                    0.0684431791305542,
                    0.996708333492279
                ]
            ]
        ],
        [
            0.06658248138427734,
            0.03501239395141602,
            1.04653076171875,
            null,
            null,
            null,
            [
                [
                    0.9990257024765015,
                    0.0006737851654179394,
                    -0.04412688687443733
                ],
                [
                    -0.0038931730668991804,
                    0.9973307847976685,
                    -0.0729123130440712
                ],
                [
                    0.043959975242614746,
                    0.0730130672454834,
                    0.9963616728782654
                ]
            ]
        ],
        [
            0.07012153625488281,
            0.04068194961547852,
            1.0292552490234375,
            null,
            null,
            null,
            [
                [
                    0.9899690747261047,
                    -0.13946664333343506,
                    0.022589297965168953
                ],
                [
                    0.13823363184928894,
                    0.9891789555549622,
                    0.049157846719026566
                ],
                [
                    -0.029200736433267593,
                    -0.0455421507358551,
                    0.9985355138778687
                ]
            ]
        ],
        [
            0.09069664764404296,
            0.0678082275390625,
            0.9655226440429687,
            null,
            null,
            null,
            [
                [
                    0.8972097039222717,
                    -0.3217701315879822,
                    0.3024544417858124
                ],
                [
                    0.24772605299949646,
                    0.9337127804756165,
                    0.2584807276725769
                ],
                [
                    -0.36557695269584656,
                    -0.1569855660200119,
                    0.917447030544281
                ]
            ]
        ],
        [
            0.12158741760253906,
            0.09492780303955078,
            0.873736328125,
            null,
            null,
            null,
            [
                [
                    0.7926041483879089,
                    -0.4618896543979645,
                    0.3980410099029541
                ],
                [
                    0.373313307762146,
                    0.8837571144104004,
                    0.28215333819389343
                ],
                [
                    -0.48209530115127563,
                    -0.07504190504550934,
                    0.8728991150856018
                ]
            ]
        ],
        [
            0.16229661560058595,
            0.1343227081298828,
            0.7770494995117188,
            null,
            null,
            null,
            [
                [
                    0.6869619488716125,
                    -0.6381597518920898,
                    0.3476138114929199
                ],
                [
                    0.5638498067855835,
                    0.7698464393615723,
                    0.2990148067474365
                ],
                [
                    -0.4584284722805023,
                    -0.009409832768142223,
                    0.8886814713478088
                ]
            ]
        ],
        [
            0.20435865783691406,
            0.18540809631347657,
            0.685757080078125,
            null,
            null,
            null,
            [
                [
                    0.47095787525177,
                    -0.8631097674369812,
                    0.18231911957263947
                ],
                [
                    0.804179310798645,
                    0.5050154328346252,
                    0.313456654548645
                ],
                [
                    -0.3626214563846588,
                    -0.00100761151406914,
                    0.9319359660148621
                ]
            ]
        ],
        [
            0.23999896240234375,
            0.24321479797363282,
            0.6126948852539063,
            null,
            null,
            null,
            [
                [
                    0.17422093451023102,
                    -0.9844264984130859,
                    -0.02348586544394493
                ],
                [
                    0.9394230246543884,
                    0.15901219844818115,
                    0.30364373326301575
                ],
                [
                    -0.29518038034439087,
                    -0.0749642625451088,
                    0.9524961113929749
                ]
            ]
        ],
        [
            0.2516460876464844,
            0.3022342529296875,
            0.5706065673828125,
            null,
            null,
            null,
            [
                [
                    -0.34055203199386597,
                    -0.9063482880592346,
                    -0.2501142621040344
                ],
                [
                    0.8859557509422302,
                    -0.3984019458293915,
                    0.23739902675151825
                ],
                [
                    -0.31481221318244934,
                    -0.1407434493303299,
                    0.9386610388755798
                ]
            ]
