{
    "radius": 0.275,
    "angular_speed": 13,
    "save_freq": 0.1,
    "pid_gains": {
        "pid_rate": {
            "roll_kp": "50.0",
            "roll_ki": "0.0",
            "roll_kd": "0.0",
            "pitch_kp": "50.0",
            "pitch_ki": "0.0",
            "pitch_kd": "0.0",
            "yaw_kp": "80.0",
            "yaw_ki": "0.0",
            "yaw_kd": "0.0"
        },
        "pid_attitude": {
            "roll_kp": "10.0",
            "roll_ki": "0.5",
            "roll_kd": "0.5",
            "pitch_kp": "13.0",
            "pitch_ki": "0.5",
            "pitch_kd": "1.5",
            "yaw_kp": "8.0",
            "yaw_ki": "0.5",
            "yaw_kd": "0.5"
        },
        "velCtlPid": {
            "vxKp": "15.0",
            "vxKi": "1.0",
            "vxKd": "0.0",
            "vyKp": "10.0",
            "vyKi": "1.0",
            "vyKd": "0.0",
            "vzKp": "12.5",
            "vzKi": "0.5",
            "vzKd": "0.0"
        },
        "posCtlPid": {
            "xKp": "1.5",
            "xKi": "0.20000000298023224",
            "xKd": "0.20000000298023224",
            "yKp": "1.5",
            "yKi": "0.20000000298023224",
            "yKd": "0.20000000298023224",
            "zKp": "5.0",
            "zKi": "0.5",
            "zKd": "0.0"
        }
    },
    "pose": [
        [
            -0.0893802719116211,
            -0.17017723083496095,
            0.26304150390625,
            null,
            null,
            null,
            [
                [
                    0.9955787658691406,
                    0.05705789476633072,
                    0.07461415231227875
                ],
                [
                    -0.05874118581414223,
                    0.99806147813797,
                    0.020561661571264267
                ],
                [
                    -0.07329630851745605,
                    -0.024853678420186043,
                    0.9970004558563232
                ]
            ]
        ],
        [
            -0.08922988891601563,
            -0.1703083953857422,
            0.2631620178222656,
            null,
            null,
            null,
            [
                [
                    0.9960405826568604,
                    0.049530643969774246,
                    0.07382287830114365
                ],
                [
                    -0.05115511640906334,
                    0.9984848499298096,
                    0.02027794159948826
                ],
                [
                    -0.07270664721727371,
                    -0.023974072188138962,
                    0.9970651865005493
                ]
            ]
        ],
        [
            -0.08490606689453126,
            -0.14234100341796874,
            0.28386492919921874,
            null,
            null,
            null,
            [
                [
                    0.9951340556144714,
                    0.008202922530472279,
                    0.09818831831216812
                ],
                [
                    -0.023948930203914642,
                    0.9867805242538452,
                    0.1602829396724701
                ],
                [
                    -0.09557553380727768,
                    -0.16185450553894043,
                    0.982175350189209
                ]
            ]
        ],
        [
            -0.0781023178100586,
            -0.1307574005126953,
            0.35973410034179687,
            null,
            null,
            null,
            [
                [
                    0.9907748699188232,
                    0.07117009162902832,
                    0.11532562971115112
                ],
                [
                    -0.07969239354133606,
                    0.9942841529846191,
                    0.07105034589767456
                ],
                [
                    -0.10960978269577026,
                    -0.0795854777097702,
                    0.9907834529876709
                ]
            ]
        ],
        [
            -0.06556822967529297,
            -0.10322004699707031,
            0.46818258666992185,
            null,
            null,
            null,
            [
                [
                    0.9698598980903625,
                    0.08674806356430054,
                    0.227698415517807
                ],
                [
                    -0.08756164461374283,
                    0.9961376190185547,
                    -0.006545872427523136
                ],
                [
                    -0.22738678753376007,
                    -0.013589068315923214,
                    0.9737097024917603
                ]
            ]
        ],
        [
            -0.05625890731811523,
            -0.0896747817993164,
            0.5783474731445313,
            null,
            null,
            null,
            [
                [
                    0.9956809282302856,
                    0.07576731592416763,
                    -0.05365432798862457
                ],
                [
                    -0.07841508090496063,
                    0.9957113265991211,
                    -0.04909256100654602
                ],
                [
                    0.04970461130142212,
                    0.053087834268808365,
                    0.9973520636558533
                ]
            ]
        ],
        [
            -0.049022476196289064,
            -0.08576673889160157,
            0.6913234252929688,
            null,
            null,
            null,
            [
                [
                    0.9971885085105896,
                    0.04827861115336418,
                    0.057307932525873184
                ],
                [
                    -0.05066705122590065,
                    0.99787437915802,
                    0.04098232835531235
                ],
                [
                    -0.055207546800374985,
                    -0.04377073422074318,
                    0.9975150227546692
                ]
            ]
        ],
        [
            -0.04829157257080078,
            -0.09450556945800781,
            0.8093292236328125,
            null,
            null,
            null,
            [
                [
                    0.9990196824073792,
                    0.02910221740603447,
                    0.033357005566358566
                ],
                [
                    -0.02464655600488186,
                    0.9916002154350281,
                    -0.12697090208530426
                ],
                [
                    -0.036771949380636215,
                    0.1260243058204651,
                    0.9913454055786133
                ]
            ]
        ],
        [
            -0.050753948211669925,
            -0.1102289047241211,
            0.9243583984375,
            null,
            null,
            null,
            [
                [
                    0.9973418116569519,
                    0.0661691203713417,
                    0.03051198460161686
                ],
                [
                    -0.06303179264068604,
                    0.9935449361801147,
                    -0.09431543946266174
                ],
                [
                    -0.03655579686164856,
                    0.09214150160551071,
                    0.9950746893882751
                ]
            ]
        ],
        [
            -0.04834371566772461,
            -0.12801040649414064,
            1.0201395874023438,
            null,
            null,
            null,
            [
                [
                    0.9964510798454285,
                    0.03873142972588539,
                    0.07473403215408325
                ],
                [
                    -0.03456158563494682,
                    0.9978152513504028,
                    -0.05630479380488396
                ],
                [
                    -0.07675152271986008,
                    0.05352204293012619,
                    0.9956126809120178
                ]
            ]
        ],
        [
            -0.04293959426879883,
            -0.1370934295654297,
            1.1043153076171874,
            null,
            null,
            null,
            [
                [
                    0.991339921951294,
                    0.04741232469677925,
                    0.12246298789978027
                ],
                [
                    -0.059197667986154556,
                    0.9937667846679688,
                    0.09446299076080322
                ],
                [
                    -0.117220938205719,
                    -0.10089446604251862,
                    0.9879673719406128
                ]
            ]
        ],
        [
            -0.03171486282348633,
            -0.13329043579101563,
            1.1453853759765624,
            null,
            null,
            null,
            [
                [
                    0.9764479994773865,
                    0.05958501994609833,
                    0.20736181735992432
                ],
                [
                    -0.09564094990491867,
                    0.9810577034950256,
                    0.16845954954624176
                ],
                [
                    -0.19339624047279358,
                    -0.1843242645263672,
                    0.9636505842208862
                ]
            ]
        ],
        [
            -0.018896081924438476,
            -0.12143001556396485,
            1.1594871826171875,
            null,
            null,
            null,
            [
                [
                    0.9872795939445496,
                    0.023432374000549316,
                    0.1572575569152832
                ],
                [
                    -0.05156194046139717,
                    0.9828113317489624,
                    0.1772661954164505
                ],
                [
                    -0.15040074288845062,
                    -0.18311980366706848,
                    0.9715177416801453
                ]
            ]
        ],
        [
            -0.003521179914474487,
            -0.10427884674072266,
            1.1515650634765624,
            null,
            null,
            null,
            [
                [
                    0.9881888628005981,
                    0.04477165266871452,
                    0.146554633975029
                ],
                [
                    -0.05934847146272659,
                    0.9935473203659058,
                    0.09665164351463318
                ],
                [
                    -0.14128170907497406,
                    -0.10420787334442139,
                    0.984469473361969
                ]
            ]
        ],
        [
            0.013339447021484376,
            -0.08775814819335938,
            1.1324163818359374,
            null,
            null,
            null,
            [
                [
                    0.9931243062019348,
                    0.0551607683300972,
                    0.1032542809844017
                ],
                [
                    -0.05572409927845001,
                    0.9984428882598877,
                    0.0025769169442355633
                ],
                [
                    -0.10295135527849197,
                    -0.008312949910759926,
                    0.9946516752243042
                ]
            ]
        ],
        [
            0.02742714500427246,
            -0.07526122283935546,
            1.1106334228515624,
            null,
            null,
            null,
            [
                [
                    0.9953635931015015,
                    0.07108593732118607,
                    0.06479310989379883
                ],
                [
                    -0.06882572919130325,
                    0.9969616532325745,
                    -0.03647499158978462
                ],
                [
                    -0.06718911230564117,
                    0.03184644505381584,
                    0.9972319006919861
                ]
            ]
        ],
        [
            0.036296318054199216,
            -0.05945005798339844,
            1.0856556396484376,
            null,
            null,
            null,
            [
                [
                    0.998102605342865,
                    0.061259083449840546,
                    0.006204305682331324
                ],
                [
                    -0.0608489029109478,
                    0.9967555403709412,
                    -0.05268615484237671
                ],
                [
                    -0.009411681443452835,
                    0.052208662033081055,
                    0.9985918402671814
                ]
            ]
        ],
        [
            0.03837456512451172,
            -0.051166309356689456,
            1.0695604248046875,
            null,
            null,
            null,
            [
                [
                    0.9941115379333496,
                    0.0981949120759964,
                    -0.04582618921995163
                ],
                [
                    -0.10147730261087418,
                    0.9919417500495911,
                    -0.0758545845746994
                ],
                [
                    0.03800837695598602,
                    0.08005823940038681,
                    0.9960652589797974
                ]
            ]
        ],
        [
            0.03239760971069336,
            -0.05052534103393555,
            1.0594779052734375,
            null,
            null,
            null,
            [
                [
                    0.9944766759872437,
                    0.09124813228845596,
                    -0.051863864064216614
                ],
                [
                    -0.09525138884782791,
                    0.9921665191650391,
                    -0.08082590252161026
                ],
                [
                    0.04408237338066101,
                    0.08531958609819412,
                    0.9953779578208923
                ]
            ]
        ],
        [
            0.02184877586364746,
            -0.05410013961791992,
            1.058450927734375,
            null,
            null,
            null,
            [
                [
                    0.9901642203330994,
                    0.1397998034954071,
                    -0.005553143564611673
                ],
                [
                    -0.13983909785747528,
                    0.9876184463500977,
                    -0.07109764963388443
                ],
                [
                    -0.004455050453543663,
                    0.07117489725351334,
                    0.9974539279937744
                ]
            ]
        ],
        [
            0.0156076078414917,
            -0.058818862915039065,
            1.0643160400390625,
            null,
            null,
            null,
            [
                [
                    0.988204836845398,
                    0.11409565806388855,
                    0.10214385390281677
                ],
                [
                    -0.10674728453159332,
                    0.9914728999137878,
                    -0.07474332302808762
                ],
                [
                    -0.10980074852705002,
                    0.06295812875032425,
                    0.9919577240943909
                ]
            ]
        ],
        [
            0.0182168025970459,
            -0.06243422317504883,
            1.0739876708984375,
            null,
            null,
            null,
            [
                [
                    0.9798510074615479,
                    0.10284221917390823,
                    0.17121778428554535
                ],
                [
                    -0.10593725740909576,
                    0.994331955909729,
                    0.009014398790895939
                ],
                [
                    -0.1693202555179596,
                    -0.026971111074090004,
                    0.9851919412612915
                ]
            ]
        ],
        [
            0.027828323364257813,
            -0.06169762420654297,
            1.0838555908203125,
            null,
            null,
            null,
            [
                [
                    0.9776226282119751,
                    0.1111815795302391,
                    0.17858511209487915
                ],
                [
                    -0.11920971423387527,
                    0.9922577738761902,
                    0.03483681380748749
                ],
                [
                    -0.17332926392555237,
                    -0.05534633994102478,
                    0.9833075404167175
                ]
            ]
        ],
        [
            0.04629674911499024,
            -0.06135858154296875,
            1.0901922607421874,
            null,
            null,
            null,
            [
                [
                    0.9780032634735107,
                    0.12843865156173706,
                    0.16435672342777252
                ],
                [
                    -0.13558779656887054,
                    0.9902157187461853,
                    0.03299735486507416
                ],
                [
                    -0.1585104763507843,
                    -0.054556287825107574,
                    0.9858489036560059
                ]
            ]
        ],
        [
            0.06620816040039063,
            -0.054136714935302734,
            1.09041064453125,
            null,
            null,
            null,
            [
                [
                    0.9867061972618103,
                    0.12472504377365112,
                    0.10418528318405151
                ],
                [
                    -0.13126696646213531,
                    0.9896214604377747,
                    0.05846654251217842
                ],
                [
                    -0.09581175446510315,
                    -0.07136538624763489,
                    0.9928379058837891
                ]
            ]
        ],
        [
            0.07654667663574219,
            -0.051302928924560544,
            1.086970703125,
            null,
            null,
            null,
            [
                [
                    0.9946840405464172,
                    0.10292224586009979,
                    -0.0032606099266558886
                ],
                [
                    -0.10290837287902832,
                    0.9946820735931396,
                    0.004170478321611881
                ],
                [
                    0.0036725052632391453,
                    -0.0038127645384520292,
                    0.9999859929084778
                ]
            ]
        ],
        [
            0.07844875335693359,
            -0.049661243438720706,
            1.0787340087890624,
            null,
            null,
            null,
            [
                [
                    0.9900546669960022,
                    0.1052778959274292,
                    -0.09331811964511871
                ],
                [
                    -0.11014026403427124,
                    0.992728590965271,
                    -0.04857054725289345
                ],
                [
                    0.08752616494894028,
                    0.058365583419799805,
                    0.9944509267807007
                ]
            ]
        ],
        [
            0.06512051391601563,
            -0.05141851043701172,
            1.065941650390625,
            null,
            null,
            null,
            [
                [
                    0.9878034591674805,
                    0.08416635543107986,
                    -0.1309974193572998
                ],
                [
                    -0.09477905929088593,
                    0.992516040802002,
                    -0.07699865102767944
                ],
                [
                    0.12353634834289551,
                    0.08847534656524658,
                    0.9883880019187927
                ]
            ]
        ],
        [
            0.03790731430053711,
            -0.05605146026611328,
            1.058834228515625,
            null,
            null,
            null,
            [
                [
                    0.987856924533844,
                    0.10804612189531326,
                    -0.11164581775665283
                ],
                [
                    -0.11594638228416443,
                    0.9910027384757996,
                    -0.06685815006494522
                ],
                [
                    0.1034175455570221,
                    0.07899121195077896,
                    0.9914964437484741
                ]
            ]
        ],
        [
            0.010252410888671876,
            -0.06599070739746093,
            1.055678466796875,
            null,
            null,
            null,
            [
                [
                    0.9936668872833252,
                    0.11231489479541779,
                    -0.003381195478141308
                ],
                [
                    -0.11208775639533997,
                    0.9886440634727478,
                    -0.10009624063968658
                ],
                [
                    -0.007899499498307705,
                    0.09984131157398224,
                    0.9949719905853271
                ]
            ]
        ],
        [
            -0.007956281185150146,
            -0.07054792022705078,
            1.0572484130859374,
            null,
            null,
            null,
            [
                [
                    0.9878696799278259,
                    0.09769298136234283,
                    0.12070447206497192
                ],
                [
                    -0.09680097550153732,
                    0.9952155947685242,
                    -0.013245836831629276
                ],
                [
                    -0.12142100185155869,
                    0.0014008496655151248,
                    0.9926000833511353
                ]
            ]
        ],
        [
            -0.010783964157104493,
            -0.06841102600097657,
            1.06179736328125,
            null,
            null,
            null,
            [
                [
                    0.9716621041297913,
                    0.10116645693778992,
                    0.213630810379982
                ],
                [
                    -0.10702475905418396,
                    0.9941275119781494,
                    0.01600680872797966
                ],
                [
                    -0.21075689792633057,
                    -0.03841699659824371,
                    0.9767833352088928
                ]
            ]
        ],
        [
            0.00265948224067688,
            -0.06672116088867187,
            1.0653111572265626,
            null,
            null,
            null,
            [
                [
                    0.9675593376159668,
                    0.09172187745571136,
                    0.23540610074996948
                ],
                [
                    -0.10162379592657089,
                    0.9943627119064331,
                    0.030255086719989777
                ],
                [
                    -0.23130400478839874,
                    -0.05319645255804062,
                    0.9714260697364807
                ]
            ]
        ],
        [
            0.027534271240234377,
            -0.05623307800292969,
            1.065058837890625,
            null,
            null,
            null,
            [
                [
                    0.9748097062110901,
                    0.07708215713500977,
                    0.20929506421089172
                ],
                [
                    -0.08990658074617386,
                    0.9945679306983948,
                    0.05245401710271835
                ],
                [
                    -0.2041148990392685,
                    -0.0699496865272522,
                    0.976444661617279
                ]
            ]
        ],
        [
            0.05260453414916992,
            -0.047940567016601564,
            1.06539111328125,
            null,
            null,
            null,
            [
                [
                    0.9884253144264221,
                    0.10965761542320251,
                    0.10483614355325699
                ],
                [
                    -0.10855159908533096,
                    0.9939585328102112,
                    -0.016215601935982704
                ],
                [
                    -0.10598094761371613,
                    0.004647780209779739,
                    0.9943572878837585
                ]
            ]
        ],
        [
            0.0695904541015625,
            -0.04346040725708008,
            1.063392333984375,
            null,
            null,
            null,
            [
                [
                    0.992522120475769,
                    0.11984509229660034,
                    -0.02317393571138382
                ],
                [
                    -0.12057225406169891,
                    0.9921543598175049,
                    -0.033045731484889984
                ],
                [
                    0.01903175190091133,
                    0.03559275344014168,
                    0.9991851449012756
                ]
            ]
        ],
        [
            0.07250535583496094,
            -0.03987744140625,
            1.0581138916015624,
            null,
            null,
            null,
            [
                [
                    0.9843493700027466,
                    0.0954618901014328,
                    -0.14813274145126343
                ],
                [
                    -0.10370518267154694,
                    0.9934031963348389,
                    -0.048942532390356064
                ],
                [
                    0.14248338341712952,
                    0.06353868544101715,
                    0.9877557158470154
                ]
            ]
        ],
        [
            0.0505795669555664,
            -0.04046931838989258,
            1.0546279296875,
            null,
            null,
            null,
            [
                [
                    0.9734749794006348,
                    0.10686274617910385,
                    -0.2023036926984787
                ],
                [
                    -0.12487193197011948,
                    0.9890687465667725,
                    -0.0784221962094307
                ],
                [
                    0.19171184301376343,
                    0.10160409659147263,
                    0.9761778116226196
                ]
            ]
        ],
        [
            0.01794081497192383,
            -0.04690385055541992,
            1.0497005615234376,
            null,
            null,
            null,
            [
                [
                    0.9841629862785339,
                    0.11849957704544067,
                    -0.1318371295928955
                ],
                [
                    -0.13046787679195404,
                    0.987701416015625,
                    -0.08616284281015396
                ],
                [
                    0.12000545859336853,
                    0.10199879854917526,
                    0.9875195622444153
                ]
            ]
        ],
        [
            -0.015147942543029785,
            -0.05113646697998047,
            1.04954345703125,
            null,
            null,
            null,
            [
                [
                    0.9926906228065491,
                    0.12014874815940857,
                    0.011385474354028702
                ],
                [
                    -0.119612917304039,
                    0.9920262694358826,
                    -0.03970731794834137
                ],
                [
                    -0.01606547273695469,
                    0.03805523365736008,
                    0.9991464614868164
                ]
            ]
        ],
        [
            -0.03532328414916992,
            -0.05280729293823242,
            1.055250244140625,
            null,
            null,
            null,
            [
                [
                    0.9824249148368835,
                    0.10411757975816727,
                    0.15492190420627594
                ],
                [
                    -0.10075386613607407,
                    0.9944760203361511,
                    -0.029429813846945763
                ],
                [
                    -0.15713027119636536,
                    0.013303602114319801,
                    0.9874882698059082
                ]
            ]
        ],
        [
            -0.03585148239135742,
            -0.04644490432739258,
            1.0598878173828126,
            null,
            null,
            null,
            [
                [
                    0.9592549800872803,
                    0.07927601039409637,
                    0.27119213342666626
                ],
                [
                    -0.09871576726436615,
                    0.993377685546875,
                    0.058787014335393906
                ],
                [
                    -0.2647358179092407,
                    -0.08316268026828766,
                    0.9607283473014832
                ]
            ]
        ],
        [
            -0.01824956512451172,
            -0.03649512481689453,
            1.0595303955078126,
            null,
            null,
            null,
            [
                [
                    0.9546405076980591,
                    0.07550787925720215,
                    0.28802788257598877
                ],
                [
                    -0.0912829339504242,
                    0.9949507713317871,
                    0.041717369109392166
                ],
                [
                    -0.2834235727787018,
                    -0.06611712276935577,
                    0.9567129015922546
                ]
            ]
        ],
        [
            0.009921393394470214,
            -0.029444890975952147,
            1.0577769775390624,
            null,
            null,
            null,
            [
                [
                    0.9715825319290161,
                    0.08799362182617188,
                    0.21973732113838196
                ],
                [
                    -0.08666785806417465,
                    0.9961137771606445,
                    -0.015685444697737694
                ],
                [
                    -0.22026360034942627,
                    -0.0038044597022235394,
                    0.9754329919815063
                ]
            ]
        ],
        [
            0.039400543212890625,
            -0.018993247985839845,
            1.0562137451171876,
            null,
            null,
            null,
            [
                [
                    0.9872865080833435,
                    0.10324044525623322,
                    0.12085825949907303
                ],
                [
                    -0.10126801580190659,
                    0.9946077466011047,
                    -0.022366661578416824
                ],
                [
                    -0.1225157082080841,
                    0.009843227453529835,
                    0.9924177527427673
                ]
            ]
        ],
        [
            0.05809927749633789,
            -0.012100799560546875,
            1.0554971923828125,
            null,
            null,
            null,
            [
                [
                    0.9977360963821411,
                    0.044694703072309494,
                    -0.05025045946240425
                ],
                [
                    -0.04721955582499504,
                    0.9976205825805664,
                    -0.05023431032896042
                ],
                [
                    0.04788568615913391,
                    0.0524933859705925,
                    0.9974725246429443
                ]
            ]
        ],
        [
            0.05841924667358398,
            -0.01355194854736328,
            1.051447265625,
            null,
            null,
            null,
            [
                [
                    0.9875754117965698,
                    0.0579197034239769,
                    -0.14608240127563477
                ],
                [
                    -0.06933946907520294,
                    0.9948201775550842,
                    -0.07432972639799118
                ],
                [
                    0.14102056622505188,
                    0.08353548496961594,
                    0.9864760637283325
                ]
            ]
        ],
        [
            0.03590817260742187,
            -0.013419490814208984,
            1.0405255126953126,
            null,
            null,
            null,
            [
                [
                    0.9734463095664978,
                    0.06450704485177994,
                    -0.21963851153850555
                ],
                [
                    -0.08020830899477005,
                    0.9947643876075745,
                    -0.06332757323980331
                ],
                [
                    0.21440351009368896,
                    0.07926283031702042,
                    0.9735237956047058
                ]
            ]
        ],
        [
            0.0006051940321922302,
            -0.015347689628601073,
            1.03513037109375,
            null,
            null,
            null,
            [
                [
                    0.981806755065918,
                    0.08189486712217331,
                    -0.1713145524263382
                ],
                [
                    -0.09381832927465439,
                    0.9936136603355408,
                    -0.0626894161105156
                ],
                [
                    0.1650865525007248,
                    0.07762134075164795,
                    0.9832199215888977
                ]
            ]
        ],
        [
            -0.04020367431640625,
            -0.020284603118896485,
            1.033447021484375,
            null,
            null,
            null,
            [
                [
                    0.9962645173072815,
                    0.07716286927461624,
                    -0.03876757249236107
                ],
                [
                    -0.07977313548326492,
                    0.9942790269851685,
                    -0.0710316002368927
                ],
                [
                    0.03306478261947632,
                    0.07385887205600739,
                    0.9967204332351685
                ]
            ]
        ],
        [
            -0.07226914978027343,
            -0.019635913848876953,
            1.0404635009765626,
            null,
            null,
            null,
            [
                [
                    0.9489027261734009,
                    0.29165446758270264,
                    0.12050439417362213
                ],
                [
                    -0.2888838052749634,
                    0.95651775598526,
                    -0.04024795442819595
                ],
                [
                    -0.12700308859348297,
                    0.003379623405635357,
                    0.9918965697288513
                ]
            ]
        ],
        [
            -0.08119267272949218,
            -0.014509383201599122,
            1.0565048828125,
            null,
            null,
            null,
            [
                [
                    0.8033339977264404,
                    0.5562226176261902,
                    0.21276947855949402
                ],
                [
                    -0.5615124702453613,
                    0.8264753818511963,
                    -0.040523938834667206
                ],
                [
                    -0.19838906824588776,
                    -0.08691845834255219,
                    0.9762617349624634
                ]
            ]
        ],
        [
            -0.07082514190673828,
            -0.008852197647094726,
            1.0795045166015624,
            null,
            null,
            null,
            [
                [
                    0.68882155418396,
                    0.6725608110427856,
                    0.2705305814743042
                ],
                [
                    -0.7021514177322388,
                    0.7117941975593567,
                    0.018231365829706192
                ],
                [
                    -0.18030039966106415,
                    -0.20251157879829407,
                    0.9625387191772461
                ]
            ]
        ],
        [
            -0.04833341217041016,
            -0.006455652713775635,
            1.0971649169921875,
            null,
            null,
            null,
            [
                [
                    0.6799095869064331,
                    0.7115339636802673,
                    0.17731983959674835
                ],
                [
                    -0.7140635251998901,
                    0.6974468231201172,
                    -0.06067267060279846
                ],
                [
                    -0.16684181988239288,
                    -0.08536569774150848,
                    0.9822812676429749
                ]
            ]
        ],
        [
            -0.025555017471313477,
            -0.007744942665100098,
            1.1097698974609376,
            null,
            null,
            null,
            [
                [
                    0.6885837912559509,
                    0.7207427024841309,
                    0.079889215528965
                ],
                [
                    -0.7162424921989441,
                    0.6932002305984497,
                    -0.08043684810400009
                ],
                [
                    -0.11335349828004837,
                    -0.001832539215683937,
                    0.9935530424118042
                ]
            ]
        ],
        [
            -0.006265801906585693,
            -0.0037996680736541747,
            1.1189022216796876,
            null,
            null,
            null,
            [
                [
                    0.6602383852005005,
                    0.75103759765625,
                    -0.0052696154452860355
                ],
                [
                    -0.7500219941139221,
                    0.6589450836181641,
                    -0.05708220228552818
                ],
                [
                    -0.039398495107889175,
                    0.04164018854498863,
                    0.9983555674552917
                ]
            ]
        ],
        [
            0.005931698799133301,
            0.0022825684547424317,
            1.12302734375,
            null,
            null,
            null,
            [
                [
                    0.6503491997718811,
                    0.7557392716407776,
                    -0.07683824747800827
                ],
                [
                    -0.7590097188949585,
                    0.6505852341651917,
                    -0.025359267368912697
                ],
                [
                    0.030824832618236542,
                    0.0748133510351181,
                    0.9967210292816162
                ]
            ]
        ],
        [
