{
    "radius": 0.7,
    "angular_speed": 12,
    "save_freq": 0.1,
    "pid_gains": {
        "pid_rate": {
            "roll_kp": "50.0",
            "roll_ki": "0.0",
            "roll_kd": "0.0",
            "pitch_kp": "50.0",
            "pitch_ki": "0.0",
            "pitch_kd": "0.0",
            "yaw_kp": "80.0",
            "yaw_ki": "0.0",
            "yaw_kd": "0.0"
        },
        "pid_attitude": {
            "roll_kp": "10.0",
            "roll_ki": "0.5",
            "roll_kd": "0.5",
            "pitch_kp": "13.0",
            "pitch_ki": "0.5",
            "pitch_kd": "1.5",
            "yaw_kp": "8.0",
            "yaw_ki": "0.5",
            "yaw_kd": "0.5"
        },
        "velCtlPid": {
            "vxKp": "15.0",
            "vxKi": "1.0",
            "vxKd": "0.0",
            "vyKp": "10.0",
            "vyKi": "1.0",
            "vyKd": "0.0",
            "vzKp": "12.5",
            "vzKi": "0.5",
            "vzKd": "0.0"
        },
        "posCtlPid": {
            "xKp": "1.5",
            "xKi": "0.20000000298023224",
            "xKd": "0.20000000298023224",
            "yKp": "1.5",
            "yKi": "0.20000000298023224",
            "yKd": "0.20000000298023224",
            "zKp": "5.0",
            "zKi": "0.5",
            "zKd": "0.0"
        }
    },
    "pose": [
        [
            0.057289703369140625,
            0.034826255798339846,
            0.2599856567382812,
            null,
            null,
            null,
            [
                [
                    0.9971858263015747,
                    0.021607015281915665,
                    0.07178860902786255
                ],
                [
                    -0.023293007165193558,
                    0.9994702339172363,
                    0.02273184061050415
                ],
                [
                    -0.07125940918922424,
                    -0.024340040981769562,
                    0.997160792350769
                ]
            ]
        ],
        [
            0.057371612548828124,
            0.03481319808959961,
            0.26004571533203125,
            null,
            null,
            null,
            [
                [
                    0.997136652469635,
                    0.014784612692892551,
                    0.07416175305843353
                ],
                [
                    -0.016474133357405663,
                    0.999617338180542,
                    0.02222178503870964
                ],
                [
                    -0.0738048329949379,
                    -0.02337990514934063,
                    0.9969986081123352
                ]
            ]
        ],
        [
            0.05606148147583008,
            0.03455744171142578,
            0.27642648315429685,
            null,
            null,
            null,
            [
                [
                    0.9988231658935547,
                    0.01639634557068348,
                    0.04564421996474266
                ],
                [
                    -0.014953749254345894,
                    0.9993833303451538,
                    -0.0317692831158638
                ],
                [
                    -0.046136971563100815,
                    0.031049344688653946,
                    0.9984524846076965
                ]
            ]
        ],
        [
            0.052835533142089844,
            0.03231878662109375,
            0.35887725830078127,
            null,
            null,
            null,
            [
                [
                    0.9994045495986938,
                    0.027482513338327408,
                    0.020862020552158356
                ],
                [
                    -0.027273796498775482,
                    0.9995757341384888,
                    -0.010224191471934319
                ],
                [
                    -0.021134154871106148,
                    0.009649117477238178,
                    0.999730110168457
                ]
            ]
        ],
        [
            0.04159843444824219,
            0.0325848274230957,
            0.4687010498046875,
            null,
            null,
            null,
            [
                [
                    0.9989921450614929,
                    0.03683879226446152,
                    0.025643030181527138
                ],
                [
                    -0.03588387370109558,
                    0.9986799359321594,
                    -0.03675286844372749
                ],
                [
                    -0.026963111013174057,
                    0.035795655101537704,
                    0.998995304107666
                ]
            ]
        ],
        [
            0.026594161987304688,
            0.021228658676147462,
            0.5875331420898438,
            null,
            null,
            null,
            [
                [
                    0.9985740780830383,
                    0.05273425951600075,
                    0.008299148641526699
                ],
                [
                    -0.05179949477314949,
                    0.9947546720504761,
                    -0.08820383995771408
                ],
                [
                    -0.012906980700790882,
                    0.0876481756567955,
                    0.9960678815841675
                ]
            ]
        ],
        [
            0.009595671653747558,
            0.004103303909301758,
            0.7119668579101562,
            null,
            null,
            null,
            [
                [
                    0.9988833665847778,
                    0.0007225981680676341,
                    0.04723845794796944
                ],
                [
                    0.004700615536421537,
                    0.9934014081954956,
                    -0.11459299921989441
                ],
                [
                    -0.047009557485580444,
                    0.11468709260225296,
                    0.9922887682914734
                ]
            ]
        ],
        [
            -0.006974715232849121,
            -0.009620936393737792,
            0.8326749877929688,
            null,
            null,
            null,
            [
                [
                    0.9986638426780701,
                    -0.032117635011672974,
                    -0.04048480466008186
                ],
                [
                    0.030099142342805862,
                    0.9983195662498474,
                    -0.049518272280693054
                ],
                [
                    0.04200718179345131,
                    0.048233550041913986,
                    0.9979523420333862
                ]
            ]
        ],
        [
            -0.02059850311279297,
            -0.02580657958984375,
            0.958737060546875,
            null,
            null,
            null,
            [
                [
                    0.9928060173988342,
                    0.014316465705633163,
                    0.11887501925230026
                ],
                [
                    -0.01101794932037592,
                    0.9995371103286743,
                    -0.028358791023492813
                ],
                [
                    -0.11922599375247955,
                    0.026845017448067665,
                    0.9925041794776917
                ]
            ]
        ],
        [
            -0.02778955841064453,
            -0.024147443771362305,
            1.0659532470703126,
            null,
            null,
            null,
            [
                [
                    0.9889564514160156,
                    0.0400054045021534,
                    0.14270509779453278
                ],
                [
                    -0.03871753811836243,
                    0.9991806149482727,
                    -0.011791214346885681
                ],
                [
                    -0.1430598795413971,
                    0.006135806441307068,
                    0.9896950125694275
                ]
            ]
        ],
        [
            -0.024144311904907227,
            -0.017777088165283204,
            1.1396815185546876,
            null,
            null,
            null,
            [
                [
                    0.9858635067939758,
                    0.01934930868446827,
                    0.1664295643568039
                ],
                [
                    -0.03825196996331215,
                    0.9930689930915833,
                    0.11113423854112625
                ],
                [
                    -0.1631256639957428,
                    -0.11592944711446762,
                    0.9797706007957458
                ]
            ]
        ],
        [
            -0.01620433235168457,
            -0.008697184562683105,
            1.17166796875,
            null,
            null,
            null,
            [
                [
                    0.9850432872772217,
                    0.022446654736995697,
                    0.1708386391401291
                ],
                [
                    -0.03827282786369324,
                    0.9952136874198914,
                    0.08991628140211105
                ],
                [
                    -0.1680026352405548,
                    -0.09510990977287292,
                    0.981187641620636
                ]
            ]
        ],
        [
            -0.005582544326782226,
            0.0038367798328399656,
            1.1711109619140625,
            null,
            null,
            null,
            [
                [
                    0.9888419508934021,
                    0.041622281074523926,
                    0.1430356204509735
                ],
                [
                    -0.04516845569014549,
                    0.9987450838088989,
                    0.021633882075548172
                ],
                [
                    -0.1419556736946106,
                    -0.027853187173604965,
                    0.9894810914993286
                ]
            ]
        ],
        [
            0.0033849992752075196,
            0.015804025650024416,
            1.1543287353515626,
            null,
            null,
            null,
            [
                [
                    0.9937187433242798,
                    0.05454950034618378,
                    0.09771084040403366
                ],
                [
                    -0.05038954317569733,
                    0.9977355599403381,
                    -0.04454921931028366
                ],
                [
                    -0.09991971403360367,
                    0.039345789700746536,
                    0.9942172765731812
                ]
            ]
        ],
        [
            0.01083743953704834,
            0.021163972854614257,
            1.132314453125,
            null,
            null,
            null,
            [
                [
                    0.99550461769104,
                    0.07462876290082932,
                    0.05831848829984665
                ],
                [
                    -0.0677109882235527,
                    0.9913161396980286,
                    -0.11272748559713364
                ],
                [
                    -0.06622477620840073,
                    0.10827193409204483,
                    0.9919130206108093
                ]
            ]
        ],
        [
            0.012020207405090333,
            0.028153072357177733,
            1.110591064453125,
            null,
            null,
            null,
            [
                [
                    0.9973931312561035,
                    0.07215858995914459,
                    -0.00024069088976830244
                ],
                [
                    -0.0719987154006958,
                    0.9949501156806946,
                    -0.06993158161640167
                ],
                [
                    -0.004806688521057367,
                    0.06976661086082458,
                    0.9975517392158508
                ]
            ]
        ],
        [
            0.004634343147277832,
            0.028047948837280273,
            1.0958096923828125,
            null,
            null,
            null,
            [
                [
                    0.9937852621078491,
                    0.10636869072914124,
                    -0.03281060606241226
                ],
                [
                    -0.10896741598844528,
                    0.9898185729980469,
                    -0.09157131612300873
                ],
                [
                    0.02273622527718544,
                    0.09457751363515854,
                    0.9952578544616699
                ]
            ]
        ],
        [
            -0.012102160453796387,
            0.024002727508544923,
            1.0885628662109375,
            null,
            null,
            null,
            [
                [
                    0.9939246773719788,
                    0.10435429960489273,
                    -0.03498372808098793
                ],
                [
                    -0.10687392204999924,
                    0.9910315275192261,
                    -0.08021529018878937
                ],
                [
                    0.026299165561795235,
                    0.08346680551767349,
                    0.9961634874343872
                ]
            ]
        ],
        [
            -0.03222407531738281,
            0.01555392074584961,
            1.090335205078125,
            null,
            null,
            null,
            [
                [
                    0.9961863160133362,
                    0.08656822144985199,
                    0.010897544212639332
                ],
                [
                    -0.08555999398231506,
                    0.9936987161636353,
                    -0.07240427285432816
                ],
                [
                    -0.017096783965826035,
                    0.07119575142860413,
                    0.9973158240318298
                ]
            ]
        ],
        [
            -0.053199527740478515,
            0.010842648506164551,
            1.098881591796875,
            null,
            null,
            null,
            [
                [
                    0.9919024109840393,
                    0.09153565019369125,
                    0.0880386084318161
                ],
                [
                    -0.08837109804153442,
                    0.9953158497810364,
                    -0.0392029769718647
                ],
                [
                    -0.09121469408273697,
                    0.031105460599064827,
                    0.9953453540802002
                ]
            ]
        ],
        [
            -0.0646759033203125,
            0.005415016651153564,
            1.105468017578125,
            null,
            null,
            null,
            [
                [
                    0.9753406047821045,
                    0.0928741917014122,
                    0.20021261274814606
                ],
                [
                    -0.08985480666160583,
                    0.9956623911857605,
                    -0.02413581870496273
                ],
                [
                    -0.20158575475215912,
                    0.00555057916790247,
                    0.9794551134109497
                ]
            ]
        ],
        [
            -0.060699108123779294,
            0.003012850284576416,
            1.1090089111328125,
            null,
            null,
            null,
            [
                [
                    0.9591761827468872,
                    0.06703747063875198,
                    0.2747490704059601
                ],
                [
                    -0.06736502796411514,
                    0.9976942539215088,
                    -0.008254701271653175
                ],
                [
                    -0.27466893196105957,
                    -0.010590764693915844,
                    0.9614805579185486
                ]
            ]
        ],
        [
            -0.04593653869628906,
            0.006424684047698975,
            1.108343017578125,
            null,
            null,
            null,
            [
                [
                    0.9601598381996155,
                    0.09514053910970688,
                    0.262757271528244
                ],
                [
                    -0.0911671370267868,
                    0.9954612851142883,
                    -0.027301616966724396
                ],
                [
                    -0.26416218280792236,
                    0.002259088447317481,
                    0.9644756317138672
                ]
            ]
        ],
        [
            -0.023279569625854493,
            0.005194952011108398,
            1.10317919921875,
            null,
            null,
            null,
            [
                [
                    0.9721114039421082,
                    0.08040906488895416,
                    0.22030387818813324
                ],
                [
                    -0.06591038405895233,
                    0.9951953291893005,
                    -0.07240224629640579
                ],
                [
                    -0.22506718337535858,
                    0.05586273595690727,
                    0.9727405309677124
                ]
            ]
        ],
        [
            -0.0003239491879940033,
            0.006075266361236572,
            1.1004637451171875,
            null,
            null,
            null,
            [
                [
                    0.9831913113594055,
                    0.11656609177589417,
                    0.14052478969097137
                ],
                [
                    -0.11057016253471375,
                    0.9926212430000305,
                    -0.04977309703826904
                ],
                [
                    -0.14528973400592804,
                    0.03339862450957298,
                    0.988825261592865
                ]
            ]
        ],
        [
            0.013855302810668945,
            0.0008512393832206726,
            1.0993419189453124,
            null,
            null,
            null,
            [
                [
                    0.9907538890838623,
                    0.13176296651363373,
                    0.03233027458190918
                ],
                [
                    -0.12800677120685577,
                    0.9868144989013672,
                    -0.09905245155096054
                ],
                [
                    -0.044955428689718246,
                    0.09399811178445816,
                    0.9945568442344666
                ]
            ]
        ],
        [
            0.015603130340576171,
            -0.0037497963905334473,
            1.0996435546875,
            null,
            null,
            null,
            [
                [
                    0.9935188293457031,
                    0.10914015024900436,
                    -0.03176117688417435
                ],
                [
                    -0.11084508895874023,
                    0.9921396374702454,
                    -0.05807127431035042
                ],
                [
                    0.025173615664243698,
                    0.06121547520160675,
                    0.9978070855140686
                ]
            ]
        ],
        [
            0.005711510181427002,
            -0.003724168300628662,
            1.0995245361328125,
            null,
            null,
            null,
            [
                [
                    0.9947585463523865,
                    0.08103650063276291,
                    -0.062358319759368896
                ],
                [
                    -0.08231882750988007,
                    0.9964385032653809,
                    -0.018272968009114265
                ],
                [
                    0.06065545231103897,
                    0.023310456424951553,
                    0.9978865385055542
                ]
            ]
        ],
        [
            -0.013731870651245117,
            -0.005021268844604492,
            1.098212646484375,
            null,
            null,
            null,
            [
                [
                    0.9973266124725342,
                    0.07266802340745926,
                    -0.007676689885556698
                ],
                [
                    -0.07301133126020432,
                    0.9952725768089294,
                    -0.06404578685760498
                ],
                [
                    0.0029863181989639997,
                    0.06443505734205246,
                    0.9979174137115479
                ]
            ]
        ],
        [
            -0.033928077697753904,
            -0.0037099719047546387,
            1.0945767822265624,
            null,
            null,
            null,
            [
                [
                    0.9938768744468689,
                    0.06778281927108765,
                    0.08725979179143906
                ],
                [
                    -0.06699606776237488,
                    0.9976820945739746,
                    -0.01191683579236269
                ],
                [
                    -0.08786528557538986,
                    0.005997803993523121,
                    0.9961143136024475
                ]
            ]
        ],
        [
            -0.04706470489501953,
            0.0001363765299320221,
            1.0896893310546876,
            null,
            null,
            null,
            [
                [
                    0.984576940536499,
                    0.048198163509368896,
                    0.168181911110878
                ],
                [
                    -0.04464158043265343,
                    0.9986935257911682,
                    -0.024866655468940735
                ],
                [
                    -0.16916070878505707,
                    0.01697522960603237,
                    0.9854422807693481
                ]
            ]
        ],
        [
            -0.05021729278564453,
            1.641688635572791e-06,
            1.0852777099609374,
            null,
            null,
            null,
            [
                [
                    0.9733247756958008,
                    0.03101169690489769,
                    0.22732608020305634
                ],
                [
                    -0.01877136528491974,
                    0.9982649087905884,
                    -0.05581081286072731
                ],
                [
                    -0.2286624312400818,
                    0.050054825842380524,
                    0.9722180962562561
                ]
            ]
        ],
        [
            -0.042183631896972655,
            0.0068361496925354,
            1.0787232666015625,
            null,
            null,
            null,
            [
                [
                    0.9681121110916138,
                    0.03418339788913727,
                    0.2481742650270462
                ],
                [
                    -0.022098664194345474,
                    0.9984378218650818,
                    -0.05131882429122925
                ],
                [
                    -0.24954082071781158,
                    0.04419805482029915,
                    0.9673551321029663
                ]
            ]
        ],
        [
            -0.0218560791015625,
            0.010558793067932129,
            1.0720289306640625,
            null,
            null,
            null,
            [
                [
                    0.9705756306648254,
                    -0.0032922227401286364,
                    0.24077387154102325
                ],
                [
                    0.018796339631080627,
                    0.997891366481781,
                    -0.06212463229894638
                ],
                [
                    -0.24006164073944092,
                    0.06482232362031937,
                    0.9685909748077393
                ]
            ]
        ],
        [
            0.0019270535707473755,
            0.010644420623779297,
            1.067653076171875,
            null,
            null,
            null,
            [
                [
                    0.9849721193313599,
                    -0.0040330663323402405,
                    0.17266640067100525
                ],
                [
                    0.010019461624324322,
                    0.999377965927124,
                    -0.03381279110908508
                ],
                [
                    -0.1724226325750351,
                    0.03503468260169029,
                    0.9843997955322266
                ]
            ]
        ],
        [
            0.018080978393554686,
            0.010341927528381348,
            1.0663023681640624,
            null,
            null,
            null,
            [
                [
                    0.9970578551292419,
                    -0.001665120362304151,
                    0.07663463801145554
                ],
                [
                    0.005619390867650509,
                    0.9986616969108582,
                    -0.05141233280301094
                ],
                [
                    -0.07644647359848022,
                    0.05169171094894409,
                    0.995732843875885
                ]
            ]
        ],
        [
            0.026952722549438476,
            0.004240514755249024,
            1.0692584228515625,
            null,
            null,
            null,
            [
                [
                    0.999864399433136,
                    -0.0002965019957628101,
                    0.01646481826901436
                ],
                [
                    0.0014018912333995104,
                    0.9977408647537231,
                    -0.06716557592153549
                ],
                [
                    -0.016407707706093788,
                    0.06717955321073532,
                    0.9976059794425964
                ]
            ]
        ],
        [
            0.02685360336303711,
            0.004180987358093261,
            1.0715655517578124,
            null,
            null,
            null,
            [
                [
                    0.9999096393585205,
                    0.0017478514928370714,
                    -0.013330898247659206
                ],
                [
                    -0.0022297047544270754,
                    0.9993414878845215,
                    -0.036216817796230316
                ],
                [
                    0.013258817605674267,
                    0.036243267357349396,
                    0.9992550611495972
                ]
            ]
        ],
        [
            0.015635266304016113,
            0.000577890932559967,
            1.074014404296875,
            null,
            null,
            null,
            [
                [
                    0.9999539852142334,
                    -0.0017702521290630102,
                    -0.00942895095795393
                ],
                [
                    0.0012824282748624682,
                    0.9986724853515625,
                    -0.05149384215474129
                ],
                [
                    0.009507590904831886,
                    0.05147938057780266,
                    0.9986287951469421
                ]
            ]
        ],
        [
            0.0024994511604309083,
            -0.0013311173915863037,
            1.07529736328125,
            null,
            null,
            null,
            [
                [
                    0.99823397397995,
                    0.01836972124874592,
                    0.05649320036172867
                ],
                [
                    -0.01656530238687992,
                    0.9993427395820618,
                    -0.032244596630334854
                ],
                [
                    -0.05704839527606964,
                    0.03125182166695595,
                    0.9978821873664856
                ]
            ]
        ],
        [
            -0.0012905720472335814,
            -0.002447517156600952,
            1.0755975341796875,
            null,
            null,
            null,
            [
                [
                    0.9904312491416931,
                    0.031175464391708374,
                    0.13443949818611145
                ],
                [
                    -0.02490060031414032,
                    0.9985318183898926,
                    -0.04810609668493271
                ],
                [
                    -0.13574184477329254,
                    0.04429815709590912,
                    0.9897534251213074
                ]
            ]
        ],
        [
            0.00023323562741279602,
            -0.007573757171630859,
            1.075350341796875,
            null,
            null,
            null,
            [
                [
                    0.9826324582099915,
                    -0.00259343720972538,
                    0.18554428219795227
                ],
                [
                    0.013832271099090576,
                    0.9981441497802734,
                    -0.059303443878889084
                ],
                [
                    -0.18504613637924194,
                    0.06083998829126358,
                    0.9808447360992432
                ]
            ]
        ],
        [
            0.008223087310791015,
            -0.007016461372375488,
            1.0719676513671874,
            null,
            null,
            null,
            [
                [
                    0.9773937463760376,
                    0.022870711982250214,
                    0.21018660068511963
                ],
                [
                    -0.010333268903195858,
                    0.998111367225647,
                    -0.06055498495697975
                ],
                [
                    -0.21117456257343292,
                    0.05701414868235588,
                    0.9757841229438782
                ]
            ]
        ],
        [
            0.02757545471191406,
            -0.009356642723083496,
            1.0693531494140625,
            null,
            null,
            null,
            [
                [
                    0.9800381064414978,
                    0.053914427757263184,
                    0.19135981798171997
                ],
                [
                    -0.039265308529138565,
                    0.9960581660270691,
                    -0.07953817397356033
                ],
                [
                    -0.1948937624692917,
                    0.07043664157390594,
                    0.978291928768158
                ]
            ]
        ],
        [
            0.04742624282836914,
            -0.017449758529663087,
            1.06836279296875,
            null,
            null,
            null,
            [
                [
                    0.9878715872764587,
                    0.03719154745340347,
                    0.1507531851530075
                ],
                [
                    -0.023586800321936607,
                    0.9955670237541199,
                    -0.09104914218187332
                ],
                [
                    -0.15347115695476532,
                    0.08638907223939896,
                    0.9843696355819702
                ]
            ]
        ],
        [
            0.06412275695800781,
            -0.028576692581176757,
            1.0642852783203125,
            null,
            null,
            null,
            [
                [
                    0.9955334067344666,
                    0.04198605194687843,
                    0.08455988019704819
                ],
                [
                    -0.03596329689025879,
                    0.9967898726463318,
                    -0.07153047621250153
                ],
                [
                    -0.08729171007871628,
                    0.06816992908716202,
                    0.9938476085662842
                ]
            ]
        ],
        [
            0.07203267669677735,
            -0.03863019180297852,
            1.062506591796875,
            null,
            null,
            null,
            [
                [
                    0.999108612537384,
                    0.02533646859228611,
                    0.03376418724656105
                ],
                [
                    -0.02431912161409855,
                    0.9992477297782898,
                    -0.03020847961306572
                ],
                [
                    -0.03450416401028633,
                    0.029360437765717506,
                    0.9989731907844543
                ]
            ]
        ],
        [
            0.06997824096679688,
            -0.05423007965087891,
            1.058049072265625,
            null,
            null,
            null,
            [
                [
                    0.9994333386421204,
                    0.02630196511745453,
                    -0.02100553922355175
                ],
                [
                    -0.027076678350567818,
                    0.9989300966262817,
                    -0.037490569055080414
                ],
                [
                    0.019996989518404007,
                    0.03803808242082596,
                    0.9990761876106262
                ]
            ]
        ],
        [
            0.059703907012939456,
            -0.0662858657836914,
            1.0550203857421876,
            null,
            null,
            null,
            [
                [
                    0.9990695118904114,
                    0.03821883723139763,
                    -0.019986528903245926
                ],
                [
                    -0.038521669805049896,
                    0.9991452693939209,
                    -0.014992783777415752
                ],
                [
                    0.01939643919467926,
                    0.015748748555779457,
                    0.9996878504753113
                ]
            ]
        ],
        [
            0.043088283538818356,
            -0.07583640289306641,
            1.05518359375,
            null,
            null,
            null,
            [
                [
                    0.9978537559509277,
                    0.06322193890810013,
                    0.017055507749319077
                ],
                [
                    -0.062278103083372116,
                    0.9967486262321472,
                    -0.051123879849910736
                ],
                [
                    -0.020232204347848892,
                    0.04995197057723999,
                    0.9985466599464417
                ]
            ]
        ],
        [
            0.038047454833984376,
            -0.07945830535888672,
            1.0592294921875,
            null,
            null,
            null,
            [
                [
                    0.9708741307258606,
                    -0.19871650636196136,
                    0.1338476836681366
                ],
                [
                    0.19375859200954437,
                    0.9798130393028259,
                    0.0492338091135025
                ],
                [
                    -0.14092926681041718,
                    -0.021865693852305412,
                    0.9897781610488892
                ]
            ]
        ],
        [
            0.04090012741088867,
            -0.05787121963500977,
            1.054497314453125,
            null,
            null,
            null,
            [
                [
                    0.841566264629364,
                    -0.4795629680156708,
                    0.24856702983379364
                ],
                [
                    0.41470471024513245,
                    0.8684953451156616,
                    0.27154338359832764
                ],
                [
                    -0.34610146284103394,
                    -0.1254398226737976,
                    0.9297734498977661
                ]
            ]
        ],
        [
            0.06294633865356446,
            -0.020303749084472657,
            1.0431812744140625,
            null,
            null,
            null,
            [
                [
                    0.6401139497756958,
                    -0.6940678358078003,
                    0.3294297754764557
                ],
                [
                    0.6044146418571472,
                    0.7196413278579712,
                    0.3417591452598572
                ],
                [
                    -0.47427529096603394,
                    -0.019652636721730232,
                    0.8801572322845459
                ]
            ]
        ],
        [
            0.10565116882324219,
            0.04604454803466797,
            1.02625732421875,
            null,
            null,
            null,
            [
                [
                    0.34051936864852905,
                    -0.8911919593811035,
                    0.2997056543827057
                ],
                [
                    0.8005546927452087,
                    0.44198018312454224,
                    0.4046797752380371
                ],
                [
                    -0.4931113123893738,
                    0.10212947428226471,
                    0.8639506697654724
                ]
            ]
        ],
        [
            0.15157858276367187,
            0.13008265686035156,
            1.017310546875,
            null,
            null,
            null,
            [
                [
                    0.04378204792737961,
                    -0.9819270968437195,
                    0.18412578105926514
                ],
                [
                    0.901146411895752,
                    0.11838105320930481,
                    0.4170384705066681
                ],
                [
                    -0.4312983751296997,
                    0.14766548573970795,
                    0.8900430202484131
                ]
            ]
        ],
        [
            0.18837046813964844,
            0.2277994384765625,
            1.0304288330078124,
            null,
            null,
            null,
            [
                [
                    -0.34114164113998413,
                    -0.9379236102104187,
                    -0.06262336671352386
                ],
                [
                    0.8685110807418823,
                    -0.33997806906700134,
                    0.36069855093955994
                ],
                [
                    -0.3595982491970062,
                    0.06866021454334259,
                    0.9305776953697205
                ]
            ]
        ],
        [
            0.19734016418457032,
            0.32232888793945313,
            1.05710791015625,
            null,
            null,
            null,
            [
                [
                    -0.6586111783981323,
                    -0.6620891690254211,
                    -0.35758814215660095
                ],
                [
                    0.634811282157898,
                    -0.7440320253372192,
                    0.20840097963809967
                ],
                [
                    -0.4040370583534241,
                    -0.08974578976631165,
