{
    "radius": 0.75,
    "angular_speed": 9,
    "save_freq": 0.1,
    "pid_gains": {
        "pid_rate": {
            "roll_kp": "50.0",
            "roll_ki": "0.0",
            "roll_kd": "0.0",
            "pitch_kp": "50.0",
            "pitch_ki": "0.0",
            "pitch_kd": "0.0",
            "yaw_kp": "80.0",
            "yaw_ki": "0.0",
            "yaw_kd": "0.0"
        },
        "pid_attitude": {
            "roll_kp": "10.0",
            "roll_ki": "0.5",
            "roll_kd": "0.5",
            "pitch_kp": "13.0",
            "pitch_ki": "0.5",
            "pitch_kd": "1.5",
            "yaw_kp": "8.0",
            "yaw_ki": "0.5",
            "yaw_kd": "0.5"
        },
        "velCtlPid": {
            "vxKp": "15.0",
            "vxKi": "1.0",
            "vxKd": "0.0",
            "vyKp": "10.0",
            "vyKi": "1.0",
            "vyKd": "0.0",
            "vzKp": "12.5",
            "vzKi": "0.5",
            "vzKd": "0.0"
        },
        "posCtlPid": {
            "xKp": "1.5",
            "xKi": "0.20000000298023224",
            "xKd": "0.20000000298023224",
            "yKp": "1.5",
            "yKi": "0.20000000298023224",
            "yKd": "0.20000000298023224",
            "zKp": "5.0",
            "zKi": "0.5",
            "zKd": "0.0"
        }
    },
    "pose": [
        [
            0.02835750389099121,
            0.057127647399902344,
            0.2592238159179687,
            null,
            null,
            null,
            [
                [
                    0.9970827698707581,
                    -0.015690969303250313,
                    0.07469801604747772
                ],
                [
                    0.015979954972863197,
                    0.9998669624328613,
                    -0.003272575093433261
                ],
                [
                    -0.07463672757148743,
                    0.004456698894500732,
                    0.9972008466720581
                ]
            ]
        ],
        [
            0.028488285064697267,
            0.05696221160888672,
            0.2591241455078125,
            null,
            null,
            null,
            [
                [
                    0.9970728754997253,
                    -0.019909458234906197,
                    0.07381963729858398
                ],
                [
                    0.02016960270702839,
                    0.9997926950454712,
                    -0.0027801916003227234
                ],
                [
                    -0.07374898344278336,
                    0.004260966554284096,
                    0.9972677230834961
                ]
            ]
        ],
        [
            0.02881545066833496,
            0.05102448654174805,
            0.27228106689453124,
            null,
            null,
            null,
            [
                [
                    0.9969750046730042,
                    -0.019193630665540695,
                    0.07531570643186569
                ],
                [
                    0.02301332913339138,
                    0.9984750151634216,
                    -0.050180137157440186
                ],
                [
                    -0.07423771172761917,
                    0.05176160857081413,
                    0.9958963394165039
                ]
            ]
        ],
        [
            0.02860029220581055,
            0.040697315216064456,
            0.35002874755859376,
            null,
            null,
            null,
            [
                [
                    0.9992389678955078,
                    -0.007120795547962189,
                    0.03835013508796692
                ],
                [
                    0.00947736855596304,
                    0.998054563999176,
                    -0.06162203475832939
                ],
                [
                    -0.03783673048019409,
                    0.06193859502673149,
                    0.997362494468689
                ]
            ]
        ],
        [
            0.02923443794250488,
            0.03517938613891602,
            0.45609823608398437,
            null,
            null,
            null,
            [
                [
                    0.9989268183708191,
                    0.008476853370666504,
                    0.04553357511758804
                ],
                [
                    -0.007849515415728092,
                    0.9998720288276672,
                    -0.013938652351498604
                ],
                [
                    -0.045645903795957565,
                    0.013566277921199799,
                    0.99886554479599
                ]
            ]
        ],
        [
            0.023976594924926757,
            0.026510061264038084,
            0.5692669067382813,
            null,
            null,
            null,
            [
                [
                    0.9991248846054077,
                    0.03345687687397003,
                    0.025102542713284492
                ],
                [
                    -0.032954175025224686,
                    0.9992531538009644,
                    -0.02017934061586857
                ],
                [
                    -0.025758931413292885,
                    0.019334446638822556,
                    0.999481201171875
                ]
            ]
        ],
        [
            0.014857582092285156,
            0.026075342178344726,
            0.6837218627929688,
            null,
            null,
            null,
            [
                [
                    0.9881910681724548,
                    -0.002196060959249735,
                    0.15321087837219238
                ],
                [
                    0.003440425032749772,
                    0.9999632239341736,
                    -0.007857256568968296
                ],
                [
                    -0.15318799018859863,
                    0.008291581645607948,
                    0.9881622791290283
                ]
            ]
        ],
        [
            -0.00020849215984344483,
            0.0291583194732666,
            0.8022089233398437,
            null,
            null,
            null,
            [
                [
                    0.9914029240608215,
                    0.009813223965466022,
                    -0.13047586381435394
                ],
                [
                    -0.009458881802856922,
                    0.9999496936798096,
                    0.0033352344762533903
                ],
                [
                    0.13050203025341034,
                    -0.0020724055357277393,
                    0.9914458990097046
                ]
            ]
        ],
        [
            -0.01832574653625488,
            0.041532238006591796,
            0.9293464965820313,
            null,
            null,
            null,
            [
                [
                    0.9985394477844238,
                    -0.008067958988249302,
                    0.053421683609485626
                ],
                [
                    0.009414372965693474,
                    0.9996431469917297,
                    -0.025000017136335373
                ],
                [
                    -0.053200919181108475,
                    0.0254664346575737,
                    0.9982590675354004
                ]
            ]
        ],
        [
            -0.03061734390258789,
            0.042586509704589846,
            1.0255081787109375,
            null,
            null,
            null,
            [
                [
                    0.9956690669059753,
                    0.04446463659405708,
                    0.08164533227682114
                ],
                [
                    -0.0384625606238842,
                    0.9965406656265259,
                    -0.07367028295993805
                ],
                [
                    -0.08463861793279648,
                    0.07021093368530273,
                    0.9939349889755249
                ]
            ]
        ],
        [
            -0.038843772888183595,
            0.04732080078125,
            1.1050682373046874,
            null,
            null,
            null,
            [
                [
                    0.9932953715324402,
                    -0.021271798759698868,
                    0.11363029479980469
                ],
                [
                    0.03167093172669411,
                    0.9953917264938354,
                    -0.09051122516393661
                ],
                [
                    -0.11118131875991821,
                    0.09350315481424332,
                    0.9893916845321655
                ]
            ]
        ],
        [
            -0.04232912063598633,
            0.047211063385009765,
            1.1508958740234374,
            null,
            null,
            null,
            [
                [
                    0.9901334047317505,
                    -0.012416531331837177,
                    0.13957661390304565
                ],
                [
                    0.0275589469820261,
                    0.993867814540863,
                    -0.10708558559417725
                ],
                [
                    -0.13739106059074402,
                    0.10987560451030731,
                    0.9844039082527161
                ]
            ]
        ],
        [
            -0.037886398315429684,
            0.04491340255737305,
            1.1655458984375,
            null,
            null,
            null,
            [
                [
                    0.9847882986068726,
                    -0.011307181790471077,
                    0.1733902543783188
                ],
                [
                    0.028420448303222656,
                    0.9949237108230591,
                    -0.09653565287590027
                ],
                [
                    -0.17141853272914886,
                    0.09999500960111618,
                    0.9801105260848999
                ]
            ]
        ],
        [
            -0.029605422973632813,
            0.03532332229614258,
            1.156343994140625,
            null,
            null,
            null,
            [
                [
                    0.9840840101242065,
                    -0.02662823349237442,
                    0.17569760978221893
                ],
                [
                    0.03869837149977684,
                    0.997093141078949,
                    -0.06563333421945572
                ],
                [
                    -0.17343918979167938,
                    0.07138792425394058,
                    0.9822538495063782
                ]
            ]
        ],
        [
            -0.01940971755981445,
            0.026817888259887696,
            1.1379599609375,
            null,
            null,
            null,
            [
                [
                    0.9881330728530884,
                    -0.055694859474897385,
                    0.14314720034599304
                ],
                [
                    0.06580711901187897,
                    0.9955869317054749,
                    -0.0669039785861969
                ],
                [
                    -0.13878926634788513,
                    0.07553013414144516,
                    0.9874374866485596
                ]
            ]
        ],
        [
            -0.011108092308044434,
            0.007644607543945313,
            1.1169290771484375,
            null,
            null,
            null,
            [
                [
                    0.9963234663009644,
                    -0.03574374318122864,
                    0.07785875350236893
                ],
                [
                    0.0439818874001503,
                    0.9933067560195923,
                    -0.1068047285079956
                ],
                [
                    -0.07352002710103989,
                    0.10983642935752869,
                    0.9912269115447998
                ]
            ]
        ],
        [
            -0.008026510238647462,
            -0.009446682929992676,
            1.0997843017578126,
            null,
            null,
            null,
            [
                [
                    0.9994643926620483,
                    0.008916712366044521,
                    0.0314863957464695
                ],
                [
                    -0.006989982444792986,
                    0.9981266856193542,
                    -0.0607808381319046
                ],
                [
                    -0.031969375908374786,
                    0.06052819639444351,
                    0.997654378414154
                ]
            ]
        ],
        [
            -0.010129639625549317,
            -0.02243105888366699,
            1.0899532470703126,
            null,
            null,
            null,
            [
                [
                    0.9992948770523071,
                    0.032236453145742416,
                    0.019251251593232155
                ],
                [
                    -0.03156573325395584,
                    0.9989169836044312,
                    -0.034182868897914886
                ],
                [
                    -0.02033233642578125,
                    0.03355108201503754,
                    0.999230146408081
                ]
            ]
        ],
        [
            -0.015754326820373536,
            -0.03455500030517578,
            1.085897216796875,
            null,
            null,
            null,
            [
                [
                    0.9991055727005005,
                    0.02827056683599949,
                    0.031446605920791626
                ],
                [
                    -0.028315631672739983,
                    0.9995985627174377,
                    0.0009885596809908748
                ],
                [
                    -0.03140603378415108,
                    -0.0018781059188768268,
                    0.9995049238204956
                ]
            ]
        ],
        [
            -0.021786933898925782,
            -0.03454471206665039,
            1.0833583984375,
            null,
            null,
            null,
            [
                [
                    0.9984263181686401,
                    0.01728045381605625,
                    0.053350068628787994
                ],
                [
                    -0.019879089668393135,
                    0.9986220002174377,
                    0.04856908693909645
                ],
                [
                    -0.052437253296375275,
                    -0.04955320805311203,
                    0.9973940253257751
                ]
            ]
        ],
        [
            -0.02669337272644043,
            -0.033388450622558595,
            1.0847515869140625,
            null,
            null,
            null,
            [
                [
                    0.9959310293197632,
                    0.02605593577027321,
                    0.08626962453126907
                ],
                [
                    -0.025947140529751778,
                    0.9996604919433594,
                    -0.002382362727075815
                ],
                [
                    -0.08630240708589554,
                    0.00013421896437648684,
                    0.9962689876556396
                ]
            ]
        ],
        [
            -0.02604705238342285,
            -0.02852420997619629,
            1.0863009033203126,
            null,
            null,
            null,
            [
                [
                    0.99090176820755,
                    0.011012552306056023,
                    0.13413573801517487
                ],
                [
                    -0.012867733836174011,
                    0.9998330473899841,
                    0.012971535325050354
                ],
                [
                    -0.1339704990386963,
                    -0.014579540118575096,
                    0.9908780455589294
                ]
            ]
        ],
        [
            -0.019673505783081056,
            -0.02334112548828125,
            1.085716064453125,
            null,
            null,
            null,
            [
                [
                    0.988815426826477,
                    0.0153327826410532,
                    0.14835400879383087
                ],
                [
                    -0.009891570545732975,
                    0.9992534518241882,
                    -0.03734579682350159
                ],
                [
                    -0.14881587028503418,
                    0.03546064719557762,
                    0.9882289171218872
                ]
            ]
        ],
        [
            -0.011104342460632324,
            -0.02177366065979004,
            1.0843587646484374,
            null,
            null,
            null,
            [
                [
                    0.9903926253318787,
                    0.010056516155600548,
                    0.13791796565055847
                ],
                [
                    -0.0008072634227573872,
                    0.9977555871009827,
                    -0.06695601344108582
                ],
                [
                    -0.13828176259994507,
                    0.06620140373706818,
                    0.9881778955459595
                ]
            ]
        ],
        [
            -0.0009254475235939026,
            -0.014149436950683594,
            1.07975341796875,
            null,
            null,
            null,
            [
                [
                    0.993281364440918,
                    -0.005407596006989479,
                    0.11559800803661346
                ],
                [
                    0.01108842995017767,
                    0.998758852481842,
                    -0.048556603491306305
                ],
                [
                    -0.11519195884466171,
                    0.049512170255184174,
                    0.9921085238456726
                ]
            ]
        ],
        [
            0.009575627326965331,
            -0.010747626304626464,
            1.0754102783203126,
            null,
            null,
            null,
            [
                [
                    0.996417760848999,
                    0.010325802490115166,
                    0.08393441140651703
                ],
                [
                    -0.004483884200453758,
                    0.9975723028182983,
                    -0.06949370354413986
                ],
                [
                    -0.08444822579622269,
                    0.06886840611696243,
                    0.994045078754425
                ]
            ]
        ],
        [
            0.018021183013916017,
            -0.010532620429992676,
            1.0713067626953126,
            null,
            null,
            null,
            [
                [
                    0.9980030655860901,
                    0.03746568784117699,
                    0.050854943692684174
                ],
                [
                    -0.03478343412280083,
                    0.9980075359344482,
                    -0.05264117196202278
                ],
                [
                    -0.05272585526108742,
                    0.050767142325639725,
                    0.9973177313804626
                ]
            ]
        ],
        [
            0.023455904006958007,
            -0.010359189033508302,
            1.066093994140625,
            null,
            null,
            null,
            [
                [
                    0.9997743368148804,
                    -0.00897055771201849,
                    0.019256118685007095
                ],
                [
                    0.010351228527724743,
                    0.997289776802063,
                    -0.07284160703420639
                ],
                [
                    -0.01855050027370453,
                    0.07302449643611908,
                    0.997157633304596
                ]
            ]
        ],
        [
            0.023792009353637695,
            -0.01228867244720459,
            1.063674072265625,
            null,
            null,
            null,
            [
                [
                    0.9988763928413391,
                    0.045677367597818375,
                    0.012630780227482319
                ],
                [
                    -0.0447491891682148,
                    0.9968183040618896,
                    -0.06596027314662933
                ],
                [
                    -0.015603485517203808,
                    0.0653209462761879,
                    0.9977422952651978
                ]
            ]
        ],
        [
            0.016848068237304687,
            -0.015587712287902832,
            1.061943359375,
            null,
            null,
            null,
            [
                [
                    0.999801516532898,
                    0.01987534761428833,
                    -0.0013659584801644087
                ],
                [
                    -0.019922221079468727,
                    0.9973769187927246,
                    -0.06958702206611633
                ],
                [
                    -2.069084621325601e-05,
                    0.0696004256606102,
                    0.9975749254226685
                ]
            ]
        ],
        [
            0.007431647777557373,
            -0.021372838973999022,
            1.063934326171875,
            null,
            null,
            null,
            [
                [
                    0.9978349208831787,
                    0.06436928361654282,
                    0.013493730686604977
                ],
                [
                    -0.06274856626987457,
                    0.9932217597961426,
                    -0.09784279763698578
                ],
                [
                    -0.019700337201356888,
                    0.09678424149751663,
                    0.9951103925704956
                ]
            ]
        ],
        [
            0.00010909251868724823,
            -0.02770696449279785,
            1.0651485595703125,
            null,
            null,
            null,
            [
                [
                    0.9945113658905029,
                    0.02424638532102108,
                    0.10178042203187943
                ],
                [
                    -0.015717756003141403,
                    0.996360719203949,
                    -0.08377503603696823
                ],
                [
                    -0.1034412533044815,
                    0.08171546459197998,
                    0.9912731647491455
                ]
            ]
        ],
        [
            0.0015528764724731445,
            -0.03229518127441406,
            1.0642183837890624,
            null,
            null,
            null,
            [
                [
                    0.9817566871643066,
                    0.0289897657930851,
                    0.1879185140132904
                ],
                [
                    -0.021487539634108543,
                    0.9988933205604553,
                    -0.04183807596564293
                ],
                [
                    -0.1889234185218811,
                    0.03703690692782402,
                    0.9812931418418884
                ]
            ]
        ],
        [
            0.002936966419219971,
            -0.03464071273803711,
            1.062728515625,
            null,
            null,
            null,
            [
                [
                    0.9770012497901917,
                    0.022166969254612923,
                    0.212078258395195
                ],
                [
                    -0.009448481723666191,
                    0.9981054067611694,
                    -0.06079734116792679
                ],
                [
                    -0.21302415430545807,
                    0.05739526078104973,
                    0.9753596782684326
                ]
            ]
        ],
        [
            0.02483209228515625,
            -0.04573374557495117,
            1.0535908203125,
            null,
            null,
            null,
            [
                [
                    0.979490339756012,
                    0.005405263043940067,
                    0.2014186829328537
                ],
                [
                    0.008384611457586288,
                    0.9976807832717896,
                    -0.06754771620035172
                ],
                [
                    -0.20131666958332062,
                    0.06785115599632263,
                    0.977173388004303
                ]
            ]
        ],
        [
            0.03994672775268555,
            -0.05612289047241211,
            1.0519197998046874,
            null,
            null,
            null,
            [
                [
                    0.9910144805908203,
                    0.017544612288475037,
                    0.13259907066822052
                ],
                [
                    -0.005468020681291819,
                    0.9958453178405762,
                    -0.09089680016040802
                ],
                [
                    -0.13364291191101074,
                    0.0893549919128418,
                    0.9869930148124695
                ]
            ]
        ],
        [
            0.050149211883544924,
            -0.07302898406982422,
            1.054818603515625,
            null,
            null,
            null,
            [
                [
                    0.9990226030349731,
                    0.01972443237900734,
                    0.03955722972750664
                ],
                [
                    -0.016660824418067932,
                    0.9969430565834045,
                    -0.0763348639011383
                ],
                [
                    -0.04094196856021881,
                    0.07560119777917862,
                    0.9962972402572632
                ]
            ]
        ],
        [
            0.050979572296142577,
            -0.08402471923828125,
            1.0573126220703124,
            null,
            null,
            null,
            [
                [
                    0.9999290108680725,
                    -0.0024995049461722374,
                    -0.011648968793451786
                ],
                [
                    0.0020436570048332214,
                    0.9992378354072571,
                    -0.03898097202181816
                ],
                [
                    0.011737524531781673,
                    0.03895439952611923,
                    0.999172031879425
                ]
            ]
        ],
        [
            0.04356073760986328,
            -0.09492581939697266,
            1.059459228515625,
            null,
            null,
            null,
            [
                [
                    0.9988511204719543,
                    -0.019075030460953712,
                    -0.04396132379770279
                ],
                [
                    0.018538344651460648,
                    0.999748945236206,
                    -0.012583701871335506
                ],
                [
                    0.04419032484292984,
                    0.011754274368286133,
                    0.9989539980888367
                ]
            ]
        ],
        [
            0.03076459503173828,
            -0.10335379791259766,
            1.0604056396484376,
            null,
            null,
            null,
            [
                [
                    0.9996327757835388,
                    -0.016400404274463654,
                    -0.021571198478341103
                ],
                [
                    0.016678014770150185,
                    0.9997795820236206,
                    0.012753107585012913
                ],
                [
                    0.021357286721467972,
                    -0.013108189217746258,
                    0.9996859431266785
                ]
            ]
        ],
        [
            0.018665483474731445,
            -0.11168293762207031,
            1.0610745849609375,
            null,
            null,
            null,
            [
                [
                    0.9981627464294434,
                    -0.004088651854544878,
                    0.06045140326023102
                ],
                [
                    0.004949467722326517,
                    0.9998883605003357,
                    -0.014096922241151333
                ],
                [
                    -0.0603870190680027,
                    0.014370225369930267,
                    0.9980716109275818
                ]
            ]
        ],
        [
            0.010149213790893554,
            -0.12037589263916015,
            1.06280322265625,
            null,
            null,
            null,
            [
                [
                    0.9938235282897949,
                    0.0022806916385889053,
                    0.11094862222671509
                ],
                [
                    0.0023228893987834454,
                    0.9991421699523926,
                    -0.04134596139192581
                ],
                [
                    -0.11094775050878525,
                    0.04134830832481384,
                    0.9929656982421875
                ]
            ]
        ],
        [
            0.009283103942871095,
            -0.1292786102294922,
            1.06340625,
            null,
            null,
            null,
            [
                [
                    0.9876536726951599,
                    0.002161802491173148,
                    0.15663817524909973
                ],
                [
                    0.009319697506725788,
                    0.9973228573799133,
                    -0.07252797484397888
                ],
                [
                    -0.15637561678886414,
                    0.07309234142303467,
                    0.9849894046783447
                ]
            ]
        ],
        [
            0.02151001739501953,
            -0.13517471313476562,
            1.063298828125,
            null,
            null,
            null,
            [
                [
                    0.9776833057403564,
                    0.030950671061873436,
                    0.2077917605638504
                ],
                [
                    -0.018562937155365944,
                    0.9979465007781982,
                    -0.06130388379096985
                ],
                [
                    -0.20926246047019958,
                    0.056078556925058365,
                    0.976250171661377
                ]
            ]
        ],
        [
            0.042348323822021486,
            -0.14533497619628907,
            1.0580029296875,
            null,
            null,
            null,
            [
                [
                    0.9752006530761719,
                    0.020703628659248352,
                    0.22035199403762817
                ],
                [
                    -0.008849193342030048,
                    0.9984663724899292,
                    -0.05464955419301987
                ],
                [
                    -0.22114549577236176,
                    0.05134434625506401,
                    0.9738882780075073
                ]
            ]
        ],
        [
            0.06503378295898438,
            -0.15386781311035155,
            1.0524959716796876,
            null,
            null,
            null,
            [
                [
                    0.9866679906845093,
                    0.03433680161833763,
                    0.15908247232437134
                ],
                [
                    -0.03109678253531456,
                    0.9992560148239136,
                    -0.022812407463788986
                ],
                [
                    -0.1597474217414856,
                    0.01756132021546364,
                    0.9870017170906067
                ]
            ]
        ],
        [
            0.08396939086914063,
            -0.15722456359863282,
            1.050078125,
            null,
            null,
            null,
            [
                [
                    0.9976282715797424,
                    0.01796087622642517,
                    0.06644704937934875
                ],
                [
                    -0.017180005088448524,
                    0.9997767210006714,
                    -0.01230461336672306
                ],
                [
                    -0.06665320694446564,
                    0.011133870109915733,
                    0.997714102268219
                ]
            ]
        ],
        [
            0.0965383529663086,
            -0.15945162963867188,
            1.049845947265625,
            null,
            null,
            null,
            [
                [
                    0.999066948890686,
                    0.04027382656931877,
                    0.015594805590808392
                ],
                [
                    -0.04030006378889084,
                    0.9991866946220398,
                    0.0013717615511268377
                ],
                [
                    -0.015526875853538513,
                    -0.001998953288421035,
                    0.9998774528503418
                ]
            ]
        ],
        [
            0.09834825134277343,
            -0.15133416748046874,
            1.046416259765625,
            null,
            null,
            null,
            [
                [
                    0.9978822469711304,
                    0.05298846960067749,
                    -0.03772590309381485
                ],
                [
                    -0.051033973693847656,
                    0.9973933100700378,
                    0.05101139098405838
                ],
                [
                    0.04033057764172554,
                    -0.0489780567586422,
                    0.9979852437973022
                ]
            ]
        ],
        [
            0.08873056030273438,
            -0.14407008361816406,
            1.0420477294921875,
            null,
            null,
            null,
            [
                [
                    0.9953023195266724,
                    0.046628519892692566,
                    -0.08484746515750885
                ],
                [
                    -0.04615190997719765,
                    0.9989057183265686,
                    0.0075711775571107864
                ],
                [
                    0.08510765433311462,
                    -0.003619738155975938,
                    0.9963651895523071
                ]
            ]
        ],
        [
            0.08261691284179687,
            -0.1282751159667969,
            1.0277425537109375,
            null,
            null,
            null,
            [
                [
                    0.9332588911056519,
                    0.35895922780036926,
                    -0.013272088021039963
                ],
                [
                    -0.3582782745361328,
                    0.932868480682373,
                    0.03732403367757797
                ],
                [
                    0.025778917595744133,
                    -0.03007788397371769,
                    0.9992150664329529
                ]
            ]
        ],
        [
            0.08730889129638672,
            -0.0986536865234375,
            0.9690304565429687,
            null,
            null,
            null,
            [
                [
                    0.6971437335014343,
                    0.6928656697273254,
                    0.18419507145881653
                ],
                [
                    -0.7157848477363586,
                    0.6871892809867859,
                    0.12418929487466812
                ],
                [
                    -0.04053037613630295,
                    -0.2184218168258667,
                    0.9750124216079712
                ]
            ]
        ],
        [
            0.10766094970703124,
            -0.07270501708984375,
            0.8875999755859375,
            null,
            null,
            null,
            [
                [
                    0.23324783146381378,
                    0.9301549196243286,
                    0.2835617661476135
                ],
                [
                    -0.9710937142372131,
                    0.20759743452072144,
                    0.11781462281942368
                ],
                [
                    0.05071914941072464,
                    -0.3028450608253479,
                    0.9516892433166504
                ]
            ]
        ],
        [
            0.1552933807373047,
            -0.04768555450439453,
            0.802916748046875,
            null,
            null,
            null,
            [
                [
                    -0.49756407737731934,
                    0.8202754259109497,
                    0.28209614753723145
                ],
                [
                    -0.8187248110771179,
                    -0.5515369772911072,
                    0.1596766859292984
                ],
                [
                    0.28656530380249023,
                    -0.15150973200798035,
                    0.9460048079490662
                ]
            ]
        ],
        [
            0.2286915740966797,
            -0.03141531181335449,
            0.7460435180664062,
            null,
            null,
            null,
            [
                [
                    -0.8364192247390747,
                    0.4283404052257538,
                    0.34194642305374146
                ],
                [
                    -0.4329591393470764,
                    -0.8989205360412598,
                    0.0669948011636734
                ],
                [
                    0.3360792398452759,
                    -0.09201309084892273,
                    0.9373282790184021
                ]
            ]
        ],
        [
            0.30295175170898436,
            -0.026605535507202148,
            0.7219756469726563,
            null,
            null,
            null,
            [
                [
                    -0.9537815451622009,
                    0.22106590867042542,
                    0.20354504883289337
                ],
                [
                    -0.22043906152248383,
                    -0.975053071975708,
                    0.02603980153799057
                ],
                [
                    0.20422375202178955,
                    -0.02003299817442894,
                    0.9787192344665527
                ]
            ]
        ],
        [
            0.37038522338867186,
            -0.02281861114501953,
            0.724307373046875,
            null,
            null,
            null,
            [
                [
                    -0.9770917892456055,
                    0.20712308585643768,
                    0.048904258757829666
                ],
                [
                    -0.20570822060108185,
                    -0.9780756831169128,
                    0.03243564814329147
                ],
                [
                    0.05455023795366287,
                    0.021632598713040352,
                    0.9982766509056091
