{
    "radius": 0.4,
    "angular_speed": 11,
    "save_freq": 0.1,
    "pid_gains": {
        "pid_rate": {
            "roll_kp": "50.0",
            "roll_ki": "0.0",
            "roll_kd": "0.0",
            "pitch_kp": "50.0",
            "pitch_ki": "0.0",
            "pitch_kd": "0.0",
            "yaw_kp": "80.0",
            "yaw_ki": "0.0",
            "yaw_kd": "0.0"
        },
        "pid_attitude": {
            "roll_kp": "10.0",
            "roll_ki": "0.5",
            "roll_kd": "0.5",
            "pitch_kp": "13.0",
            "pitch_ki": "0.5",
            "pitch_kd": "1.5",
            "yaw_kp": "8.0",
            "yaw_ki": "0.5",
            "yaw_kd": "0.5"
        },
        "velCtlPid": {
            "vxKp": "15.0",
            "vxKi": "1.0",
            "vxKd": "0.0",
            "vyKp": "10.0",
            "vyKi": "1.0",
            "vyKd": "0.0",
            "vzKp": "12.5",
            "vzKi": "0.5",
            "vzKd": "0.0"
        },
        "posCtlPid": {
            "xKp": "1.5",
            "xKi": "0.20000000298023224",
            "xKd": "0.20000000298023224",
            "yKp": "1.5",
            "yKi": "0.20000000298023224",
            "yKd": "0.20000000298023224",
            "zKp": "5.0",
            "zKi": "0.5",
            "zKd": "0.0"
        }
    },
    "pose": [
        [
            0.06490590667724609,
            0.06723957061767578,
            0.2604921875,
            null,
            null,
            null,
            [
                [
                    0.9941766858100891,
                    -0.09189473092556,
                    0.05628574267029762
                ],
                [
                    0.09110882878303528,
                    0.9957062602043152,
                    0.016378693282604218
                ],
                [
                    -0.05754917860031128,
                    -0.011155187152326107,
                    0.9982803463935852
                ]
            ]
        ],
        [
            0.06524862670898438,
            0.06721025085449218,
            0.2602921752929688,
            null,
            null,
            null,
            [
                [
                    0.9940455555915833,
                    -0.09360622614622116,
                    0.05577859655022621
                ],
                [
                    0.09280634671449661,
                    0.9955430030822754,
                    0.016767874360084534
                ],
                [
                    -0.057099565863609314,
                    -0.011491424404084682,
                    0.9983023405075073
                ]
            ]
        ],
        [
            0.06407579040527343,
            0.059659690856933595,
            0.2800688171386719,
            null,
            null,
            null,
            [
                [
                    0.9933785200119019,
                    -0.10123307257890701,
                    0.05432341620326042
                ],
                [
                    0.10306726396083832,
                    0.9941565990447998,
                    -0.032090600579977036
                ],
                [
                    -0.05075735226273537,
                    0.03747707977890968,
                    0.998007595539093
                ]
            ]
        ],
        [
            0.05868081665039063,
            0.05118951034545898,
            0.36581781005859376,
            null,
            null,
            null,
            [
                [
                    0.994982898235321,
                    -0.09847396612167358,
                    0.017661208286881447
                ],
                [
                    0.10002215206623077,
                    0.9753432273864746,
                    -0.19672608375549316
                ],
                [
                    0.0021466563921421766,
                    0.19750559329986572,
                    0.9802994132041931
                ]
            ]
        ],
        [
            0.04522153091430664,
            0.047299110412597656,
            0.480984619140625,
            null,
            null,
            null,
            [
                [
                    0.9977355599403381,
                    -0.06696964055299759,
                    0.00622634356841445
                ],
                [
                    0.06720400601625443,
                    0.9963712096214294,
                    -0.0522308424115181
                ],
                [
                    -0.0027058683335781097,
                    0.052531007677316666,
                    0.9986156225204468
                ]
            ]
        ],
        [
            0.028277046203613283,
            0.0331051139831543,
            0.5978496704101562,
            null,
            null,
            null,
            [
                [
                    0.992891788482666,
                    -0.0170188769698143,
                    0.1177973523736
                ],
                [
                    0.027267536148428917,
                    0.9959266185760498,
                    -0.08594557642936707
                ],
                [
                    -0.11585482209920883,
                    0.08854670077562332,
                    0.9893114566802979
                ]
            ]
        ],
        [
            0.00891033935546875,
            0.0189942569732666,
            0.7230973510742188,
            null,
            null,
            null,
            [
                [
                    0.9993543028831482,
                    -0.02089777961373329,
                    0.02922683395445347
                ],
                [
                    0.023261958733201027,
                    0.9962746500968933,
                    -0.08304049074649811
                ],
                [
                    -0.027382591739296913,
                    0.08366674929857254,
                    0.9961174726486206
                ]
            ]
        ],
        [
            -0.009617494583129884,
            0.005316970825195312,
            0.847495361328125,
            null,
            null,
            null,
            [
                [
                    0.9931981563568115,
                    -0.09629876911640167,
                    0.06545241922140121
                ],
                [
                    0.10089042037725449,
                    0.9923682808876038,
                    -0.0708962008357048
                ],
                [
                    -0.05812569335103035,
                    0.07701749354600906,
                    0.9953339695930481
                ]
            ]
        ],
        [
            -0.021193700790405272,
            -0.013490985870361329,
            0.966161376953125,
            null,
            null,
            null,
            [
                [
                    0.9893001317977905,
                    -0.07226215302944183,
                    0.1267414391040802
                ],
                [
                    0.06552542746067047,
                    0.9962474703788757,
                    0.05654556676745415
                ],
                [
                    -0.1303519457578659,
                    -0.047635748982429504,
                    0.9903227686882019
                ]
            ]
        ],
        [
            -0.028180303573608397,
            -0.025345081329345702,
            1.072940673828125,
            null,
            null,
            null,
            [
                [
                    0.9882457256317139,
                    -0.0625717043876648,
                    0.1394818127155304
                ],
                [
                    0.06357646733522415,
                    0.9979731440544128,
                    -0.002755112713202834
                ],
                [
                    -0.1390267014503479,
                    0.011590488255023956,
                    0.9902207851409912
                ]
            ]
        ],
        [
            -0.021048412322998047,
            -0.031217933654785156,
            1.1411734619140625,
            null,
            null,
            null,
            [
                [
                    0.9819779396057129,
                    -0.07833393663167953,
                    0.17199759185314178
                ],
                [
                    0.07915718108415604,
                    0.9968599677085876,
                    0.0020777364261448383
                ],
                [
                    -0.17162027955055237,
                    0.01157455239444971,
                    0.985095202922821
                ]
            ]
        ],
        [
            -0.011166555404663086,
            -0.03344148635864258,
            1.174169677734375,
            null,
            null,
            null,
            [
                [
                    0.9720568656921387,
                    -0.1353689283132553,
                    0.19178301095962524
                ],
                [
                    0.1282888948917389,
                    0.9905293583869934,
                    0.04892401769757271
                ],
                [
                    -0.19658949971199036,
                    -0.022953292354941368,
                    0.9802171587944031
                ]
            ]
        ],
        [
            0.0014964933395385741,
            -0.0311983699798584,
            1.173655517578125,
            null,
            null,
            null,
            [
                [
                    0.976525068283081,
                    -0.13554111123085022,
                    0.16741390526294708
                ],
                [
                    0.13057658076286316,
                    0.9906161427497864,
                    0.04036647826433182
                ],
                [
                    -0.17131422460079193,
                    -0.017558543011546135,
                    0.9850599765777588
                ]
            ]
        ],
        [
            0.013354701042175293,
            -0.029890130996704102,
            1.16022021484375,
            null,
            null,
            null,
            [
                [
                    0.9755468964576721,
                    -0.16342508792877197,
                    0.14697091281414032
                ],
                [
                    0.16705730557441711,
                    0.9858662486076355,
                    -0.012634958140552044
                ],
                [
                    -0.1428287923336029,
                    0.0368785597383976,
                    0.98906010389328
                ]
            ]
        ],
        [
            0.02612937545776367,
            -0.02802433967590332,
            1.137435791015625,
            null,
            null,
            null,
            [
                [
                    0.9907416701316833,
                    -0.09379131346940994,
                    0.09815337508916855
                ],
                [
                    0.09653296321630478,
                    0.9950510263442993,
                    -0.023555871099233627
                ],
                [
                    -0.09545827656984329,
                    0.03281281888484955,
                    0.9948924779891968
                ]
            ]
        ],
        [
            0.03429325103759766,
            -0.029235363006591797,
            1.1196044921875,
            null,
            null,
            null,
            [
                [
                    0.994722843170166,
                    -0.07732943445444107,
                    0.06742822378873825
                ],
                [
                    0.08324376493692398,
                    0.9924720525741577,
                    -0.08983141928911209
                ],
                [
                    -0.05997401475906372,
                    0.09497034549713135,
                    0.9936718344688416
                ]
            ]
        ],
        [
            0.039707828521728515,
            -0.03588961029052734,
            1.105875,
            null,
            null,
            null,
            [
                [
                    0.9979787468910217,
                    -0.05150744691491127,
                    0.03722023963928223
                ],
                [
                    0.05480141192674637,
                    0.9940910935401917,
                    -0.09370037913322449
                ],
                [
                    -0.032174039632081985,
                    0.09555070847272873,
                    0.9949044585227966
                ]
            ]
        ],
        [
            0.038204814910888674,
            -0.04149871826171875,
            1.0978990478515624,
            null,
            null,
            null,
            [
                [
                    0.9992656111717224,
                    -0.03823541849851608,
                    -0.002509802347049117
                ],
                [
                    0.03782875835895538,
                    0.9948264956474304,
                    -0.09428240358829498
                ],
                [
                    0.006101745180785656,
                    0.09411822259426117,
                    0.9955423474311829
                ]
            ]
        ],
        [
            0.031065324783325195,
            -0.05280754089355469,
            1.1006583251953126,
            null,
            null,
            null,
            [
                [
                    0.9999803304672241,
                    0.004779944196343422,
                    0.004059608560055494
                ],
                [
                    -0.00437514204531908,
                    0.9955190420150757,
                    -0.09445974230766296
                ],
                [
                    -0.004492930136620998,
                    0.09444012492895126,
                    0.9955204129219055
                ]
            ]
        ],
        [
            0.02584485626220703,
            -0.0666901397705078,
            1.105160400390625,
            null,
            null,
            null,
            [
                [
                    0.998488187789917,
                    -0.020956354215741158,
                    0.05081447958946228
                ],
                [
                    0.024890562519431114,
                    0.9966371655464172,
                    -0.078069306910038
                ],
                [
                    -0.04900754988193512,
                    0.07921608537435532,
                    0.9956520795822144
                ]
            ]
        ],
        [
            0.025038875579833985,
            -0.07630596923828124,
            1.109612060546875,
            null,
            null,
            null,
            [
                [
                    0.9892404079437256,
                    0.001415958977304399,
                    0.14629201591014862
                ],
                [
                    -0.00015930015069898218,
                    0.9999629855155945,
                    -0.00860142894089222
                ],
                [
                    -0.14629878103733063,
                    0.008485577069222927,
                    0.9892040491104126
                ]
            ]
        ],
        [
            0.032422996520996096,
            -0.08361749267578125,
            1.111307373046875,
            null,
            null,
            null,
            [
                [
                    0.9839345216751099,
                    -0.007242054212838411,
                    0.17838282883167267
                ],
                [
                    0.013269993476569653,
                    0.9993796348571777,
                    -0.03262221813201904
                ],
                [
                    -0.1780359148979187,
                    0.03446526452898979,
                    0.9834202527999878
                ]
            ]
        ],
        [
            0.046941936492919924,
            -0.09257267761230469,
            1.1109996337890624,
            null,
            null,
            null,
            [
                [
                    0.9843758344650269,
                    -0.027019931003451347,
                    0.1739945113658905
                ],
                [
                    0.032781340181827545,
                    0.9990023970603943,
                    -0.03032383881509304
                ],
                [
                    -0.17300158739089966,
                    0.03555382788181305,
                    0.9842796325683594
                ]
            ]
        ],
        [
            0.06470199584960938,
            -0.09084098052978516,
            1.109118408203125,
            null,
            null,
            null,
            [
                [
                    0.9909200668334961,
                    -0.017468564212322235,
                    0.13331273198127747
                ],
                [
                    0.014559776522219181,
                    0.999634861946106,
                    0.022763105109333992
                ],
                [
                    -0.133661687374115,
                    -0.020615413784980774,
                    0.9908125996589661
                ]
            ]
        ],
        [
            0.08115544891357422,
            -0.08820852661132812,
            1.104236572265625,
            null,
            null,
            null,
            [
                [
                    0.9972338080406189,
                    -0.00202444801107049,
                    0.07430101931095123
                ],
                [
                    0.0018594249850139022,
                    0.9999956488609314,
                    0.002290115226060152
                ],
                [
                    -0.07430533319711685,
                    -0.0021456230897456408,
                    0.9972332119941711
                ]
            ]
        ],
        [
            0.09198433685302734,
            -0.08914310455322266,
            1.1002584228515624,
            null,
            null,
            null,
            [
                [
                    0.9998376369476318,
                    0.015039547346532345,
                    0.00992764811962843
                ],
                [
                    -0.014620592817664146,
                    0.9990519881248474,
                    -0.041003745049238205
                ],
                [
                    -0.010534914210438728,
                    0.04085193946957588,
                    0.99910968542099
                ]
            ]
        ],
        [
            0.0958624267578125,
            -0.08101496887207031,
            1.094568115234375,
            null,
            null,
            null,
            [
                [
                    0.9991691708564758,
                    0.007824854925274849,
                    -0.03999628126621246
                ],
                [
                    -0.008302100002765656,
                    0.9998961687088013,
                    -0.011780096217989922
                ],
                [
                    0.03989994898438454,
                    0.012102361768484116,
                    0.999130368232727
                ]
            ]
        ],
        [
            0.08890061950683593,
            -0.07477934265136718,
            1.088347412109375,
            null,
            null,
            null,
            [
                [
                    0.9979588985443115,
                    0.010373781435191631,
                    -0.06301136314868927
                ],
                [
                    -0.012545669451355934,
                    0.9993372559547424,
                    -0.03417092561721802
                ],
                [
                    0.06261511892080307,
                    0.03489169850945473,
                    0.9974276423454285
                ]
            ]
        ],
        [
            0.07589096832275391,
            -0.06961517333984375,
            1.0826956787109374,
            null,
            null,
            null,
            [
                [
                    0.9989743232727051,
                    0.017373718321323395,
                    -0.04181482270359993
                ],
                [
                    -0.017809322103857994,
                    0.9997907280921936,
                    -0.01006755605340004
                ],
                [
                    0.04163116216659546,
                    0.010801923461258411,
                    0.9990746378898621
                ]
            ]
        ],
        [
            0.05931337356567383,
            -0.06200374603271484,
            1.081509521484375,
            null,
            null,
            null,
            [
                [
                    0.999980628490448,
                    -0.0037187787238508463,
                    0.004993862006813288
                ],
                [
                    0.0038172793574631214,
                    0.9997954368591309,
                    -0.019861890003085136
                ],
                [
                    -0.004918978549540043,
                    0.019880566745996475,
                    0.9997902512550354
                ]
            ]
        ],
        [
            0.04615658187866211,
            -0.05787310791015625,
            1.0834903564453124,
            null,
            null,
            null,
            [
                [
                    0.9986444115638733,
                    0.012772136367857456,
                    0.05045945942401886
                ],
                [
                    -0.011120187118649483,
                    0.9993972778320312,
                    -0.032884325832128525
                ],
                [
                    -0.05084905028343201,
                    0.0322786308825016,
                    0.9981845617294312
                ]
            ]
        ],
        [
            0.03554328918457031,
            -0.04508321762084961,
            1.084450927734375,
            null,
            null,
            null,
            [
                [
                    0.9962579607963562,
                    -0.002879821229726076,
                    0.08638133853673935
                ],
                [
                    0.003657733555883169,
                    0.9999541640281677,
                    -0.008848634548485279
                ],
                [
                    -0.0863519012928009,
                    0.009131482802331448,
                    0.9962228536605835
                ]
            ]
        ],
        [
            0.03406649398803711,
            -0.03319668197631836,
            1.0862039794921876,
            null,
            null,
            null,
            [
                [
                    0.9927816390991211,
                    -0.0007507731206715107,
                    0.11993351578712463
                ],
                [
                    0.0055419038981199265,
                    0.9991994500160217,
                    -0.03961968421936035
                ],
                [
                    -0.11980775743722916,
                    0.03999835625290871,
                    0.9919910430908203
                ]
            ]
        ],
        [
            0.03776205062866211,
            -0.02180634880065918,
            1.0872271728515626,
            null,
            null,
            null,
            [
                [
                    0.9913860559463501,
                    -0.006992726121097803,
                    0.13078530132770538
                ],
                [
                    0.012100527063012123,
                    0.9991929531097412,
                    -0.038301020860672
                ],
                [
                    -0.13041193783283234,
                    0.039553672075271606,
                    0.9906706213951111
                ]
            ]
        ],
        [
            0.04178091812133789,
            -0.008385822296142579,
            1.08508740234375,
            null,
            null,
            null,
            [
                [
                    0.9957265257835388,
                    0.016647398471832275,
                    0.09083773195743561
                ],
                [
                    -0.011700465343892574,
                    0.9984330534934998,
                    -0.054722294211387634
                ],
                [
                    -0.09160637855529785,
                    0.05342559888958931,
                    0.9943611025810242
                ]
            ]
        ],
        [
            0.05139543151855469,
            0.0024475927352905274,
            1.0823201904296875,
            null,
            null,
            null,
            [
                [
                    0.9980165362358093,
                    0.043725866824388504,
                    0.04528839513659477
                ],
                [
                    -0.040598053485155106,
                    0.9968711137771606,
                    -0.06782148033380508
                ],
                [
                    -0.04811224341392517,
                    0.06584833562374115,
                    0.9966690540313721
                ]
            ]
        ],
        [
            0.05909789276123047,
            0.015246203422546387,
            1.07506298828125,
            null,
            null,
            null,
            [
                [
                    0.9993037581443787,
                    0.0357198603451252,
                    -0.010772857815027237
                ],
                [
                    -0.03627223148941994,
                    0.9977496266365051,
                    -0.05639179050922394
                ],
                [
                    0.008734308183193207,
                    0.056743282824754715,
                    0.9983506202697754
                ]
            ]
        ],
        [
            0.059451526641845706,
            0.025013580322265624,
            1.06851611328125,
            null,
            null,
            null,
            [
                [
                    0.9974653124809265,
                    0.036135561764240265,
                    -0.061295561492443085
                ],
                [
                    -0.03985439985990524,
                    0.9973677396774292,
                    -0.060574378818273544
                ],
                [
                    0.05894532799720764,
                    0.06286374479532242,
                    0.9962798953056335
                ]
            ]
        ],
        [
            0.05134362030029297,
            0.031130544662475584,
            1.0630238037109374,
            null,
            null,
            null,
            [
                [
                    0.9970430731773376,
                    0.012966490350663662,
                    -0.0757431834936142
                ],
                [
                    -0.01826680824160576,
                    0.9974001049995422,
                    -0.06970944255590439
                ],
                [
                    0.0746423676609993,
                    0.07088690251111984,
                    0.9946876764297485
                ]
            ]
        ],
        [
            0.037503002166748046,
            0.03521640777587891,
            1.06063427734375,
            null,
            null,
            null,
            [
                [
                    0.9985048174858093,
                    -0.003291710279881954,
                    -0.05456447973847389
                ],
                [
                    -0.0008595980471000075,
                    0.9971163272857666,
                    -0.07588326930999756
                ],
                [
                    0.054656919091939926,
                    0.07581671327352524,
                    0.9956226348876953
                ]
            ]
        ],
        [
            0.017973928451538085,
            0.03790145874023437,
            1.063798583984375,
            null,
            null,
            null,
            [
                [
                    0.999893844127655,
                    -0.013332043774425983,
                    -0.005878833122551441
                ],
                [
                    0.012805452570319176,
                    0.9965513348579407,
                    -0.08198440074920654
                ],
                [
                    0.006951578892767429,
                    0.08190041780471802,
                    0.9966162443161011
                ]
            ]
        ],
        [
            0.002688197135925293,
            0.04047999572753906,
            1.0668172607421875,
            null,
            null,
            null,
            [
                [
                    0.9962067604064941,
                    -0.032429542392492294,
                    0.08074876666069031
                ],
                [
                    0.037475310266017914,
                    0.9973862171173096,
                    -0.0617765448987484
                ],
                [
                    -0.0785343199968338,
                    0.06456829607486725,
                    0.9948182106018066
                ]
            ]
        ],
        [
            6.54870942234993e-05,
            0.046785293579101564,
            1.0732332763671875,
            null,
            null,
            null,
            [
                [
                    0.9852220416069031,
                    -0.05145283043384552,
                    0.1633712351322174
                ],
                [
                    0.052290357649326324,
                    0.9986315965652466,
                    -0.0008275103755295277
                ],
                [
                    -0.1631051003932953,
                    0.009358021430671215,
                    0.9865643382072449
                ]
            ]
        ],
        [
            0.003786195755004883,
            0.053481006622314455,
            1.07642822265625,
            null,
            null,
            null,
            [
                [
                    0.9840683341026306,
                    -0.0700249969959259,
                    0.16341960430145264
                ],
                [
                    0.07145129889249802,
                    0.997439980506897,
                    -0.002859080908820033
                ],
                [
                    -0.16280104219913483,
                    0.014490073546767235,
                    0.9865525364875793
                ]
            ]
        ],
        [
            0.012932795524597168,
            0.05550040817260742,
            1.0770592041015625,
            null,
            null,
            null,
            [
                [
                    0.9896417856216431,
                    -0.06125981733202934,
                    0.12983199954032898
                ],
                [
                    0.0698525533080101,
                    0.9955853223800659,
                    -0.06269358098506927
                ],
                [
                    -0.12541824579238892,
                    0.07111328095197678,
                    0.9895520210266113
                ]
            ]
        ],
        [
            0.02909040641784668,
            0.060617843627929685,
            1.07708642578125,
            null,
            null,
            null,
            [
                [
                    0.9948421716690063,
                    0.012035115621984005,
                    0.10071834176778793
                ],
                [
                    -0.0023581357672810555,
                    0.9954120516777039,
                    -0.09565215557813644
                ],
                [
                    -0.10140743106603622,
                    0.0949212908744812,
                    0.9903062582015991
                ]
            ]
        ],
        [
            0.04510306167602539,
            0.06495348358154297,
            1.0730172119140624,
            null,
            null,
            null,
            [
                [
                    0.998988926410675,
                    0.026669370010495186,
                    0.03619200363755226
                ],
                [
                    -0.02361772581934929,
                    0.9963299036026001,
                    -0.08227353543043137
                ],
                [
                    -0.03825335577130318,
                    0.08133558183908463,
                    0.9959524273872375
                ]
            ]
        ],
        [
            0.05669039916992188,
            0.06687582397460938,
            1.071661865234375,
            null,
            null,
            null,
            [
                [
                    0.9991478323936462,
                    0.03857484087347984,
                    0.014681823551654816
                ],
                [
                    -0.03747241571545601,
                    0.9969037771224976,
                    -0.06912781298160553
                ],
                [
                    -0.01730296015739441,
                    0.0685187429189682,
                    0.9974997639656067
                ]
            ]
        ],
        [
            0.061588779449462894,
            0.06668972778320313,
            1.071363525390625,
            null,
            null,
            null,
            [
                [
                    0.999158501625061,
                    0.032212793827056885,
                    -0.025389330461621284
                ],
                [
                    -0.034031715244054794,
                    0.996617317199707,
                    -0.07480502873659134
                ],
                [
                    0.022893765941262245,
                    0.07560612261295319,
                    0.9968749284744263
                ]
            ]
        ],
        [
            0.061483139038085936,
            0.06568781280517579,
            1.071112548828125,
            null,
            null,
            null,
            [
                [
                    0.9994131326675415,
                    0.028457138687372208,
                    -0.01906680501997471
                ],
                [
                    -0.029725925996899605,
                    0.9971078038215637,
                    -0.06994593888521194
                ],
                [
                    0.017021197825670242,
                    0.07047166675329208,
                    0.997368574142456
                ]
            ]
        ],
        [
            0.05375530624389648,
            0.06452245330810547,
            1.0918448486328125,
            null,
            null,
            null,
            [
                [
                    0.9231247305870056,
                    0.3797312080860138,
                    -0.060373179614543915
                ],
                [
                    -0.3841990530490875,
                    0.9171766638755798,
                    -0.105726458132267
                ],
                [
                    0.015225234441459179,
                    0.12079402804374695,
                    0.9925608038902283
                ]
            ]
        ],
        [
            0.04335304641723633,
            0.06127951812744141,
            1.1719375,
            null,
            null,
            null,
            [
                [
                    0.7496026754379272,
                    0.6617826223373413,
                    0.011814127676188946
                ],
                [
                    -0.6532022953033447,
                    0.7425301671028137,
                    -0.14824213087558746
                ],
                [
                    -0.1068764179944992,
                    0.10340569168329239,
                    0.9888805150985718
                ]
            ]
        ],
        [
            0.03655558013916015,
            0.0543471794128418,
            1.255803466796875,
            null,
            null,
            null,
            [
                [
                    0.6701944470405579,
                    0.7280421257019043,
                    0.1442016363143921
                ],
                [
                    -0.7054056525230408,
                    0.6852485537528992,
                    -0.1812107115983963
                ],
                [
                    -0.23074299097061157,
                    0.01972576417028904,
                    0.9728147387504578
                ]
            ]
        ],
        [
            0.042489917755126956,
            0.04370770263671875,
            1.3249637451171874,
            null,
            null,
            null,
            [
                [
                    0.729691743850708,
                    0.6717972159385681,
                    0.12743011116981506
                ],
                [
                    -0.6571376919746399,
                    0.7404900193214417,
                    -0.14087070524692535
                ],
                [
                    -0.188997283577919,
                    0.019053054973483086,
                    0.9817927479743958
                ]
            ]
        ],
        [
            0.05053301620483398,
            0.034166744232177734,
            1.375330810546875,
            null,
            null,
            null,
            [
                [
                    0.723293125629425,
                    0.669455349445343,
                    0.1693415343761444
                ],
                [
                    -0.6489198207855225,
                    0.7427939176559448,
                    -0.16480377316474915
                ],
                [
                    -0.23611463606357574,
                    0.009312362410128117,
                    0.9716805815696716
                ]
            ]
        ],
        [
            0.06276065063476563,
            0.027009067535400392,
            1.3996383056640624,
            null,
            null,
            null,
            [
                [
                    0.7178342342376709,
                    0.6823192238807678,
                    0.13839983940124512
                ],
                [
                    -0.6696449518203735,
                    0.7310532331466675,
                    -0.1309075653553009
                ],
                [
                    -0.19049839675426483,
                    0.001291175838559866,
                    0.9816866517066956
                ]
            ]
        ],
        [
            0.07612908935546875,
            0.02333518409729004,
            1.4067850341796875,
            null,
            null,
            null,
            [
                [
                    0.7363954782485962,
                    0.6655067801475525,
                    0.12174756824970245
                ],
                [
                    -0.6599962711334229,
                    0.7462141513824463,
                    -0.08700191974639893
                ],
                [
                    -0.14875012636184692,
                    -0.01628512516617775,
                    0.9887406826019287
                ]
            ]
        ],
        [
