{
    "radius": 0.25,
    "angular_speed": 11,
    "save_freq": 0.1,
    "pid_gains": {
        "pid_rate": {
            "roll_kp": "50.0",
            "roll_ki": "0.0",
            "roll_kd": "0.0",
            "pitch_kp": "50.0",
            "pitch_ki": "0.0",
            "pitch_kd": "0.0",
            "yaw_kp": "80.0",
            "yaw_ki": "0.0",
            "yaw_kd": "0.0"
        },
        "pid_attitude": {
            "roll_kp": "10.0",
            "roll_ki": "0.5",
            "roll_kd": "0.5",
            "pitch_kp": "13.0",
            "pitch_ki": "0.5",
            "pitch_kd": "1.5",
            "yaw_kp": "8.0",
            "yaw_ki": "0.5",
            "yaw_kd": "0.5"
        },
        "velCtlPid": {
            "vxKp": "15.0",
            "vxKi": "1.0",
            "vxKd": "0.0",
            "vyKp": "10.0",
            "vyKi": "1.0",
            "vyKd": "0.0",
            "vzKp": "12.5",
            "vzKi": "0.5",
            "vzKd": "0.0"
        },
        "posCtlPid": {
            "xKp": "1.5",
            "xKi": "0.20000000298023224",
            "xKd": "0.20000000298023224",
            "yKp": "1.5",
            "yKi": "0.20000000298023224",
            "yKd": "0.20000000298023224",
            "zKp": "5.0",
            "zKi": "0.5",
            "zKd": "0.0"
        }
    },
    "pose": [
        [
            0.00898465633392334,
            0.029817781448364257,
            0.26182382202148435,
            null,
            null,
            null,
            [
                [
                    0.9951906800270081,
                    0.07024230062961578,
                    0.06827515363693237
                ],
                [
                    -0.07168389111757278,
                    0.9972484111785889,
                    0.018895942717790604
                ],
                [
                    -0.06675998866558075,
                    -0.02369929477572441,
                    0.9974875450134277
                ]
            ]
        ],
        [
            0.009064493179321289,
            0.029726966857910157,
            0.26171759033203124,
            null,
            null,
            null,
            [
                [
                    0.9954321980476379,
                    0.06529617309570312,
                    0.06964992731809616
                ],
                [
                    -0.06654447317123413,
                    0.9976590871810913,
                    0.01575303263962269
                ],
                [
                    -0.06845826655626297,
                    -0.02031589299440384,
                    0.99744713306427
                ]
            ]
        ],
        [
            0.006801334857940674,
            0.02637103271484375,
            0.2811566772460937,
            null,
            null,
            null,
            [
                [
                    0.9926354289054871,
                    0.06564124673604965,
                    0.10181392729282379
                ],
                [
                    -0.06346852332353592,
                    0.9976845979690552,
                    -0.024438273161649704
                ],
                [
                    -0.1031823381781578,
                    0.017796317115426064,
                    0.9945032596588135
                ]
            ]
        ],
        [
            0.004317458629608154,
            0.023779512405395508,
            0.3679075317382812,
            null,
            null,
            null,
            [
                [
                    0.995800256729126,
                    0.08413873612880707,
                    0.036091119050979614
                ],
                [
                    -0.08163751661777496,
                    0.9944789409637451,
                    -0.06593161076307297
                ],
                [
                    -0.04143926128745079,
                    0.06270832568407059,
                    0.9971712231636047
                ]
            ]
        ],
        [
            -0.007859420776367188,
            0.011835041999816895,
            0.4881867370605469,
            null,
            null,
            null,
            [
                [
                    0.998101532459259,
                    0.05941415950655937,
                    0.016227243468165398
                ],
                [
                    -0.05763419345021248,
                    0.9938949942588806,
                    -0.09408001601696014
                ],
                [
                    -0.0217178612947464,
                    0.09296616166830063,
                    0.9954323768615723
                ]
            ]
        ],
        [
            -0.018736019134521484,
            -0.0026813907623291014,
            0.6018923950195313,
            null,
            null,
            null,
            [
                [
                    0.9916722774505615,
                    0.12073242664337158,
                    0.044830478727817535
                ],
                [
                    -0.12153448164463043,
                    0.9924644827842712,
                    0.015608412213623524
                ],
                [
                    -0.042608216404914856,
                    -0.020926879718899727,
                    0.9988726377487183
                ]
            ]
        ],
        [
            -0.03277663803100586,
            -0.03101371765136719,
            0.7327352294921875,
            null,
            null,
            null,
            [
                [
                    0.994661808013916,
                    0.07072808593511581,
                    0.0751362219452858
                ],
                [
                    -0.06238316372036934,
                    0.9921772480010986,
                    -0.10813229531049728
                ],
                [
                    -0.082196444272995,
                    0.10286782681941986,
                    0.9912930727005005
                ]
            ]
        ],
        [
            -0.03648511123657226,
            -0.0520964241027832,
            0.85427880859375,
            null,
            null,
            null,
            [
                [
                    0.9975324869155884,
                    0.0671764612197876,
                    -0.02040359191596508
                ],
                [
                    -0.06839829683303833,
                    0.9954283833503723,
                    -0.06666312366724014
                ],
                [
                    0.015832122415304184,
                    0.06789419800043106,
                    0.9975668787956238
                ]
            ]
        ],
        [
            -0.032476253509521484,
            -0.07169758605957031,
            0.9780686645507812,
            null,
            null,
            null,
            [
                [
                    0.986711859703064,
                    0.06960675865411758,
                    0.1468149572610855
                ],
                [
                    -0.07037989795207977,
                    0.9975202679634094,
                    7.168878801167011e-05
                ],
                [
                    -0.14644590020179749,
                    -0.010403558611869812,
                    0.9891639947891235
                ]
            ]
        ],
        [
            -0.02658856201171875,
            -0.08293299102783203,
            1.07794482421875,
            null,
            null,
            null,
            [
                [
                    0.990760326385498,
                    0.0817541778087616,
                    0.10821367800235748
                ],
                [
                    -0.0790792778134346,
                    0.9964525103569031,
                    -0.028790663927793503
                ],
                [
                    -0.11018354445695877,
                    0.01996718905866146,
                    0.9937106966972351
                ]
            ]
        ],
        [
            -0.014964455604553223,
            -0.08521998596191406,
            1.1456568603515624,
            null,
            null,
            null,
            [
                [
                    0.9911180734634399,
                    0.07812531292438507,
                    0.10761673003435135
                ],
                [
                    -0.08602511137723923,
                    0.9937721490859985,
                    0.07082807272672653
                ],
                [
                    -0.10141304135322571,
                    -0.07945672422647476,
                    0.9916662573814392
                ]
            ]
        ],
        [
            -0.005802523612976074,
            -0.08230845642089844,
            1.1755615234375,
            null,
            null,
            null,
            [
                [
                    0.9919875860214233,
                    0.08296842873096466,
                    0.09527261555194855
                ],
                [
                    -0.08901498466730118,
                    0.9941564202308655,
                    0.061068546026945114
                ],
                [
                    -0.08964912593364716,
                    -0.06905993074178696,
                    0.9935762286186218
                ]
            ]
        ],
        [
            0.001914584517478943,
            -0.07430669403076172,
            1.1765946044921876,
            null,
            null,
            null,
            [
                [
                    0.991560697555542,
                    0.0990866869688034,
                    0.0836017057299614
                ],
                [
                    -0.10126977413892746,
                    0.994609534740448,
                    0.022279029712080956
                ],
                [
                    -0.08094349503517151,
                    -0.030557334423065186,
                    0.9962501525878906
                ]
            ]
        ],
        [
            0.007149884223937988,
            -0.06938189697265625,
            1.1603934326171874,
            null,
            null,
            null,
            [
                [
                    0.9889671206474304,
                    0.12717334926128387,
                    0.07596670836210251
                ],
                [
                    -0.12373310327529907,
                    0.9911338090896606,
                    -0.04841366782784462
                ],
                [
                    -0.08145009726285934,
                    0.03847992792725563,
                    0.9959343075752258
                ]
            ]
        ],
        [
            0.012343887329101563,
            -0.060607105255126956,
            1.1364759521484376,
            null,
            null,
            null,
            [
                [
                    0.9874260425567627,
                    0.11743621528148651,
                    0.10582298785448074
                ],
                [
                    -0.111006960272789,
                    0.991708517074585,
                    -0.06474331021308899
                ],
                [
                    -0.11254876106977463,
                    0.052182141691446304,
                    0.992275059223175
                ]
            ]
        ],
        [
            0.015562484741210938,
            -0.05400905990600586,
            1.1106673583984374,
            null,
            null,
            null,
            [
                [
                    0.9883626103401184,
                    0.1472577005624771,
                    0.03813818842172623
                ],
                [
                    -0.14345023036003113,
                    0.9857017397880554,
                    -0.08839776366949081
                ],
                [
                    -0.05061012879014015,
                    0.08189811557531357,
                    0.9953548908233643
                ]
            ]
        ],
        [
            0.01583719825744629,
            -0.051089149475097656,
            1.0947005615234375,
            null,
            null,
            null,
            [
                [
                    0.9835019111633301,
                    0.18049196898937225,
                    0.012111252173781395
                ],
                [
                    -0.1784064620733261,
                    0.978853702545166,
                    -0.10008292645215988
                ],
                [
                    -0.029919307678937912,
                    0.09627102315425873,
                    0.994905412197113
                ]
            ]
        ],
        [
            0.011771596908569337,
            -0.05035659027099609,
            1.087126220703125,
            null,
            null,
            null,
            [
                [
                    0.987800657749176,
                    0.15556412935256958,
                    0.00704587809741497
                ],
                [
                    -0.15397560596466064,
                    0.9824725985527039,
                    -0.10506732016801834
                ],
                [
                    -0.02326708845794201,
                    0.10270067304372787,
                    0.9944401383399963
                ]
            ]
        ],
        [
            0.005883116722106934,
            -0.04614596939086914,
            1.0884910888671875,
            null,
            null,
            null,
            [
                [
                    0.9778505563735962,
                    0.20029550790786743,
                    0.06074559688568115
                ],
                [
                    -0.19746211171150208,
                    0.9790557026863098,
                    -0.04958436265587807
                ],
                [
                    -0.06940484791994095,
                    0.036491140723228455,
                    0.9969209432601929
                ]
            ]
        ],
        [
            0.0019590963125228882,
            -0.04544187164306641,
            1.090115966796875,
            null,
            null,
            null,
            [
                [
                    0.9819032549858093,
                    0.15926605463027954,
                    0.102471262216568
                ],
                [
                    -0.15525786578655243,
                    0.9868014454841614,
                    -0.04602048546075821
                ],
                [
                    -0.10844829678535461,
                    0.029278192669153214,
                    0.9936708211898804
                ]
            ]
        ],
        [
            -0.0018112636804580688,
            -0.0427047348022461,
            1.091909912109375,
            null,
            null,
            null,
            [
                [
                    0.978403627872467,
                    0.16004976630210876,
                    0.13080663979053497
                ],
                [
                    -0.1573551446199417,
                    0.9870631694793701,
                    -0.030750710517168045
                ],
                [
                    -0.13403606414794922,
                    0.009503509849309921,
                    0.9909308552742004
                ]
            ]
        ],
        [
            -0.001410556674003601,
            -0.034681278228759764,
            1.091110107421875,
            null,
            null,
            null,
            [
                [
                    0.9803965091705322,
                    0.14535939693450928,
                    0.13301606476306915
                ],
                [
                    -0.14096945524215698,
                    0.9891270399093628,
                    -0.0418967641890049
                ],
                [
                    -0.13765986263751984,
                    0.02232423983514309,
                    0.9902279376983643
                ]
            ]
        ],
        [
            0.001620243787765503,
            -0.030385536193847658,
            1.087215087890625,
            null,
            null,
            null,
            [
                [
                    0.9796794652938843,
                    0.15674082934856415,
                    0.12514185905456543
                ],
                [
                    -0.15130485594272614,
                    0.9871247410774231,
                    -0.05188105255365372
                ],
                [
                    -0.1316625028848648,
                    0.03189222887158394,
                    0.9907814264297485
                ]
            ]
        ],
        [
            0.00942292594909668,
            -0.02477951240539551,
            1.0838397216796876,
            null,
            null,
            null,
            [
                [
                    0.9849638938903809,
                    0.14330245554447174,
                    0.09649094939231873
                ],
                [
                    -0.13836604356765747,
                    0.988792359828949,
                    -0.05607596039772034
                ],
                [
                    -0.10344533622264862,
                    0.04188172519207001,
                    0.9937529563903809
                ]
            ]
        ],
        [
            0.016233673095703127,
            -0.02715719985961914,
            1.08009912109375,
            null,
            null,
            null,
            [
                [
                    0.9790176749229431,
                    0.18382543325424194,
                    0.08793536573648453
                ],
                [
                    -0.17152023315429688,
                    0.9763699173927307,
                    -0.13146334886550903
                ],
                [
                    -0.11002375185489655,
                    0.11362224072217941,
                    0.9874131679534912
                ]
            ]
        ],
        [
            0.02537115478515625,
            -0.02655109405517578,
            1.0777694091796874,
            null,
            null,
            null,
            [
                [
                    0.9814531207084656,
                    0.17417268455028534,
                    0.08008530735969543
                ],
                [
                    -0.16707244515419006,
                    0.9819927215576172,
                    -0.08818760514259338
                ],
                [
                    -0.09400305896997452,
                    0.0731719508767128,
                    0.9928792715072632
                ]
            ]
        ],
        [
            0.03596795654296875,
            -0.023913570404052734,
            1.078225341796875,
            null,
            null,
            null,
            [
                [
                    0.9828463196754456,
                    0.16514936089515686,
                    0.08209041506052017
                ],
                [
                    -0.1605577915906906,
                    0.9852167367935181,
                    -0.05974254384636879
                ],
                [
                    -0.0907432958483696,
                    0.04553748294711113,
                    0.9948326349258423
                ]
            ]
        ],
        [
            0.04373247146606445,
            -0.026557449340820313,
            1.0771583251953125,
            null,
            null,
            null,
            [
                [
                    0.984222948551178,
                    0.16042916476726532,
                    0.07461705058813095
                ],
                [
                    -0.1577288657426834,
                    0.9866387248039246,
                    -0.04081183299422264
                ],
                [
                    -0.08016747981309891,
                    0.028398677706718445,
                    0.9963767528533936
                ]
            ]
        ],
        [
            0.05158638381958008,
            -0.023385854721069337,
            1.073544677734375,
            null,
            null,
            null,
            [
                [
                    0.9868952035903931,
                    0.13362078368663788,
                    0.09046181291341782
                ],
                [
                    -0.1312556117773056,
                    0.990843653678894,
                    -0.03163528069853783
                ],
                [
                    -0.09386064857244492,
                    0.019347084686160088,
                    0.9953973293304443
                ]
            ]
        ],
        [
            0.05741741561889648,
            -0.02286575126647949,
            1.070448974609375,
            null,
            null,
            null,
            [
                [
                    0.9885768890380859,
                    0.12045297771692276,
                    0.09059132635593414
                ],
                [
                    -0.11508221924304962,
                    0.9913967847824097,
                    -0.062357738614082336
                ],
                [
                    -0.09732312709093094,
                    0.05121996998786926,
                    0.9939339756965637
                ]
            ]
        ],
        [
            0.06230903244018555,
            -0.02106434440612793,
            1.0672347412109375,
            null,
            null,
            null,
            [
                [
                    0.9882044792175293,
                    0.12155250459909439,
                    0.09314995259046555
                ],
                [
                    -0.11861914396286011,
                    0.9922714233398438,
                    -0.036426298320293427
                ],
                [
                    -0.09685774147510529,
                    0.024947265163064003,
                    0.9949855208396912
                ]
            ]
        ],
        [
            0.06689217376708985,
            -0.02091703987121582,
            1.065629150390625,
            null,
            null,
            null,
            [
                [
                    0.9876881241798401,
                    0.12996362149715424,
                    0.08707233518362045
                ],
                [
                    -0.12456842511892319,
                    0.990093469619751,
                    -0.06478951871395111
                ],
                [
                    -0.09463002532720566,
                    0.053145378828048706,
                    0.9940929412841797
                ]
            ]
        ],
        [
            0.06907842254638671,
            -0.022729291915893554,
            1.06422412109375,
            null,
            null,
            null,
            [
                [
                    0.9900375604629517,
                    0.12068863213062286,
                    0.0725247785449028
                ],
                [
                    -0.11733955144882202,
                    0.9918919205665588,
                    -0.04880417510867119
                ],
                [
                    -0.0778268501162529,
                    0.039807941764593124,
                    0.9961718320846558
                ]
            ]
        ],
        [
            0.06837345886230468,
            -0.02368680191040039,
            1.0627982177734374,
            null,
            null,
            null,
            [
                [
                    0.9917213320732117,
                    0.1211511641740799,
                    0.042558129876852036
                ],
                [
                    -0.11857827007770538,
                    0.9912185072898865,
                    -0.05852407217025757
                ],
                [
                    -0.04927466809749603,
                    0.05299310013651848,
                    0.997378408908844
                ]
            ]
        ],
        [
            0.06519703674316406,
            -0.027804794311523436,
            1.06294921875,
            null,
            null,
            null,
            [
                [
                    0.9915649890899658,
                    0.12442463636398315,
                    0.03629538044333458
                ],
                [
                    -0.12178999185562134,
                    0.9902582168579102,
                    -0.06749701499938965
                ],
                [
                    -0.044340088963508606,
                    0.062507264316082,
                    0.9970590472221375
                ]
            ]
        ],
        [
            0.059124977111816406,
            -0.026888837814331056,
            1.06121044921875,
            null,
            null,
            null,
            [
                [
                    0.9891438484191895,
                    0.14155073463916779,
                    0.03946955129504204
                ],
                [
                    -0.1388535499572754,
                    0.988223671913147,
                    -0.06429392099380493
                ],
                [
                    -0.048105597496032715,
                    0.05811545252799988,
                    0.997150182723999
                ]
            ]
        ],
        [
            0.053215419769287106,
            -0.02603548049926758,
            1.0611712646484375,
            null,
            null,
            null,
            [
                [
                    0.9847327470779419,
                    0.16597136855125427,
                    0.052486907690763474
                ],
                [
                    -0.1625877171754837,
                    0.9846638441085815,
                    -0.06326435506343842
                ],
                [
                    -0.06218203157186508,
                    0.05376476049423218,
                    0.9966156482696533
                ]
            ]
        ],
        [
            0.048244556427001956,
            -0.023774438858032227,
            1.06181689453125,
            null,
            null,
            null,
            [
                [
                    0.9833121299743652,
                    0.16973142325878143,
                    0.06548646837472916
                ],
                [
                    -0.16678526997566223,
                    0.984817385673523,
                    -0.04813934117555618
                ],
                [
                    -0.07266297191381454,
                    0.03641381859779358,
                    0.9966915845870972
                ]
            ]
        ],
        [
            0.04338261413574219,
            -0.03033161163330078,
            1.0657467041015625,
            null,
            null,
            null,
            [
                [
                    0.9824519157409668,
                    0.17333130538463593,
                    0.06888052821159363
                ],
                [
                    -0.16616807878017426,
                    0.981130838394165,
                    -0.09884579479694366
                ],
                [
                    -0.0847138836979866,
                    0.0856654942035675,
                    0.9927159547805786
                ]
            ]
        ],
        [
            0.042677913665771484,
            -0.03839947891235351,
            1.0696370849609376,
            null,
            null,
            null,
            [
                [
                    0.98036128282547,
                    0.17841191589832306,
                    0.08402957767248154
                ],
                [
                    -0.16758272051811218,
                    0.9782876372337341,
                    -0.12194003909826279
                ],
                [
                    -0.10396064817905426,
                    0.10546338558197021,
                    0.9889740347862244
                ]
            ]
        ],
        [
            0.04646564102172852,
            -0.049826934814453126,
            1.070289306640625,
            null,
            null,
            null,
            [
                [
                    0.9751505255699158,
                    0.18189160525798798,
                    0.12647898495197296
                ],
                [
                    -0.17088565230369568,
                    0.9808825850486755,
                    -0.09309908747673035
                ],
                [
                    -0.14099496603012085,
                    0.06917218118906021,
                    0.9875908493995667
                ]
            ]
        ],
        [
            0.053669677734375,
            -0.060960861206054685,
            1.069938232421875,
            null,
            null,
            null,
            [
                [
                    0.9722792506217957,
                    0.1982501596212387,
                    0.12397574633359909
                ],
                [
                    -0.19083517789840698,
                    0.9791807532310486,
                    -0.06918825209140778
                ],
                [
                    -0.1351112425327301,
                    0.04361136630177498,
                    0.9898701906204224
                ]
            ]
        ],
        [
            0.0604012336730957,
            -0.07741040802001953,
            1.0689320068359376,
            null,
            null,
            null,
            [
                [
                    0.9738399386405945,
                    0.20650994777679443,
                    0.09481239318847656
                ],
                [
                    -0.19768919050693512,
                    0.9756871461868286,
                    -0.09462333470582962
                ],
                [
                    -0.11204788833856583,
                    0.07340460270643234,
                    0.9909878969192505
                ]
            ]
        ],
        [
            0.06724797058105468,
            -0.08687042999267579,
            1.0666383056640625,
            null,
            null,
            null,
            [
                [
                    0.9732924699783325,
                    0.22080206871032715,
                    0.062835194170475
                ],
                [
                    -0.22120706737041473,
                    0.9752267003059387,
                    -0.0005236436263658106
                ],
                [
                    -0.061394184827804565,
                    -0.013389931060373783,
                    0.9980238080024719
                ]
            ]
        ],
        [
            0.06924723815917969,
            -0.09171107482910157,
            1.0633133544921876,
            null,
            null,
            null,
            [
                [
                    0.9717867970466614,
                    0.23475946485996246,
                    0.02276836708188057
                ],
                [
                    -0.23529721796512604,
                    0.9716067910194397,
                    0.024808356538414955
                ],
                [
                    -0.016297904774546623,
                    -0.029465768486261368,
                    0.9994329214096069
                ]
            ]
        ],
        [
            0.06656356811523438,
            -0.09797591400146484,
            1.0608035888671874,
            null,
            null,
            null,
            [
                [
                    0.9710825681686401,
                    0.2381746768951416,
                    -0.016474658623337746
                ],
                [
                    -0.2381095290184021,
                    0.9712207913398743,
                    0.005838016513735056
                ],
                [
                    0.01739099808037281,
                    -0.001746422960422933,
                    0.9998472332954407
                ]
            ]
        ],
        [
            0.0596417350769043,
            -0.0962274169921875,
            1.0578201904296876,
            null,
            null,
            null,
            [
                [
                    0.9705738425254822,
                    0.23996469378471375,
                    -0.020084038376808167
                ],
                [
                    -0.2396695613861084,
                    0.9707221388816833,
                    0.016033580526709557
                ],
                [
                    0.023343512788414955,
                    -0.010748242028057575,
                    0.9996697306632996
                ]
            ]
        ],
        [
            0.04792890930175781,
            -0.09573831939697265,
            1.0561126708984374,
            null,
            null,
            null,
            [
                [
                    0.9743435382843018,
                    0.22399798035621643,
                    -0.021900104358792305
                ],
                [
                    -0.22456321120262146,
                    0.9740540385246277,
                    -0.028108391910791397
                ],
                [
                    0.015035661868751049,
                    0.03230518847703934,
                    0.999364972114563
                ]
            ]
        ],
        [
            0.033766746520996094,
            -0.09810281372070312,
            1.0543773193359376,
            null,
            null,
            null,
            [
                [
                    0.974290668964386,
                    0.22457826137542725,
                    -0.017951959744095802
                ],
                [
                    -0.22517527639865875,
                    0.9732715487480164,
                    -0.04515072703361511
                ],
                [
                    0.007332260254770517,
                    0.04803226888179779,
                    0.9988188743591309
                ]
            ]
        ],
        [
            0.015022189140319823,
            -0.10081807708740234,
            1.052957275390625,
            null,
            null,
            null,
            [
                [
                    0.9717671275138855,
                    0.23581477999687195,
                    0.007746286224573851
                ],
                [
                    -0.2350674718618393,
                    0.9704675078392029,
                    -0.05418550595641136
                ],
                [
                    -0.020295262336730957,
                    0.05083479359745979,
                    0.9985008239746094
                ]
            ]
        ],
        [
            0.0009758625030517578,
            -0.10729671478271484,
            1.068292236328125,
            null,
            null,
            null,
            [
                [
                    0.8376660346984863,
                    0.5452849268913269,
                    0.031304292380809784
                ],
                [
                    -0.5375561118125916,
                    0.83322674036026,
                    -0.12948618829250336
                ],
                [
                    -0.09669043868780136,
                    0.09163836389780045,
                    0.9910869598388672
                ]
            ]
        ],
        [
            -0.006930564880371094,
            -0.11036337280273438,
            1.1123326416015624,
            null,
            null,
            null,
            [
                [
                    0.6406881809234619,
                    0.7589082717895508,
                    0.11651993542909622
                ],
                [
                    -0.7546161413192749,
                    0.6503961086273193,
                    -0.08682961761951447
                ],
                [
                    -0.14167983829975128,
                    -0.03229711204767227,
                    0.9893855452537537
                ]
            ]
        ],
        [
            -0.007078523159027099,
            -0.12098873138427735,
            1.15627001953125,
            null,
            null,
            null,
            [
                [
                    0.5679100155830383,
                    0.8080378174781799,
                    0.1566942185163498
                ],
                [
                    -0.8010095357894897,
                    0.5863672494888306,
                    -0.12065306305885315
                ],
                [
                    -0.18937259912490845,
                    -0.056993477046489716,
                    0.98024982213974
                ]
            ]
        ],
        [
            -0.0008682072162628174,
            -0.13223944091796874,
            1.1952933349609376,
            null,
            null,
            null,
            [
                [
                    0.5101065635681152,
                    0.8454827666282654,
                    0.15795615315437317
                ],
                [
                    -0.8496446013450623,
                    0.5238916277885437,
                    -0.06034620478749275
                ],
                [
                    -0.1337735801935196,
                    -0.1034235954284668,
                    0.9856004118919373
                ]
            ]
        ],
        [
            0.011860522270202636,
            -0.13809666442871094,
            1.2197269287109376,
            null,
            null,
            null,
            [
                [
                    0.5166866183280945,
                    0.8473297953605652,
                    0.12274830043315887
                ],
                [
                    -0.8507648706436157,
                    0.5242091417312622,
                    -0.03746902197599411
                ],
                [
                    -0.09609440714120865,
                    -0.08507019281387329,
                    0.991730272769928
                ]
            ]
        ],
        [
            0.019481054306030275,
            -0.1444192657470703,
            1.2337142333984374,
            null,
            null,
            null,
            [
                [
                    0.5003000497817993,
                    0.8644384145736694,
                    0.049458153545856476
                ],
                [
                    -0.8633838295936584,
                    0.5023692846298218,
                    -0.04683461785316467
                ],
                [
                    -0.06533189862966537,
                    -0.01927001029253006,
                    0.9976775050163269
                ]
            ]
        ],
        [
            0.025361595153808595,
            -0.1459635467529297,
            1.23896923828125,
            null,
            null,
            null,
            [
                [
                    0.5039246082305908,
                    0.8630343079566956,
                    0.035096246749162674
                ],
                [
                    -0.863325834274292,
                    0.5045322179794312,
                    -0.010755468159914017
                ],
                [
                    -0.0269895251840353,
                    -0.02487955056130886,
                    0.9993260502815247
                ]
            ]
        ],
        [
