{
    "radius": 0.5,
    "angular_speed": 15,
    "save_freq": 0.1,
    "pid_gains": {
        "pid_rate": {
            "roll_kp": "50.0",
            "roll_ki": "0.0",
            "roll_kd": "0.0",
            "pitch_kp": "50.0",
            "pitch_ki": "0.0",
            "pitch_kd": "0.0",
            "yaw_kp": "80.0",
            "yaw_ki": "0.0",
            "yaw_kd": "0.0"
        },
        "pid_attitude": {
            "roll_kp": "10.0",
            "roll_ki": "0.5",
            "roll_kd": "0.5",
            "pitch_kp": "13.0",
            "pitch_ki": "0.5",
            "pitch_kd": "1.5",
            "yaw_kp": "8.0",
            "yaw_ki": "0.5",
            "yaw_kd": "0.5"
        },
        "velCtlPid": {
            "vxKp": "15.0",
            "vxKi": "1.0",
            "vxKd": "0.0",
            "vyKp": "10.0",
            "vyKi": "1.0",
            "vyKd": "0.0",
            "vzKp": "12.5",
            "vzKi": "0.5",
            "vzKd": "0.0"
        },
        "posCtlPid": {
            "xKp": "1.5",
            "xKi": "0.20000000298023224",
            "xKd": "0.20000000298023224",
            "yKp": "1.5",
            "yKi": "0.20000000298023224",
            "yKd": "0.20000000298023224",
            "zKp": "5.0",
            "zKi": "0.5",
            "zKd": "0.0"
        }
    },
    "pose": [
        [
            0.02562937355041504,
            -0.011547415733337403,
            0.26068405151367186,
            null,
            null,
            null,
            [
                [
                    0.9964478015899658,
                    -0.04453016072511673,
                    0.07147613167762756
                ],
                [
                    0.042387522757053375,
                    0.9986133575439453,
                    0.031219635158777237
                ],
                [
                    -0.0727672353386879,
                    -0.028079040348529816,
                    0.9969536066055298
                ]
            ]
        ],
        [
            0.0254481201171875,
            -0.011539026260375977,
            0.26070477294921873,
            null,
            null,
            null,
            [
                [
                    0.9964310526847839,
                    -0.04554425925016403,
                    0.07106912136077881
                ],
                [
                    0.04339619725942612,
                    0.9985617995262146,
                    0.03148255497217178
                ],
                [
                    -0.07240075618028641,
                    -0.02828606590628624,
                    0.9969744086265564
                ]
            ]
        ],
        [
            0.023849449157714843,
            -0.007209580898284912,
            0.27182666015625,
            null,
            null,
            null,
            [
                [
                    0.9980599284172058,
                    -0.03997590020298958,
                    0.047731686383485794
                ],
                [
                    0.037928469479084015,
                    0.9983524084091187,
                    0.04305636137723923
                ],
                [
                    -0.04937426373362541,
                    -0.041162438690662384,
                    0.9979317784309387
                ]
            ]
        ],
        [
            0.02266131591796875,
            -0.011769818305969239,
            0.3480869445800781,
            null,
            null,
            null,
            [
                [
                    0.9866585731506348,
                    -0.0367719866335392,
                    0.15859614312648773
                ],
                [
                    0.04936036095023155,
                    0.9958716630935669,
                    -0.07617868483066559
                ],
                [
                    -0.15514017641544342,
                    0.08299071341753006,
                    0.9844003319740295
                ]
            ]
        ],
        [
            0.013861976623535156,
            -0.015056954383850098,
            0.457629150390625,
            null,
            null,
            null,
            [
                [
                    0.9984639286994934,
                    -0.021895166486501694,
                    0.0508962906897068
                ],
                [
                    0.033283017575740814,
                    0.9714161157608032,
                    -0.23503820598125458
                ],
                [
                    -0.04429527744650841,
                    0.23637114465236664,
                    0.97065269947052
                ]
            ]
        ],
        [
            0.00893413257598877,
            -0.033653697967529296,
            0.5753557739257813,
            null,
            null,
            null,
            [
                [
                    0.9975137710571289,
                    -0.014248911291360855,
                    0.06901614367961884
                ],
                [
                    0.012203256599605083,
                    0.9994762539863586,
                    0.029971713200211525
                ],
                [
                    -0.06940706074237823,
                    -0.029054975137114525,
                    0.9971652030944824
                ]
            ]
        ],
        [
            0.004826638698577881,
            -0.05419881057739258,
            0.7095769653320313,
            null,
            null,
            null,
            [
                [
                    0.9966340661048889,
                    -0.025399697944521904,
                    0.07794512808322906
                ],
                [
                    0.029868770390748978,
                    0.9979434609413147,
                    -0.05671645700931549
                ],
                [
                    -0.07634425163269043,
                    0.05885367840528488,
                    0.995343029499054
                ]
            ]
        ],
        [
            0.0007013999223709107,
            -0.07049752807617188,
            0.8302459106445312,
            null,
            null,
            null,
            [
                [
                    0.995884120464325,
                    -0.0403224341571331,
                    0.0811719298362732
                ],
                [
                    0.039140958338975906,
                    0.9991040825843811,
                    0.01609482616186142
                ],
                [
                    -0.08174818754196167,
                    -0.012851434759795666,
                    0.9965701699256897
                ]
            ]
        ],
        [
            -0.008056514739990235,
            -0.0833014373779297,
            0.9573666381835938,
            null,
            null,
            null,
            [
                [
                    0.997776210308075,
                    0.002001140732318163,
                    0.06662292778491974
                ],
                [
                    -0.002952448558062315,
                    0.9998950362205505,
                    0.014183590188622475
                ],
                [
                    -0.06658755242824554,
                    -0.014348750002682209,
                    0.9976773858070374
                ]
            ]
        ],
        [
            -0.01602608299255371,
            -0.0885584945678711,
            1.07133251953125,
            null,
            null,
            null,
            [
                [
                    0.997431218624115,
                    -0.02712683379650116,
                    0.06629551947116852
                ],
                [
                    0.02586539462208748,
                    0.9994691014289856,
                    0.01981249265372753
                ],
                [
                    -0.06679777801036835,
                    -0.01804683916270733,
                    0.9976032972335815
                ]
            ]
        ],
        [
            -0.020052373886108397,
            -0.08810848999023438,
            1.148720458984375,
            null,
            null,
            null,
            [
                [
                    0.9960851073265076,
                    -0.02266286313533783,
                    0.08544524759054184
                ],
                [
                    0.0246996209025383,
                    0.9994336366653442,
                    -0.022855551913380623
                ],
                [
                    -0.08487888425588608,
                    0.024876540526747704,
                    0.9960806965827942
                ]
            ]
        ],
        [
            -0.017473817825317383,
            -0.0879481201171875,
            1.18721923828125,
            null,
            null,
            null,
            [
                [
                    0.9935049414634705,
                    -0.03253593668341637,
                    0.10903836786746979
                ],
                [
                    0.031178142875432968,
                    0.9994139075279236,
                    0.01413474977016449
                ],
                [
                    -0.1094343513250351,
                    -0.010643329471349716,
                    0.9939370155334473
                ]
            ]
        ],
        [
            -0.009109054565429688,
            -0.08832256317138672,
            1.18904150390625,
            null,
            null,
            null,
            [
                [
                    0.9888378977775574,
                    -0.04730013385415077,
                    0.14128823578357697
                ],
                [
                    0.04941542074084282,
                    0.9987121224403381,
                    -0.01149863749742508
                ],
                [
                    -0.14056238532066345,
                    0.01835210621356964,
                    0.9899017214775085
                ]
            ]
        ],
        [
            0.004213830471038818,
            -0.08846736907958984,
            1.168596923828125,
            null,
            null,
            null,
            [
                [
                    0.9896098375320435,
                    -0.01956990920007229,
                    0.1424407660961151
                ],
                [
                    0.023485030978918076,
                    0.9993897676467896,
                    -0.02585672400891781
                ],
                [
                    -0.14184783399105072,
                    0.028933294117450714,
                    0.9894655346870422
                ]
            ]
        ],
        [
            0.02121591567993164,
            -0.08910462951660156,
            1.142247314453125,
            null,
            null,
            null,
            [
                [
                    0.9947486519813538,
                    -0.021647367626428604,
                    0.10003279149532318
                ],
                [
                    0.022476814687252045,
                    0.9997216463088989,
                    -0.00717204948887229
                ],
                [
                    -0.09984968602657318,
                    0.009382804855704308,
                    0.9949582815170288
                ]
            ]
        ],
        [
            0.03375508117675781,
            -0.086903564453125,
            1.122348876953125,
            null,
            null,
            null,
            [
                [
                    0.9964541792869568,
                    -0.017292514443397522,
                    0.08234092593193054
                ],
                [
                    0.01650828681886196,
                    0.9998117685317993,
                    0.010195505805313587
                ],
                [
                    -0.08250173181295395,
                    -0.008800046518445015,
                    0.996552050113678
                ]
            ]
        ],
        [
            0.05158904266357422,
            -0.08389871978759765,
            1.0966533203125,
            null,
            null,
            null,
            [
                [
                    0.9974177479743958,
                    -0.015153522603213787,
                    0.0702013224363327
                ],
                [
                    0.01595458947122097,
                    0.9998136758804321,
                    -0.010864338837563992
                ],
                [
                    -0.07002361118793488,
                    0.011956317350268364,
                    0.9974736571311951
                ]
            ]
        ],
        [
            0.05764369583129883,
            -0.07944392395019531,
            1.086627197265625,
            null,
            null,
            null,
            [
                [
                    0.9994714260101318,
                    -0.012790970504283905,
                    0.029887838289141655
                ],
                [
                    0.01325383223593235,
                    0.9997944831848145,
                    -0.015340167097747326
                ],
                [
                    -0.029685478657484055,
                    0.015728186815977097,
                    0.999435544013977
                ]
            ]
        ],
        [
            0.057492134094238284,
            -0.06355423736572266,
            1.078572509765625,
            null,
            null,
            null,
            [
                [
                    0.9998452067375183,
                    0.002752280095592141,
                    -0.017378993332386017
                ],
                [
                    -0.002778467023745179,
                    0.9999950528144836,
                    -0.0014828529674559832
                ],
                [
                    0.017374824732542038,
                    0.0015309103764593601,
                    0.9998478889465332
                ]
            ]
        ],
        [
            0.05056705093383789,
            -0.04931574249267578,
            1.078047607421875,
            null,
            null,
            null,
            [
                [
                    0.9994849562644958,
                    -0.01955447345972061,
                    -0.025445299223065376
                ],
                [
                    0.020572269335389137,
                    0.9989728927612305,
                    0.040372271090745926
                ],
                [
                    0.024629706516861916,
                    -0.040874943137168884,
                    0.9988606572151184
                ]
            ]
        ],
        [
            0.038205669403076174,
            -0.03391994857788086,
            1.080915283203125,
            null,
            null,
            null,
            [
                [
                    0.9998728632926941,
                    -0.006459144409745932,
                    0.01457984372973442
                ],
                [
                    0.006606901530176401,
                    0.9999271035194397,
                    -0.010109019465744495
                ],
                [
                    -0.014513484202325344,
                    0.01020406186580658,
                    0.9998425841331482
                ]
            ]
        ],
        [
            0.029055379867553712,
            -0.021126775741577147,
            1.0877393798828126,
            null,
            null,
            null,
            [
                [
                    0.9973426461219788,
                    -0.005113154649734497,
                    0.07267414033412933
                ],
                [
                    0.008151319809257984,
                    0.9991023540496826,
                    -0.04157041385769844
                ],
                [
                    -0.07239634543657303,
                    0.042052336037158966,
                    0.9964890480041504
                ]
            ]
        ],
        [
            0.02791500473022461,
            -1.6519541386514902e-06,
            1.0924134521484374,
            null,
            null,
            null,
            [
                [
                    0.991317868232727,
                    -0.0241232980042696,
                    0.1292552500963211
                ],
                [
                    0.023941533640027046,
                    0.9997089505195618,
                    0.002960089361295104
                ],
                [
                    -0.12928904592990875,
                    0.00016017943562474102,
                    0.9916069507598877
                ]
            ]
        ],
        [
            0.032064544677734376,
            0.018583223342895507,
            1.09302001953125,
            null,
            null,
            null,
            [
                [
                    0.9867116808891296,
                    0.007383747026324272,
                    0.16231319308280945
                ],
                [
                    -0.002059324411675334,
                    0.9994549751281738,
                    -0.03294719010591507
                ],
                [
                    -0.16246800124645233,
                    0.03217511996626854,
                    0.986189067363739
                ]
            ]
        ],
        [
            0.047930767059326175,
            0.033331668853759766,
            1.0914581298828125,
            null,
            null,
            null,
            [
                [
                    0.9863954186439514,
                    0.003991821780800819,
                    0.16434141993522644
                ],
                [
                    0.0058249784633517265,
                    0.9982286095619202,
                    -0.059208944439888
                ],
                [
                    -0.16428667306900024,
                    0.059360720217227936,
                    0.9846249222755432
                ]
            ]
        ],
        [
            0.06771397399902344,
            0.05133248901367188,
            1.0874388427734376,
            null,
            null,
            null,
            [
                [
                    0.9912769198417664,
                    -0.039062097668647766,
                    0.12587372958660126
                ],
                [
                    0.04199454188346863,
                    0.9989027976989746,
                    -0.02072695642709732
                ],
                [
                    -0.12492597848176956,
                    0.02583216316998005,
                    0.9918296933174133
                ]
            ]
        ],
        [
            0.08562352752685547,
            0.0650059585571289,
            1.0826253662109375,
            null,
            null,
            null,
            [
                [
                    0.9976422190666199,
                    0.02860492467880249,
                    0.06238416209816933
                ],
                [
                    -0.024573497474193573,
                    0.9976177215576172,
                    -0.06445904076099396
                ],
                [
                    -0.0640793964266777,
                    0.06277406215667725,
                    0.9959685206413269
                ]
            ]
        ],
        [
            0.10082148742675781,
            0.0715445556640625,
            1.0795234375,
            null,
            null,
            null,
            [
                [
                    0.9980059266090393,
                    0.062861867249012,
                    0.0057052262127399445
                ],
                [
                    -0.06235595420002937,
                    0.9959091544151306,
                    -0.0653960257768631
                ],
                [
                    -0.009792803786695004,
                    0.06490986794233322,
                    0.9978430867195129
                ]
            ]
        ],
        [
            0.10415380859375,
            0.07855399322509765,
            1.0771263427734374,
            null,
            null,
            null,
            [
                [
                    0.9978961944580078,
                    0.04239196330308914,
                    -0.04905221611261368
                ],
                [
                    -0.043998755514621735,
                    0.9985139966011047,
                    -0.03215392678976059
                ],
                [
                    0.04761625826358795,
                    0.03424451872706413,
                    0.9982784986495972
                ]
            ]
        ],
        [
            0.09838802337646485,
            0.08197603607177735,
            1.0734666748046875,
            null,
            null,
            null,
            [
                [
                    0.9963650703430176,
                    0.038751378655433655,
                    -0.07586154341697693
                ],
                [
                    -0.04277574270963669,
                    0.9977220296859741,
                    -0.05216281861066818
                ],
                [
                    0.07366735488176346,
                    0.05521824210882187,
                    0.9957529902458191
                ]
            ]
        ],
        [
            0.08657308959960938,
            0.08462480926513671,
            1.0697772216796875,
            null,
            null,
            null,
            [
                [
                    0.9983206391334534,
                    0.030017202720046043,
                    -0.04954659193754196
                ],
                [
                    -0.03133421391248703,
                    0.999170184135437,
                    -0.026021957397460938
                ],
                [
                    0.04872436821460724,
                    0.027530759572982788,
                    0.9984327554702759
                ]
            ]
        ],
        [
            0.07211421966552735,
            0.08914535522460937,
            1.0691025390625,
            null,
            null,
            null,
            [
                [
                    0.9994694590568542,
                    0.026808442547917366,
                    0.01849663257598877
                ],
                [
                    -0.02620573900640011,
                    0.9991413354873657,
                    -0.03209163621068001
                ],
                [
                    -0.019341077655553818,
                    0.03158989176154137,
                    0.9993137717247009
                ]
            ]
        ],
        [
            0.0623577880859375,
            0.08917137908935546,
            1.07228759765625,
            null,
            null,
            null,
            [
                [
                    0.9969975352287292,
                    -0.0031334010418504477,
                    0.07736962288618088
                ],
                [
                    0.008022203110158443,
                    0.9979839324951172,
                    -0.06295794993638992
                ],
                [
                    -0.07701636850833893,
                    0.0633895993232727,
                    0.9950127005577087
                ]
            ]
        ],
        [
            0.05923567581176758,
            0.09564950561523437,
            1.0746226806640624,
            null,
            null,
            null,
            [
                [
                    0.9923142194747925,
                    -0.006539537105709314,
                    0.12357070297002792
                ],
                [
                    0.009448450990021229,
                    0.9996915459632874,
                    -0.022969136014580727
                ],
                [
                    -0.12338237464427948,
                    0.02396015264093876,
                    0.9920699000358582
                ]
            ]
        ],
        [
            0.06629141998291016,
            0.09941851043701172,
            1.0739879150390625,
            null,
            null,
            null,
            [
                [
                    0.9896745085716248,
                    -0.023175083100795746,
                    0.14144712686538696
                ],
                [
                    0.03025231324136257,
                    0.9983847141265869,
                    -0.048090722411870956
                ],
                [
                    -0.14010414481163025,
                    0.05187326297163963,
                    0.9887770414352417
                ]
            ]
        ],
        [
            0.07795586395263672,
            0.09913372039794922,
            1.0731019287109376,
            null,
            null,
            null,
            [
                [
                    0.9909219145774841,
                    -0.0648714080452919,
                    0.11775192618370056
                ],
                [
                    0.07249243557453156,
                    0.9954628944396973,
                    -0.06163177266716957
                ],
                [
                    -0.11321952939033508,
                    0.06960839778184891,
                    0.99112868309021
                ]
            ]
        ],
        [
            0.08811595916748047,
            0.10505619812011718,
            1.072230712890625,
            null,
            null,
            null,
            [
                [
                    0.99770188331604,
                    -0.024830125272274017,
                    0.06304259598255157
                ],
                [
                    0.026762450113892555,
                    0.9991917610168457,
                    -0.029993869364261627
                ],
                [
                    -0.062246888875961304,
                    0.03161211684346199,
                    0.9975600242614746
                ]
            ]
        ],
        [
            0.09845829772949219,
            0.10690950775146485,
            1.072045654296875,
            null,
            null,
            null,
            [
                [
                    0.9991244673728943,
                    -0.03193451464176178,
                    0.027028216049075127
                ],
                [
                    0.0333767794072628,
                    0.9979443550109863,
                    -0.05470914766192436
                ],
                [
                    -0.025225544348359108,
                    0.05556336045265198,
                    0.9981364607810974
                ]
            ]
        ],
        [
            0.10008413696289062,
            0.10574601745605469,
            1.0734871826171875,
            null,
            null,
            null,
            [
                [
                    0.9993071556091309,
                    -0.03022860176861286,
                    -0.021713830530643463
                ],
                [
                    0.028647568076848984,
                    0.9971522688865662,
                    -0.06976194679737091
                ],
                [
                    0.023760801181197166,
                    0.0690915584564209,
                    0.9973273277282715
                ]
            ]
        ],
        [
            0.09111564636230468,
            0.10970768737792969,
            1.0739940185546875,
            null,
            null,
            null,
            [
                [
                    0.9988133907318115,
                    0.013137634843587875,
                    -0.04689572751522064
                ],
                [
                    -0.01561576034873724,
                    0.9984790682792664,
                    -0.052874259650707245
                ],
                [
                    0.04612975940108299,
                    0.053543832153081894,
                    0.997499406337738
                ]
            ]
        ],
        [
            0.07954206085205077,
            0.11478124237060547,
            1.074317138671875,
            null,
            null,
            null,
            [
                [
                    0.9993717074394226,
                    -0.01847228780388832,
                    -0.030247410759329796
                ],
                [
                    0.016687722876667976,
                    0.9981640577316284,
                    -0.05822433531284332
                ],
                [
                    0.03126741200685501,
                    0.05768299475312233,
                    0.9978451728820801
                ]
            ]
        ],
        [
            0.06426060485839843,
            0.11756485748291015,
            1.0734703369140626,
            null,
            null,
            null,
            [
                [
                    0.9974187612533569,
                    -0.07180329412221909,
                    0.0003797730023507029
                ],
                [
                    0.07172176986932755,
                    0.9960049390792847,
                    -0.05319913104176521
                ],
                [
                    0.00344161712564528,
                    0.05308904871344566,
                    0.9985838532447815
                ]
            ]
        ],
        [
            0.046873294830322265,
            0.1265630416870117,
            1.07240234375,
            null,
            null,
            null,
            [
                [
                    0.9990195631980896,
                    -0.00441634701564908,
                    0.044050320982933044
                ],
                [
                    0.006692706141620874,
                    0.9986421465873718,
                    -0.051663514226675034
                ],
                [
                    -0.043762341141700745,
                    0.051907677203416824,
                    0.9976925849914551
                ]
            ]
        ],
        [
            0.042893890380859376,
            0.13131849670410156,
            1.070782470703125,
            null,
            null,
            null,
            [
                [
                    0.9954792261123657,
                    -0.03470633178949356,
                    0.08841157704591751
                ],
                [
                    0.043246328830718994,
                    0.9943846464157104,
                    -0.0965866670012474
                ],
                [
                    -0.08456294983625412,
                    0.09997349232435226,
                    0.9913901686668396
                ]
            ]
        ],
        [
            0.04250408172607422,
            0.13050994873046876,
            1.0670211181640625,
            null,
            null,
            null,
            [
                [
                    0.987416684627533,
                    -0.08924496173858643,
                    0.13055141270160675
                ],
                [
                    0.10406540334224701,
                    0.9883019924163818,
                    -0.11148816347122192
                ],
                [
                    -0.11907446384429932,
                    0.12367115169763565,
                    0.9851531386375427
                ]
            ]
        ],
        [
            0.04757877731323242,
            0.13340646362304687,
            1.063760498046875,
            null,
            null,
            null,
            [
                [
                    0.9914470314979553,
                    -0.02080382965505123,
                    0.12884099781513214
                ],
                [
                    0.03142205625772476,
                    0.9962238073348999,
                    -0.08093724399805069
                ],
                [
                    -0.12667065858840942,
                    0.0842934399843216,
                    0.9883567690849304
                ]
            ]
        ],
        [
            0.061791152954101564,
            0.12961190795898436,
            1.059983154296875,
            null,
            null,
            null,
            [
                [
                    0.9931217432022095,
                    -0.04469075798988342,
                    0.10822148621082306
                ],
                [
                    0.05720936134457588,
                    0.9916605353355408,
                    -0.11548355966806412
                ],
                [
                    -0.10215792804956436,
                    0.12088052183389664,
                    0.9873964190483093
                ]
            ]
        ],
        [
            0.07496759796142578,
            0.11986482238769532,
            1.0569903564453125,
            null,
            null,
            null,
            [
                [
                    0.996954083442688,
                    -0.04177218675613403,
                    0.0658610463142395
                ],
                [
                    0.048467397689819336,
                    0.9934399724006653,
                    -0.10357581079006195
                ],
                [
                    -0.06110240891575813,
                    0.10645243525505066,
                    0.9924386143684387
                ]
            ]
        ],
        [
            0.08061396789550782,
            0.11467178344726563,
            1.0553935546875,
            null,
            null,
            null,
            [
                [
                    0.9999923706054688,
                    0.0035684658214449883,
                    0.0015968247316777706
                ],
                [
                    -0.0034509897232055664,
                    0.9976556897163391,
                    -0.06834623217582703
                ],
                [
                    -0.0018369725439697504,
                    0.06834020465612411,
                    0.9976603984832764
                ]
            ]
        ],
        [
            0.08187154388427734,
            0.10540831756591797,
            1.0546549072265625,
            null,
            null,
            null,
            [
                [
                    0.9981594085693359,
                    -0.0416531078517437,
                    -0.04407753422856331
                ],
                [
                    0.037738606333732605,
                    0.9955634474754333,
                    -0.08619280904531479
                ],
                [
                    0.04747218266129494,
                    0.08437073975801468,
                    0.9953029751777649
                ]
            ]
        ],
        [
            0.07401058197021484,
            0.0962960662841797,
            1.0541307373046875,
            null,
            null,
            null,
            [
                [
                    0.9599772095680237,
                    -0.2707690894603729,
                    -0.07160869240760803
                ],
                [
                    0.27124693989753723,
                    0.9625046253204346,
                    -0.003150992328301072
                ],
                [
                    0.06977689266204834,
                    -0.016398757696151733,
                    0.9974278211593628
                ]
            ]
        ],
        [
            0.058271236419677734,
            0.10134637451171875,
            1.0516796875,
            null,
            null,
            null,
            [
                [
                    0.8326149582862854,
                    -0.5525291562080383,
                    -0.03826006129384041
                ],
                [
                    0.5522301197052002,
                    0.8229100108146667,
                    0.13364511728286743
                ],
                [
                    -0.04235823452472687,
                    -0.13240328431129456,
                    0.9902904629707336
                ]
            ]
        ],
        [
            0.04557714462280273,
            0.11594280242919922,
            1.051771484375,
            null,
            null,
            null,
            [
                [
                    0.5952653288841248,
                    -0.8032030463218689,
                    0.022892601788043976
                ],
                [
                    0.7889333367347717,
                    0.58962082862854,
                    0.17300711572170258
                ],
                [
                    -0.15245778858661652,
                    -0.08492439240217209,
                    0.9846544861793518
                ]
            ]
        ],
        [
            0.03596128845214844,
            0.14534524536132812,
            1.048364501953125,
            null,
            null,
            null,
            [
                [
                    0.26425284147262573,
                    -0.9640588164329529,
                    0.02758595533668995
                ],
                [
                    0.9388808012008667,
                    0.2636837959289551,
                    0.221299946308136
                ],
                [
                    -0.22062014043331146,
                    -0.0325792133808136,
                    0.9748155474662781
                ]
            ]
        ],
        [
            0.026785680770874024,
            0.1766534881591797,
            1.044400390625,
            null,
            null,
            null,
            [
                [
                    -0.05031547322869301,
                    -0.9981810450553894,
                    0.03321022167801857
                ],
                [
                    0.9839375019073486,
                    -0.043840110301971436,
                    0.17304649949073792
                ],
                [
                    -0.1712758094072342,
                    0.04138369858264923,
                    0.9843536019325256
                ]
            ]
        ],
        [
            0.017903472900390623,
            0.214991943359375,
            1.04451318359375,
            null,
            null,
            null,
            [
                [
                    -0.3603929877281189,
                    -0.932790219783783,
                    -0.004386615939438343
                ],
                [
                    0.9248964786529541,
                    -0.35794615745544434,
                    0.1282224953174591
                ],
                [
                    -0.12117486447095871,
                    0.04215332493185997,
                    0.9917356967926025
                ]
            ]
        ],
        [
            0.007376343250274658,
            0.251686767578125,
            1.046275634765625,
            null,
            null,
            null,
            [
                [
                    -0.6767709255218506,
                    -0.730413019657135,
                    -0.09207561612129211
                ],
                [
                    0.7288041114807129,
                    -0.6823933124542236,
                    0.056426554918289185
                ],
                [
                    -0.10404647141695023,
                    -0.028917232528328896,
                    0.9941519498825073
                ]
            ]
        ],
        [
