{
    "radius": 0.75,
    "angular_speed": 9,
    "save_freq": 0.1,
    "pid_gains": {
        "pid_rate": {
            "roll_kp": "50.0",
            "roll_ki": "0.0",
            "roll_kd": "0.0",
            "pitch_kp": "50.0",
            "pitch_ki": "0.0",
            "pitch_kd": "0.0",
            "yaw_kp": "80.0",
            "yaw_ki": "0.0",
            "yaw_kd": "0.0"
        },
        "pid_attitude": {
            "roll_kp": "10.0",
            "roll_ki": "0.0",
            "roll_kd": "0.20000000298023224",
            "pitch_kp": "13.0",
            "pitch_ki": "0.0",
            "pitch_kd": "1.0",
            "yaw_kp": "8.0",
            "yaw_ki": "0.0",
            "yaw_kd": "0.3499999940395355"
        },
        "velCtlPid": {
            "vxKp": "15.0",
            "vxKi": "1.0",
            "vxKd": "0.0",
            "vyKp": "10.0",
            "vyKi": "1.0",
            "vyKd": "0.0",
            "vzKp": "12.5",
            "vzKi": "0.5",
            "vzKd": "0.0"
        },
        "posCtlPid": {
            "xKp": "1.5",
            "xKi": "0.0",
            "xKd": "0.0",
            "yKp": "1.5",
            "yKi": "0.0",
            "yKd": "0.0",
            "zKp": "5.0",
            "zKi": "0.5",
            "zKd": "0.0"
        }
    },
    "pose": [
        [
            0.33397003173828127,
            0.29143280029296875,
            0.14624610900878907,
            null,
            null,
            null,
            [
                [
                    0.993748664855957,
                    0.10864531993865967,
                    -0.0256862323731184
                ],
                [
                    0.10720481723546982,
                    -0.9928745031356812,
                    -0.05203268304467201
                ],
                [
                    -0.031156310811638832,
                    0.04895372316241264,
                    -0.9983149766921997
                ]
            ]
        ],
        [
            0.33418911743164065,
            0.29270602416992186,
            0.14613064575195311,
            null,
            null,
            null,
            [
                [
                    0.9945516586303711,
                    0.10064014047384262,
                    -0.027177372947335243
                ],
                [
                    0.09881148487329483,
                    -0.9931823015213013,
                    -0.06184857338666916
                ],
                [
                    -0.03321653604507446,
                    0.05882616341114044,
                    -0.9977154731750488
                ]
            ]
        ],
        [
            0.3374815063476562,
            0.29488009643554686,
            0.15996432495117188,
            null,
            null,
            null,
            [
                [
                    0.9935994148254395,
                    0.11177278310060501,
                    -0.016341425478458405
                ],
                [
                    0.1116408258676529,
                    -0.9937098622322083,
                    -0.00877882819622755
                ],
                [
                    -0.017219869419932365,
                    0.00689826812595129,
                    -0.9998279213905334
                ]
            ]
        ],
        [
            0.33903652954101565,
            0.291380126953125,
            0.23929791259765626,
            null,
            null,
            null,
            [
                [
                    0.9938423037528992,
                    0.10960903018712997,
                    0.016227735206484795
                ],
                [
                    0.10448718816041946,
                    -0.975822925567627,
                    0.1919688880443573
                ],
                [
                    0.036876920610666275,
                    -0.18909120559692383,
                    -0.9812668561935425
                ]
            ]
        ],
        [
            0.33835592651367186,
            0.24487759399414064,
            0.33935195922851563,
            null,
            null,
            null,
            [
                [
                    0.9912927150726318,
                    0.0495266392827034,
                    -0.1220078393816948
                ],
                [
                    0.07757586985826492,
                    -0.9683571457862854,
                    0.2372053861618042
                ],
                [
                    -0.10639917850494385,
                    -0.24460482597351074,
                    -0.9637674689292908
                ]
            ]
        ],
        [
            0.3434938659667969,
            0.163939208984375,
            0.45890634155273435,
            null,
            null,
            null,
            [
                [
                    0.9917071461677551,
                    0.08819887042045593,
                    -0.09347684681415558
                ],
                [
                    0.10807710140943527,
                    -0.9659123420715332,
                    0.23522889614105225
                ],
                [
                    -0.0695435181260109,
                    -0.24338088929653168,
                    -0.9674344658851624
                ]
            ]
        ],
        [
            0.3600726928710937,
            0.06921689605712891,
            0.5759723510742187,
            null,
            null,
            null,
            [
                [
                    0.9947487711906433,
                    0.09781397134065628,
                    -0.030121592804789543
                ],
                [
                    0.10184330493211746,
                    -0.97517329454422,
                    0.19663406908512115
                ],
                [
                    -0.01014021411538124,
                    -0.1986691802740097,
                    -0.9800141453742981
                ]
            ]
        ],
        [
            0.3678421630859375,
            -0.029629602432250976,
            0.7007135009765625,
            null,
            null,
            null,
            [
                [
                    0.9981145262718201,
                    0.052490491420030594,
                    0.031813688576221466
                ],
                [
                    0.04625137522816658,
                    -0.9839462637901306,
                    0.1723676472902298
                ],
                [
                    0.040350623428821564,
                    -0.1705712378025055,
                    -0.984518826007843
                ]
            ]
        ],
        [
            0.36767584228515626,
            -0.12589623260498048,
            0.82970166015625,
            null,
            null,
            null,
            [
                [
                    0.9876922369003296,
                    -0.018638670444488525,
                    0.15529528260231018
                ],
                [
                    -0.042310938239097595,
                    -0.9876953959465027,
                    0.15055741369724274
                ],
                [
                    0.15057824552059174,
                    -0.15527507662773132,
                    -0.9763277173042297
                ]
            ]
        ],
        [
            0.3391502990722656,
            -0.21567263793945313,
            0.9599973754882812,
            null,
            null,
            null,
            [
                [
                    0.9728139638900757,
                    -0.031699374318122864,
                    0.22940824925899506
                ],
                [
                    -0.07309557497501373,
                    -0.9819802045822144,
                    0.1742754876613617
                ],
                [
                    0.21974994242191315,
                    -0.18630635738372803,
                    -0.9576011300086975
                ]
            ]
        ],
        [
            0.28862857055664065,
            -0.30218222045898435,
            1.078656494140625,
            null,
            null,
            null,
            [
                [
                    0.9507894515991211,
                    -0.04413575679063797,
                    0.30667805671691895
                ],
                [
                    -0.10172458738088608,
                    -0.9794020652770996,
                    0.17442400753498077
                ],
                [
                    0.29266276955604553,
                    -0.1970372051000595,
                    -0.9356948733329773
                ]
            ]
        ],
        [
            0.20701173400878906,
            -0.3880716247558594,
            1.166404052734375,
            null,
            null,
            null,
            [
                [
                    0.9348170161247253,
                    -0.09956841170787811,
                    0.34088602662086487
                ],
                [
                    -0.14355887472629547,
                    -0.9839168787002563,
                    0.10629429668188095
                ],
                [
                    0.324819952249527,
                    -0.14830292761325836,
                    -0.9340761303901672
                ]
            ]
        ],
        [
            0.12589508819580078,
            -0.45155972290039065,
            1.2018245849609375,
            null,
            null,
            null,
            [
                [
                    0.9485952258110046,
                    -0.10145590454339981,
                    0.29978951811790466
                ],
                [
                    -0.12010697275400162,
                    -0.9917673468589783,
                    0.044405318796634674
                ],
                [
                    0.29281628131866455,
                    -0.07812948524951935,
                    -0.952971339225769
                ]
            ]
        ],
        [
            0.024052637100219727,
            -0.5141885986328125,
            1.2078685302734375,
            null,
            null,
            null,
            [
                [
                    0.944170355796814,
                    -0.12985433638095856,
                    0.3027874231338501
                ],
                [
                    -0.12430569529533386,
                    -0.9915307760238647,
                    -0.037613287568092346
                ],
                [
                    0.30510732531547546,
                    -0.0021248548291623592,
                    -0.952315628528595
                ]
            ]
        ],
        [
            -0.06630206298828124,
            -0.5504320678710938,
            1.195197509765625,
            null,
            null,
            null,
            [
                [
                    0.9514336585998535,
                    -0.14628075063228607,
                    0.27087995409965515
                ],
                [
                    -0.10555750131607056,
                    -0.981569230556488,
                    -0.15930940210819244
                ],
                [
                    0.2891913056373596,
                    0.12297891080379486,
                    -0.9493390321731567
                ]
            ]
        ],
        [
            -0.16771699523925782,
            -0.56717919921875,
            1.1731204833984374,
            null,
            null,
            null,
            [
                [
                    0.9724653363227844,
                    -0.13002371788024902,
                    0.19340363144874573
                ],
                [
                    -0.09344420582056046,
                    -0.9778062105178833,
                    -0.1875184178352356
                ],
                [
                    0.21349312365055084,
                    0.16428270936012268,
                    -0.9630326628684998
                ]
            ]
        ],
        [
            -0.2678367919921875,
            -0.5586534423828124,
            1.1532879638671876,
            null,
            null,
            null,
            [
                [
                    0.9804564714431763,
                    -0.15515920519828796,
                    0.12095770984888077
                ],
                [
                    -0.12386567890644073,
                    -0.9645076394081116,
                    -0.23320002853870392
                ],
                [
                    0.1528477668762207,
                    0.21365995705127716,
                    -0.964876651763916
                ]
            ]
        ],
        [
            -0.36631427001953126,
            -0.5270736083984375,
            1.1386021728515625,
            null,
            null,
            null,
            [
                [
                    0.987497091293335,
                    -0.15763312578201294,
                    -0.001160681713372469
                ],
                [
                    -0.15298733115196228,
                    -0.9565662145614624,
                    -0.2481449693441391
                ],
                [
                    0.03800559788942337,
                    0.24521999061107635,
                    -0.9687222242355347
                ]
            ]
        ],
        [
            -0.435083740234375,
            -0.4818369140625,
            1.135305419921875,
            null,
            null,
            null,
            [
                [
                    0.989340603351593,
                    -0.1438266783952713,
                    -0.022782059386372566
                ],
                [
                    -0.14386780560016632,
                    -0.9412057399749756,
                    -0.3056694269180298
                ],
                [
                    0.02252081222832203,
                    0.3056887686252594,
                    -0.9518650770187378
                ]
            ]
        ],
        [
            -0.49871002197265624,
            -0.411799560546875,
            1.1367794189453124,
            null,
            null,
            null,
            [
                [
                    0.9833755493164062,
                    -0.1805381327867508,
                    -0.01945674791932106
                ],
                [
                    -0.17542262375354767,
                    -0.9168669581413269,
                    -0.35858312249183655
                ],
                [
                    0.046898677945137024,
                    0.3560350239276886,
                    -0.9332950115203857
                ]
            ]
        ],
        [
            -0.5473237915039062,
            -0.3303072509765625,
            1.1402900390625,
            null,
            null,
            null,
            [
                [
                    0.9883394241333008,
                    -0.13508664071559906,
                    -0.07026199251413345
                ],
                [
                    -0.1514904797077179,
                    -0.9188899993896484,
                    -0.36426880955696106
                ],
                [
                    -0.01535519678145647,
                    0.3706652522087097,
                    -0.9286395907402039
                ]
            ]
        ],
        [
            -0.5805730590820313,
            -0.23778489685058593,
            1.143473876953125,
            null,
            null,
            null,
            [
                [
                    0.9756032824516296,
                    -0.15992005169391632,
                    -0.15041223168373108
                ],
                [
                    -0.20372574031352997,
                    -0.9147907495498657,
                    -0.348788857460022
                ],
                [
                    -0.0818173959851265,
                    0.37092238664627075,
                    -0.9250527024269104
                ]
            ]
        ],
        [
            -0.5941535034179688,
            -0.14417277526855468,
            1.1462261962890625,
            null,
            null,
            null,
            [
                [
                    0.9489045143127441,
                    -0.22418513894081116,
                    -0.2220838963985443
                ],
                [
                    -0.28644970059394836,
                    -0.9071876406669617,
                    -0.30815112590789795
                ],
                [
                    -0.1323888599872589,
                    0.35602185130119324,
                    -0.9250522255897522
                ]
            ]
        ],
        [
            -0.5824360961914062,
            -0.05212074661254883,
            1.1526279296875,
            null,
            null,
            null,
            [
                [
                    0.9280291199684143,
                    -0.26703596115112305,
                    -0.2597185969352722
                ],
                [
                    -0.3348989486694336,
                    -0.9033904671669006,
                    -0.2678215205669403
                ],
                [
                    -0.16310934722423553,
                    0.33552566170692444,
                    -0.9278027415275574
                ]
            ]
        ],
        [
            -0.5599927978515625,
            0.03457141494750977,
            1.162844970703125,
            null,
            null,
            null,
            [
                [
                    0.9177970886230469,
                    -0.3256438672542572,
                    -0.22716639935970306
                ],
                [
                    -0.37247028946876526,
                    -0.9043165445327759,
                    -0.20851242542266846
                ],
                [
                    -0.13752955198287964,
                    0.27598482370376587,
                    -0.9512717723846436
                ]
            ]
        ],
        [
            -0.5276651611328125,
            0.11323856353759766,
            1.1727999267578124,
            null,
            null,
            null,
            [
                [
                    0.9089375138282776,
                    -0.36578482389450073,
                    -0.20008504390716553
                ],
                [
                    -0.3989037275314331,
                    -0.9025447368621826,
                    -0.16213808953762054
                ],
                [
                    -0.1212780550122261,
                    0.22718806564807892,
                    -0.9662697315216064
                ]
            ]
        ],
        [
            -0.48854058837890624,
            0.17829481506347655,
            1.17842431640625,
            null,
            null,
            null,
            [
                [
                    0.904151201248169,
                    -0.3678976893424988,
                    -0.2171679586172104
                ],
                [
                    -0.3998590409755707,
                    -0.9077364206314087,
                    -0.12699346244335175
                ],
                [
                    -0.15041066706180573,
                    0.20165786147117615,
                    -0.9678381681442261
                ]
            ]
        ],
        [
            -0.44916107177734377,
            0.23339605712890624,
            1.1781739501953126,
            null,
            null,
            null,
            [
                [
                    0.9076185822486877,
                    -0.35627731680870056,
                    -0.22202463448047638
                ],
                [
                    -0.38746127486228943,
                    -0.9145044088363647,
                    -0.11642798036336899
                ],
                [
                    -0.16156184673309326,
                    0.19169814884662628,
                    -0.9680648446083069
                ]
            ]
        ],
        [
            -0.4089791564941406,
            0.2815503845214844,
            1.1703309326171876,
            null,
            null,
            null,
            [
                [
                    0.9192461371421814,
                    -0.30245861411094666,
                    -0.2520025372505188
                ],
                [
                    -0.3370296061038971,
                    -0.9354303479194641,
                    -0.10668224841356277
                ],
                [
                    -0.2034638673067093,
                    0.18299956619739532,
                    -0.9618282914161682
                ]
            ]
        ],
        [
            -0.36352078247070313,
            0.32388619995117185,
            1.1573270263671875,
            null,
            null,
            null,
            [
                [
                    0.9202682375907898,
                    -0.2900541424751282,
                    -0.262630820274353
                ],
                [
                    -0.3276675045490265,
                    -0.9381214380264282,
                    -0.11208132654428482
                ],
                [
                    -0.21386994421482086,
                    0.1892004758119583,
                    -0.9583646655082703
                ]
            ]
        ],
        [
            -0.30146347045898436,
            0.3667749938964844,
            1.13581201171875,
            null,
            null,
            null,
            [
                [
                    0.9190407991409302,
                    -0.2976642847061157,
                    -0.25837960839271545
                ],
                [
                    -0.33789023756980896,
                    -0.9324989318847656,
                    -0.12757693231105804
                ],
                [
                    -0.20296362042427063,
                    0.20455235242843628,
                    -0.957582414150238
                ]
            ]
        ],
        [
            -0.24301875305175782,
            0.4155242919921875,
            1.1168822021484375,
            null,
            null,
            null,
            [
                [
                    0.9197520017623901,
                    -0.2967793941497803,
                    -0.25686222314834595
                ],
                [
                    -0.33842769265174866,
                    -0.931111752986908,
                    -0.13600586354732513
                ],
                [
                    -0.19880370795726776,
                    0.21202096343040466,
                    -0.9568302631378174
                ]
            ]
        ],
        [
            -0.17734400939941405,
            0.4698782958984375,
            1.101513671875,
            null,
            null,
            null,
            [
                [
                    0.8974758386611938,
                    -0.3404005467891693,
                    -0.28047212958335876
                ],
                [
                    -0.3768868148326874,
                    -0.922187089920044,
                    -0.08676011860370636
                ],
                [
                    -0.2291145771741867,
                    0.18357135355472565,
                    -0.9559330940246582
                ]
            ]
        ],
        [
            -0.10080499267578125,
            0.5195299682617187,
            1.08948681640625,
            null,
            null,
            null,
            [
                [
                    0.8967246413230896,
                    -0.3562280833721161,
                    -0.262652724981308
                ],
                [
                    -0.37585383653640747,
                    -0.9262881875038147,
                    -0.026908261701464653
                ],
                [
                    -0.23370663821697235,
                    0.12284832447767258,
                    -0.9645151495933533
                ]
            ]
        ],
        [
            -0.026613853454589845,
            0.5585671997070313,
            1.08655908203125,
            null,
            null,
            null,
            [
                [
                    0.869735062122345,
                    -0.4137848913669586,
                    -0.2689664959907532
                ],
                [
                    -0.41593897342681885,
                    -0.9079174399375916,
                    0.05177522450685501
                ],
                [
                    -0.26562318205833435,
                    0.06684292107820511,
                    -0.9617568850517273
                ]
            ]
        ],
        [
            0.03830556106567383,
            0.5735248413085937,
            1.0867542724609376,
            null,
            null,
            null,
            [
                [
                    0.8647378087043762,
                    -0.41920241713523865,
                    -0.2765825092792511
                ],
                [
                    -0.40302401781082153,
                    -0.9078229665756226,
                    0.11588402092456818
                ],
                [
                    -0.2996668219566345,
                    0.01126010250300169,
                    -0.9539774656295776
                ]
            ]
        ],
        [
            0.130775146484375,
            0.562841064453125,
            1.087439453125,
            null,
            null,
            null,
            [
                [
                    0.8667981028556824,
                    -0.4202026426792145,
                    -0.2684972584247589
                ],
                [
                    -0.39935675263404846,
                    -0.907409131526947,
                    0.13085438311100006
                ],
                [
                    -0.2986222207546234,
                    -0.006198142655193806,
                    -0.9543513059616089
                ]
            ]
        ],
        [
            0.19961790466308593,
            0.5316915283203125,
            1.0935760498046876,
            null,
            null,
            null,
            [
                [
                    0.8822263479232788,
                    -0.4085754156112671,
                    -0.23397168517112732
                ],
                [
                    -0.3839021921157837,
                    -0.9119323492050171,
                    0.1449085921049118
                ],
                [
                    -0.27257242798805237,
                    -0.03801993280649185,
                    -0.9613837599754333
                ]
            ]
        ],
        [
            0.26524508666992186,
            0.48396127319335935,
            1.0988944091796875,
            null,
            null,
            null,
            [
                [
                    0.8975732922554016,
                    -0.38785770535469055,
                    -0.20959150791168213
                ],
                [
                    -0.3719911277294159,
                    -0.9214405417442322,
                    0.11211573332548141
                ],
                [
                    -0.23661105334758759,
                    -0.022665906697511673,
                    -0.9713400602340698
                ]
            ]
        ],
        [
            0.3259159240722656,
            0.42505191040039064,
            1.1069957275390625,
            null,
            null,
            null,
            [
                [
                    0.9132630825042725,
                    -0.3903566002845764,
                    -0.11650004982948303
                ],
                [
                    -0.3792625963687897,
                    -0.9191263914108276,
                    0.10661399364471436
                ],
                [
                    -0.14869575202465057,
                    -0.053182508796453476,
                    -0.9874518513679504
                ]
            ]
        ],
        [
            0.37065447998046874,
            0.36822579956054685,
            1.11085107421875,
            null,
            null,
            null,
            [
                [
                    0.930046796798706,
                    -0.3644176721572876,
                    -0.04703941568732262
                ],
                [
                    -0.3549404442310333,
                    -0.9241217374801636,
                    0.1414787769317627
                ],
                [
                    -0.09502751380205154,
                    -0.11488568782806396,
                    -0.9888230562210083
                ]
            ]
        ],
        [
            0.398782470703125,
            0.3072882385253906,
            1.110186279296875,
            null,
            null,
            null,
            [
                [
                    0.93002849817276,
                    -0.3674774169921875,
                    -0.002710680477321148
                ],
                [
                    -0.35918092727661133,
                    -0.910541296005249,
                    0.2047036737203598
                ],
                [
                    -0.07769216597080231,
                    -0.189406618475914,
                    -0.978820264339447
                ]
            ]
        ],
        [
            0.4095897216796875,
            0.23701312255859375,
            1.1074619140625,
            null,
            null,
            null,
            [
                [
                    0.9257696866989136,
                    -0.37745529413223267,
                    -0.02186243049800396
                ],
                [
                    -0.35866519808769226,
                    -0.8950374722480774,
                    0.2650795876979828
                ],
                [
                    -0.11962338536977768,
                    -0.23756134510040283,
                    -0.96397864818573
                ]
            ]
        ],
        [
            0.4178624267578125,
            0.14930461120605468,
            1.102215576171875,
            null,
            null,
            null,
            [
                [
                    0.9276741147041321,
                    -0.3717033565044403,
                    -0.03545959293842316
                ],
                [
                    -0.3477233648300171,
                    -0.8946017026901245,
                    0.28067103028297424
                ],
                [
                    -0.1360485702753067,
                    -0.24804110825061798,
                    -0.9591487646102905
                ]
            ]
        ],
        [
            0.4263693542480469,
            0.052342212677001954,
            1.0999312744140626,
            null,
            null,
            null,
            [
                [
                    0.9208701848983765,
                    -0.38980478048324585,
                    -0.007096727844327688
                ],
                [
                    -0.3789849877357483,
                    -0.8992841839790344,
                    0.21830792725086212
                ],
                [
                    -0.09147944301366806,
                    -0.1983436942100525,
                    -0.9758541584014893
                ]
            ]
        ],
        [
            0.4266606750488281,
            -0.03917734909057617,
            1.1058687744140625,
            null,
            null,
            null,
            [
                [
                    0.918569803237915,
                    -0.39359402656555176,
                    0.0362386591732502
                ],
                [
                    -0.3945542871952057,
                    -0.9075992703437805,
                    0.1434936225414276
                ],
                [
                    -0.02358805015683174,
                    -0.1461070328950882,
                    -0.9889875054359436
                ]
            ]
        ],
        [
            0.4218607177734375,
            -0.1221335220336914,
            1.1153834228515624,
            null,
            null,
            null,
            [
                [
                    0.9104670286178589,
                    -0.4114164113998413,
                    0.04226468503475189
                ],
                [
                    -0.4135807752609253,
                    -0.905906081199646,
                    0.09102270752191544
                ],
                [
                    0.0008395990007556975,
                    -0.10035303235054016,
                    -0.9949515461921692
                ]
            ]
        ],
        [
            0.41296829223632814,
            -0.19345774841308594,
            1.122544677734375,
            null,
            null,
            null,
            [
                [
                    0.89272540807724,
                    -0.4387282729148865,
                    0.10275614261627197
                ],
                [
                    -0.4452241361141205,
                    -0.8939550518989563,
                    0.05118483304977417
                ],
                [
                    0.06940314173698425,
                    -0.0914435163140297,
                    -0.9933887720108032
                ]
            ]
        ],
        [
            0.39515087890625,
            -0.25098439025878905,
            1.125214599609375,
            null,
            null,
            null,
            [
                [
                    0.8838124871253967,
                    -0.4475143253803253,
                    0.1364053636789322
                ],
                [
                    -0.4560731053352356,
                    -0.8891302943229675,
                    0.03800865635275841
                ],
                [
                    0.10427273064851761,
                    -0.09580334275960922,
                    -0.9899237155914307
                ]
            ]
        ],
        [
            0.36198092651367186,
            -0.29868621826171876,
            1.120598876953125,
            null,
            null,
            null,
            [
                [
                    0.8918851613998413,
                    -0.4327579438686371,
                    0.13138282299041748
                ],
                [
                    -0.44322648644447327,
                    -0.8941503167152405,
                    0.0636039450764656
                ],
                [
                    0.08995088189840317,
                    -0.11495976150035858,
                    -0.9892891645431519
                ]
            ]
        ],
        [
            0.32988815307617186,
            -0.3371996154785156,
            1.11147314453125,
            null,
            null,
            null,
            [
                [
                    0.9897149205207825,
                    -0.02865448407828808,
                    0.14015449583530426
                ],
                [
                    -0.02456710673868656,
                    -0.9992233514785767,
                    -0.03080742247402668
                ],
                [
                    0.14092841744422913,
                    0.027047375217080116,
                    -0.9896502494812012
                ]
            ]
        ],
        [
            0.293894775390625,
            -0.3634122619628906,
            1.0951370849609374,
            null,
            null,
            null,
            [
                [
                    0.9453078508377075,
                    0.23455245792865753,
                    0.22666767239570618
                ],
                [
                    0.29460933804512024,
                    -0.912223219871521,
                    -0.2847001552581787
                ],
                [
                    0.13999438285827637,
                    0.3359076976776123,
                    -0.9314330816268921
                ]
            ]
        ],
        [
            0.2409449462890625,
            -0.3582356567382812,
            1.0698426513671875,
            null,
            null,
            null,
            [
                [
                    0.8349327445030212,
                    0.4904753267765045,
                    0.24964231252670288
                ],
                [
                    0.5494207739830017,
                    -0.7164586782455444,
                    -0.42991143465042114
                ],
                [
                    -0.03200254961848259,
                    0.49610579013824463,
                    -0.8676720857620239
                ]
            ]
        ],
        [
            0.17208555603027345,
            -0.31067800903320314,
            1.0406368408203126,
            null,
            null,
            null,
            [
                [
                    0.6327958703041077,
                    0.7238285541534424,
                    0.2750301659107208
                ],
                [
                    0.7547141909599304,
                    -0.49713772535324097,
                    -0.4280894696712494
                ],
                [
                    -0.17313551902770996,
                    0.4784623980522156,
                    -0.860870361328125
                ]
            ]
        ],
        [
            0.08673052978515625,
            -0.2239105987548828,
            1.0206453857421875,
            null,
            null,
            null,
            [
                [
                    0.2368362843990326,
                    0.903219997882843,
                    0.3579137325286865
                ],
                [
                    0.9489554762840271,
                    -0.1360723376274109,
                    -0.2845485210418701
                ],
                [
                    -0.20830774307250977,
                    0.40703561902046204,
                    -0.8893423676490784
                ]
            ]
        ],
        [
            -0.008624672889709473,
            -0.1355482177734375,
            1.033036865234375,
            null,
            null,
            null,
            [
                [
                    -0.04222093150019646,
                    0.923406183719635,
                    0.38149502873420715
                ],
                [
                    0.975591778755188,
                    0.1204604059457779,
                    -0.18360261619091034
                ],
                [
                    -0.21549484133720398,
                    0.36443156003952026,
                    -0.9059534072875977
                ]
            ]
        ],
        [
            -0.11630033111572266,
            -0.05269805908203125,
            1.06757470703125,
            null,
            null,
            null,
            [
                [
                    -0.16291649639606476,
                    0.9461427330970764,
                    0.2797715663909912
                ],
                [
                    0.9763703942298889,
                    0.19540910422801971,
                    -0.09228262305259705
                ],
                [
                    -0.14198245108127594,
                    0.2581263482570648,
                    -0.9556211233139038
                ]
            ]
        ],
        [
            -0.22183638000488282,
            0.017504785537719728,
            1.113878173828125,
