{
    "radius": 0.75,
    "angular_speed": 9,
    "save_freq": 0.1,
    "pid_gains": {
        "pid_rate": {
            "roll_kp": "50.0",
            "roll_ki": "0.0",
            "roll_kd": "0.0",
            "pitch_kp": "50.0",
            "pitch_ki": "0.0",
            "pitch_kd": "0.0",
            "yaw_kp": "80.0",
            "yaw_ki": "0.0",
            "yaw_kd": "0.0"
        },
        "pid_attitude": {
            "roll_kp": "10.0",
            "roll_ki": "0.5",
            "roll_kd": "0.5",
            "pitch_kp": "13.0",
            "pitch_ki": "0.5",
            "pitch_kd": "1.5",
            "yaw_kp": "8.0",
            "yaw_ki": "0.5",
            "yaw_kd": "0.5"
        },
        "velCtlPid": {
            "vxKp": "15.0",
            "vxKi": "1.0",
            "vxKd": "0.0",
            "vyKp": "10.0",
            "vyKi": "1.0",
            "vyKd": "0.0",
            "vzKp": "12.5",
            "vzKi": "0.5",
            "vzKd": "0.0"
        },
        "posCtlPid": {
            "xKp": "1.5",
            "xKi": "0.20000000298023224",
            "xKd": "0.20000000298023224",
            "yKp": "1.5",
            "yKi": "0.20000000298023224",
            "yKd": "0.20000000298023224",
            "zKp": "5.0",
            "zKi": "0.5",
            "zKd": "0.0"
        }
    },
    "pose": [
        [
            0.24965835571289063,
            0.18294602966308593,
            0.1458752899169922,
            null,
            null,
            null,
            [
                [
                    0.9961463212966919,
                    0.08770591765642166,
                    -0.00041964708361774683
                ],
                [
                    -0.08770685642957687,
                    0.9961399435997009,
                    -0.003558369819074869
                ],
                [
                    0.00010593714978313074,
                    0.0035814628936350346,
                    0.9999935626983643
                ]
            ]
        ],
        [
            0.24950624084472656,
            0.18180787658691405,
            0.14581242370605468,
            null,
            null,
            null,
            [
                [
                    0.9957289695739746,
                    0.09232031553983688,
                    -0.0009012295631691813
                ],
                [
                    -0.09232468158006668,
                    0.9956731200218201,
                    -0.010546425357460976
                ],
                [
                    -7.631926564499736e-05,
                    0.010584586299955845,
                    0.9999439716339111
                ]
            ]
        ],
        [
            0.24833607482910156,
            0.17959320068359375,
            0.16880268859863282,
            null,
            null,
            null,
            [
                [
                    0.9939128756523132,
                    0.11016426235437393,
                    -0.0010047875111922622
                ],
                [
                    -0.10987044870853424,
                    0.9918504357337952,
                    0.0645069107413292
                ],
                [
                    0.008102955296635628,
                    -0.0640038549900055,
                    0.9979167580604553
                ]
            ]
        ],
        [
            0.24990704345703124,
            0.1822249298095703,
            0.2597833251953125,
            null,
            null,
            null,
            [
                [
                    0.9975359439849854,
                    0.06110395863652229,
                    -0.03447315841913223
                ],
                [
                    -0.05557355657219887,
                    0.9881134629249573,
                    0.14332962036132812
                ],
                [
                    0.04282139614224434,
                    -0.14106065034866333,
                    0.9890744090080261
                ]
            ]
        ],
        [
            0.24439900207519533,
            0.21949688720703125,
            0.3819594421386719,
            null,
            null,
            null,
            [
                [
                    0.9958559274673462,
                    0.026763461530208588,
                    -0.0869176909327507
                ],
                [
                    -0.014002976939082146,
                    0.9894452691078186,
                    0.14422878623008728
                ],
                [
                    0.08986036479473114,
                    -0.14241397380828857,
                    0.9857197403907776
                ]
            ]
        ],
        [
            0.22777587890625,
            0.26122113037109373,
            0.4949354553222656,
            null,
            null,
            null,
            [
                [
                    0.982714056968689,
                    0.12909439206123352,
                    -0.13269425928592682
                ],
                [
                    -0.11169178783893585,
                    0.9850500822067261,
                    0.13115379214286804
                ],
                [
                    0.14764171838760376,
                    -0.11406581848859787,
                    0.9824413061141968
                ]
            ]
        ],
        [
            0.18874461364746092,
            0.309773681640625,
            0.6276898193359375,
            null,
            null,
            null,
            [
                [
                    0.9661129713058472,
                    0.15445737540721893,
                    -0.20680589973926544
                ],
                [
                    -0.13327884674072266,
                    0.9846412539482117,
                    0.11277566105127335
                ],
                [
                    0.22104865312576294,
                    -0.08139117807149887,
                    0.9718605875968933
                ]
            ]
        ],
        [
            0.14313893127441407,
            0.35325509643554687,
            0.7528281860351562,
            null,
            null,
            null,
            [
                [
                    0.972583532333374,
                    0.027654238045215607,
                    -0.23090364038944244
                ],
                [
                    -0.005918226204812527,
                    0.9955260753631592,
                    0.09430144727230072
                ],
                [
                    0.23247842490673065,
                    -0.09034949541091919,
                    0.9683959484100342
                ]
            ]
        ],
        [
            0.08254193115234375,
            0.4026613159179688,
            0.8805829467773437,
            null,
            null,
            null,
            [
                [
                    0.976847767829895,
                    0.07454901188611984,
                    -0.20052649080753326
                ],
                [
                    -0.06204209476709366,
                    0.9957573413848877,
                    0.0679563358426094
                ],
                [
                    0.20474180579185486,
                    -0.053941912949085236,
                    0.9773285388946533
                ]
            ]
        ],
        [
            0.020622472763061523,
            0.4522081298828125,
            1.0094468994140624,
            null,
            null,
            null,
            [
                [
                    0.9624131917953491,
                    0.07301079481840134,
                    -0.2615918815135956
                ],
                [
                    -0.06243214011192322,
                    0.9968683123588562,
                    0.048536039888858795
                ],
                [
                    0.2643163204193115,
                    -0.03037998266518116,
                    0.9639574289321899
                ]
            ]
        ],
        [
            -0.05249390029907226,
            0.49475115966796873,
            1.118493896484375,
            null,
            null,
            null,
            [
                [
                    0.9557997584342957,
                    0.0399630032479763,
                    -0.2912897765636444
                ],
                [
                    -0.05009574070572853,
                    0.9983682632446289,
                    -0.02740810625255108
                ],
                [
                    0.2897191345691681,
                    0.04078903794288635,
                    0.9562421441078186
                ]
            ]
        ],
        [
            -0.13020048522949218,
            0.5320264282226562,
            1.190550537109375,
            null,
            null,
            null,
            [
                [
                    0.9381124377250671,
                    0.01955668441951275,
                    -0.34577828645706177
                ],
                [
                    -0.047912973910570145,
                    0.996132493019104,
                    -0.07365038990974426
                ],
                [
                    0.3430006206035614,
                    0.08565961569547653,
                    0.9354212880134583
                ]
            ]
        ],
        [
            -0.21712551879882813,
            0.564491943359375,
            1.2185225830078126,
            null,
            null,
            null,
            [
                [
                    0.9297938346862793,
                    -0.006938942242413759,
                    -0.36801525950431824
                ],
                [
                    -0.04596107825636864,
                    0.9898084998130798,
                    -0.13478395342826843
                ],
                [
                    0.36519989371299744,
                    0.142235666513443,
                    0.9199989438056946
                ]
            ]
        ],
        [
            -0.3150289916992188,
            0.589768798828125,
            1.2104813232421876,
            null,
            null,
            null,
            [
                [
                    0.9294124841690063,
                    -0.08025048673152924,
                    -0.3602115213871002
                ],
                [
                    0.01380897406488657,
                    0.9829490780830383,
                    -0.18335866928100586
                ],
                [
                    0.36878421902656555,
                    0.16544167697429657,
                    0.9146733283996582
                ]
            ]
        ],
        [
            -0.41892477416992185,
            0.6055621948242188,
            1.1896429443359375,
            null,
            null,
            null,
            [
                [
                    0.9245174527168274,
                    -0.15538354218006134,
                    -0.34802788496017456
                ],
                [
                    0.08296188712120056,
                    0.9732710719108582,
                    -0.21415120363235474
                ],
                [
                    0.372001051902771,
                    0.16911348700523376,
                    0.9126970171928406
                ]
            ]
        ],
        [
            -0.5411093139648437,
            0.607700439453125,
            1.1652861328125,
            null,
            null,
            null,
            [
                [
                    0.9425156712532043,
                    -0.11200136691331863,
                    -0.3148331046104431
                ],
                [
                    0.03494533151388168,
                    0.9700273275375366,
                    -0.24046985805034637
                ],
                [
                    0.332329660654068,
                    0.21564467251300812,
                    0.9181799292564392
                ]
            ]
        ],
        [
            -0.6557637939453125,
            0.5865055541992188,
            1.15630859375,
            null,
            null,
            null,
            [
                [
                    0.9537249207496643,
                    -0.09782999008893967,
                    -0.28432032465934753
                ],
                [
                    -0.0012317935470491648,
                    0.9443103671073914,
                    -0.32905372977256775
                ],
                [
                    0.30067795515060425,
                    0.3141769766807556,
                    0.9004918336868286
                ]
            ]
        ],
        [
            -0.76947021484375,
            0.5438555908203125,
            1.1577183837890626,
            null,
            null,
            null,
            [
                [
                    0.9731430411338806,
                    -0.11724289506673813,
                    -0.19810797274112701
                ],
                [
                    0.01673028990626335,
                    0.8943304419517517,
                    -0.4470941722393036
                ],
                [
                    0.22959260642528534,
                    0.4317721724510193,
                    0.8722729086875916
                ]
            ]
        ],
        [
            -0.8664619750976562,
            0.46971282958984373,
            1.1702200927734374,
            null,
            null,
            null,
            [
                [
                    0.9609153866767883,
                    -0.13104020059108734,
                    -0.2438649982213974
                ],
                [
                    -0.00950668379664421,
                    0.8647419214248657,
                    -0.5021264553070068
                ],
                [
                    0.27667903900146484,
                    0.4848193824291229,
                    0.8296980857849121
                ]
            ]
        ],
        [
            -0.95465087890625,
            0.372901123046875,
            1.18070166015625,
            null,
            null,
            null,
            [
                [
                    0.9691688418388367,
                    -0.17098368704319,
                    -0.1774156540632248
                ],
                [
                    0.052432045340538025,
                    0.8466599583625793,
                    -0.5295448303222656
                ],
                [
                    0.24075426161289215,
                    0.5039160847663879,
                    0.8295215368270874
                ]
            ]
        ],
        [
            -1.0525628662109374,
            0.23586714172363282,
            1.1977891845703126,
            null,
            null,
            null,
            [
                [
                    0.9746103882789612,
                    -0.19414715468883514,
                    -0.11154141277074814
                ],
                [
                    0.10928113758563995,
                    0.8472450375556946,
                    -0.519839882850647
                ],
                [
                    0.19542834162712097,
                    0.49445199966430664,
                    0.8469504117965698
                ]
            ]
        ],
        [
            -1.13396826171875,
            0.09081947326660156,
            1.218432373046875,
            null,
            null,
            null,
            [
                [
                    0.9600704312324524,
                    -0.2731456756591797,
                    -0.060466233640909195
                ],
                [
                    0.19920991361141205,
                    0.8192362189292908,
                    -0.5377429127693176
                ],
                [
                    0.19641828536987305,
                    0.5042256116867065,
                    0.8409377932548523
                ]
            ]
        ],
        [
            -1.2031898193359376,
            -0.0641380844116211,
            1.240573486328125,
            null,
            null,
            null,
            [
                [
                    0.9395514130592346,
                    -0.315534383058548,
                    0.13297052681446075
                ],
                [
                    0.33776232600212097,
                    0.7903135418891907,
                    -0.5111957788467407
                ],
                [
                    0.0562114417552948,
                    0.5252071619033813,
                    0.8491158485412598
                ]
            ]
        ],
        [
            -1.2387476806640625,
            -0.221192138671875,
            1.2621527099609375,
            null,
            null,
            null,
            [
                [
                    0.8943556547164917,
                    -0.3284137547016144,
                    0.30376365780830383
                ],
                [
                    0.4395776689052582,
                    0.7712247967720032,
                    -0.4604169428348541
                ],
                [
                    -0.08306281268596649,
                    0.5453042387962341,
                    0.8341126441955566
                ]
            ]
        ],
        [
            -1.24055908203125,
            -0.3751409912109375,
            1.278033447265625,
            null,
            null,
            null,
            [
                [
                    0.8150728940963745,
                    -0.426073282957077,
                    0.3925783634185791
                ],
                [
                    0.5705087780952454,
                    0.7082498073577881,
                    -0.4158148169517517
                ],
                [
                    -0.10087596625089645,
                    0.5628888010978699,
                    0.8203537464141846
                ]
            ]
        ],
        [
            -1.208063232421875,
            -0.5236282958984375,
            1.2814149169921876,
            null,
            null,
            null,
            [
                [
                    0.7527130842208862,
                    -0.3836356997489929,
                    0.5350202322006226
                ],
                [
                    0.6145952939987183,
                    0.7007924914360046,
                    -0.3621636629104614
                ],
                [
                    -0.23599925637245178,
                    0.6014262437820435,
                    0.7632763385772705
                ]
            ]
        ],
        [
            -1.13325439453125,
            -0.6707520751953125,
            1.2773399658203124,
            null,
            null,
            null,
            [
                [
                    0.6778276562690735,
                    -0.4370840787887573,
                    0.591191291809082
                ],
                [
                    0.6948052048683167,
                    0.6437422633171082,
                    -0.32068926095962524
                ],
                [
                    -0.24040664732456207,
                    0.6281348466873169,
                    0.7400346398353577
                ]
            ]
        ],
        [
            -1.02921923828125,
            -0.7934480590820312,
            1.2722930908203125,
            null,
            null,
            null,
            [
                [
                    0.6128256320953369,
                    -0.5084030032157898,
                    0.6049554347991943
                ],
                [
                    0.7622730731964111,
                    0.5821194648742676,
                    -0.28297820687294006
                ],
                [
                    -0.20828936994075775,
                    0.6345575451850891,
                    0.744279682636261
                ]
            ]
        ],
        [
            -0.893955322265625,
            -0.9062515258789062,
            1.27398291015625,
            null,
            null,
            null,
            [
                [
                    0.5773482322692871,
                    -0.5722144842147827,
                    0.5824427604675293
                ],
                [
                    0.7974908351898193,
                    0.5482170581817627,
                    -0.2519254684448242
                ],
                [
                    -0.17514964938163757,
                    0.6099414825439453,
                    0.7728479504585266
                ]
            ]
        ],
        [
            -0.737179931640625,
            -1.01046484375,
            1.2910927734375,
            null,
            null,
            null,
            [
                [
                    0.5453059077262878,
                    -0.6799483299255371,
                    0.4902159571647644
                ],
                [
                    0.8245679140090942,
                    0.5403028130531311,
                    -0.1678113341331482
                ],
                [
                    -0.15076200664043427,
                    0.4957248568534851,
                    0.8552939295768738
                ]
            ]
        ],
        [
            -0.5784317016601562,
            -1.1005699462890626,
            1.3240660400390625,
            null,
            null,
            null,
            [
                [
                    0.5520474314689636,
                    -0.7439863085746765,
                    0.37646782398223877
                ],
                [
                    0.8192368745803833,
                    0.5680172443389893,
                    -0.0787864550948143
                ],
                [
                    -0.15522417426109314,
                    0.35191020369529724,
                    0.9230734705924988
                ]
            ]
        ],
        [
            -0.43848934936523437,
            -1.1675367431640624,
            1.3678333740234374,
            null,
            null,
            null,
            [
                [
                    0.51864093542099,
                    -0.8218516111373901,
                    0.2357361912727356
                ],
                [
                    0.8381587862968445,
                    0.5431644916534424,
                    0.049619708210229874
                ],
                [
                    -0.16882357001304626,
                    0.1718495488166809,
                    0.9705495238304138
                ]
            ]
        ],
        [
            -0.3241520690917969,
            -1.2057623291015624,
            1.39882373046875,
            null,
            null,
            null,
            [
                [
                    0.5656036734580994,
                    -0.8095033764839172,
                    0.1574699729681015
                ],
                [
                    0.8016440868377686,
                    0.584503710269928,
                    0.12538819015026093
                ],
                [
                    -0.193543940782547,
                    0.055314842611551285,
                    0.9795309901237488
                ]
            ]
        ],
        [
            -0.23669773864746094,
            -1.220753662109375,
            1.405001220703125,
            null,
            null,
            null,
            [
                [
                    0.5645789504051208,
                    -0.8158063888549805,
                    0.12534181773662567
                ],
                [
                    0.800270676612854,
                    0.5782271027565002,
                    0.15880881249904633
                ],
                [
                    -0.20203328132629395,
                    0.010647262446582317,
                    0.979320764541626
                ]
            ]
        ],
        [
            -0.16800556945800782,
            -1.2148740234375,
            1.3906251220703125,
            null,
            null,
            null,
            [
                [
                    0.618617594242096,
                    -0.7614045143127441,
                    0.19384388625621796
                ],
                [
                    0.7533243298530579,
                    0.6448825597763062,
                    0.12895336747169495
                ],
                [
                    -0.2231922149658203,
                    0.06625449657440186,
                    0.9725202322006226
                ]
            ]
        ],
        [
            -0.10645040130615234,
            -1.1904305419921875,
            1.3592042236328126,
            null,
            null,
            null,
            [
                [
                    0.586269199848175,
                    -0.7523546814918518,
                    0.30041787028312683
                ],
                [
                    0.7767971754074097,
                    0.6273324489593506,
                    0.0551372766494751
                ],
                [
                    -0.22994467616081238,
                    0.20103847980499268,
                    0.9522126913070679
                ]
            ]
        ],
        [
            -0.051259857177734375,
            -1.1598115234375,
            1.320873779296875,
            null,
            null,
            null,
            [
                [
                    0.6676990985870361,
                    -0.6462687849998474,
                    0.36947882175445557
                ],
                [
                    0.7119126915931702,
                    0.699424147605896,
                    -0.06313610821962357
                ],
                [
                    -0.21761952340602875,
                    0.30519258975982666,
                    0.9270918369293213
                ]
            ]
        ],
        [
            0.022525651931762695,
            -1.1403643798828125,
            1.270664306640625,
            null,
            null,
            null,
            [
                [
                    0.7041364312171936,
                    -0.6576931476593018,
                    0.2676408290863037
                ],
                [
                    0.6870532035827637,
                    0.7262457609176636,
                    -0.022912614047527313
                ],
                [
                    -0.17930354177951813,
                    0.20001709461212158,
                    0.9632462859153748
                ]
            ]
        ],
        [
            0.09152157592773437,
            -1.1239080810546875,
            1.2220985107421876,
            null,
            null,
            null,
            [
                [
                    0.6756263375282288,
                    -0.6705686450004578,
                    0.3063768148422241
                ],
                [
                    0.7293372750282288,
                    0.6686328649520874,
                    -0.1449040323495865
                ],
                [
                    -0.10768549889326096,
                    0.321353018283844,
                    0.9408167004585266
                ]
            ]
        ],
        [
            0.15842283630371093,
            -1.1238060302734374,
            1.1734078369140626,
            null,
            null,
            null,
            [
                [
                    0.6369176506996155,
                    -0.6773674488067627,
                    0.36811575293540955
                ],
                [
                    0.753666341304779,
                    0.647574245929718,
                    -0.1124039888381958
                ],
                [
                    -0.16224347054958344,
                    0.3490285277366638,
                    0.9229605197906494
                ]
            ]
        ],
        [
            0.24161109924316407,
            -1.135029541015625,
            1.131259521484375,
            null,
            null,
            null,
            [
                [
                    0.6461775898933411,
                    -0.6880660653114319,
                    0.3301812708377838
                ],
                [
                    0.7428873777389526,
                    0.6661975979804993,
                    -0.06556760519742966
                ],
                [
                    -0.17485113441944122,
                    0.2876558005809784,
                    0.9416375160217285
                ]
            ]
        ],
        [
            0.32753762817382814,
            -1.148150146484375,
            1.1116458740234374,
            null,
            null,
            null,
            [
                [
                    0.6180731654167175,
                    -0.7525177597999573,
                    0.2273818999528885
                ],
                [
                    0.7581132650375366,
                    0.6470937132835388,
                    0.08083328604698181
                ],
                [
                    -0.2079658806324005,
                    0.12242034822702408,
                    0.9704449772834778
                ]
            ]
        ],
        [
            0.3886957397460937,
            -1.139836669921875,
            1.1061947021484375,
            null,
            null,
            null,
            [
                [
                    0.6731033325195312,
                    -0.7052032947540283,
                    0.22275598347187042
                ],
                [
                    0.69596928358078,
                    0.7058906555175781,
                    0.13170084357261658
                ],
                [
                    -0.2501172423362732,
                    0.06638305634260178,
                    0.9659371972084045
                ]
            ]
        ],
        [
            0.45188595581054686,
            -1.12825390625,
            1.1089932861328125,
            null,
            null,
            null,
            [
                [
                    0.6521239876747131,
                    -0.7464462518692017,
                    0.13248515129089355
                ],
                [
                    0.7174830436706543,
                    0.6641197204589844,
                    0.21015030145645142
                ],
                [
                    -0.24485190212726593,
                    -0.04198820888996124,
                    0.9686508774757385
                ]
            ]
        ],
        [
            0.5041602783203125,
            -1.094277099609375,
            1.1147666015625,
            null,
            null,
            null,
            [
                [
                    0.5932259559631348,
                    -0.793615996837616,
                    0.1351168304681778
                ],
                [
                    0.7631638646125793,
                    0.6078177690505981,
                    0.21940477192401886
                ],
                [
                    -0.2562495470046997,
                    -0.02704031392931938,
                    0.9662323594093323
                ]
            ]
        ],
        [
            0.5482244873046875,
            -1.0504619140625,
            1.1243701171875,
            null,
            null,
            null,
            [
                [
                    0.5886686444282532,
                    -0.8015843033790588,
                    0.1045553982257843
                ],
                [
                    0.7565991878509521,
                    0.5918818116188049,
                    0.27790939807891846
                ],
                [
                    -0.2846522629261017,
                    -0.08449003100395203,
                    0.9549002647399902
                ]
            ]
        ],
        [
            0.58642578125,
            -0.9955643920898437,
            1.1310460205078126,
            null,
            null,
            null,
            [
                [
                    0.5358636379241943,
                    -0.8276160955429077,
                    0.16703811287879944
                ],
                [
                    0.8031736612319946,
                    0.5606802105903625,
                    0.2013697475194931
                ],
                [
                    -0.2603118121623993,
                    0.026253879070281982,
                    0.9651675820350647
                ]
            ]
        ],
        [
            0.6324679565429687,
            -0.9432958374023438,
            1.139180908203125,
            null,
            null,
            null,
            [
                [
                    0.5575055480003357,
                    -0.8130515217781067,
                    0.16773436963558197
                ],
                [
                    0.7890446186065674,
                    0.5817641615867615,
                    0.19738061726093292
                ],
                [
                    -0.2580624520778656,
                    0.022309117019176483,
                    0.9658706188201904
                ]
            ]
        ],
        [
            0.6695936889648437,
            -0.8932958374023438,
            1.1390531005859375,
            null,
            null,
            null,
            [
                [
                    0.6573032736778259,
                    -0.7514917254447937,
                    0.05668029934167862
                ],
                [
                    0.7088273167610168,
                    0.6420235633850098,
                    0.2921806871891022
                ],
                [
                    -0.25596144795417786,
                    -0.15187476575374603,
                    0.9546820521354675
                ]
            ]
        ],
        [
            0.70750048828125,
            -0.8319744873046875,
            1.1343935546875,
            null,
            null,
            null,
            [
                [
                    0.6433727741241455,
                    -0.7654020190238953,
                    0.01520464476197958
                ],
                [
                    0.7250101566314697,
                    0.6155579090118408,
                    0.30894777178764343
                ],
                [
                    -0.24582858383655548,
                    -0.18774506449699402,
                    0.9509574770927429
                ]
            ]
        ],
        [
            0.7368695678710937,
            -0.7550498046875,
            1.120037109375,
            null,
            null,
            null,
            [
                [
                    0.2892490029335022,
                    -0.9521220326423645,
                    0.0989883616566658
                ],
                [
                    0.9176695346832275,
                    0.305230975151062,
                    0.2543948292732239
                ],
                [
                    -0.2724292278289795,
                    0.017255155369639397,
                    0.9620211124420166
                ]
            ]
        ],
        [
            0.7687732543945313,
            -0.6908014526367188,
            1.0770390625,
            null,
            null,
            null,
            [
                [
                    -0.05702891945838928,
                    -0.9797629117965698,
                    0.19186529517173767
                ],
                [
                    0.9741974472999573,
                    -0.012575695291161537,
                    0.22534678876399994
                ],
                [
                    -0.2183735966682434,
                    0.19976596534252167,
                    0.9551997184753418
                ]
            ]
        ],
        [
            0.8039916381835938,
            -0.624084228515625,
            1.02192626953125,
            null,
            null,
            null,
            [
                [
                    -0.44069138169288635,
                    -0.7637321949005127,
                    0.47170358896255493
                ],
                [
                    0.8911478519439697,
                    -0.30904752016067505,
                    0.3321824073791504
                ],
                [
                    -0.10791955888271332,
                    0.5667475461959839,
                    0.8167928457260132
                ]
            ]
        ],
        [
            0.8587471923828125,
            -0.5541910400390625,
            0.9630215454101563,
            null,
            null,
            null,
            [
                [
                    0.6850694417953491,
                    -0.523773729801178,
                    -0.50630122423172
                ],
                [
                    -0.7278412580490112,
                    -0.5211814641952515,
                    -0.4456647038459778
                ],
                [
                    -0.030447345227003098,
                    0.6738181710243225,
                    -0.7382696270942688
                ]
            ]
        ],
        [
            0.9064658813476563,
            -0.5050969543457031,
            0.9211361083984375,
            null,
            null,
            null,
            [
                [
                    0.8650305271148682,
                    -0.19386248290538788,
                    -0.4627520740032196
                ],
                [
                    -0.47049179673194885,
                    -0.6337543725967407,
                    -0.6139974594116211
                ],
                [
                    -0.1742400825023651,
                    0.7488476037979126,
                    -0.6394276022911072
                ]
            ]
        ],
        [
            1.0173015747070313,
            -0.36501144409179687,
            0.8568099365234375,
            null,
            null,
            null,
            [
                [
                    -0.9982174038887024,
                    -0.057632118463516235,
                    -0.015511586330831051
                ],
                [
                    0.042212869971990585,
                    -0.8654913902282715,
                    0.4991419315338135
                ],
                [
                    -0.0421917550265789,
                    0.4975973665714264,
                    0.8663814067840576
                ]
            ]
        ],
        [
            1.066797119140625,
            -0.24511927795410157,
            0.854539794921875,
            null,
            null,
            null,
            [
                [
                    -0.9359964728355408,
                    0.2834829092025757,
                    -0.20868158340454102
                ],
                [
                    -0.3498976528644562,
                    -0.8140998482704163,
                    0.46347925066947937
                ],
                [
                    -0.03849920257925987,
                    0.5068321228027344,
                    0.8611846566200256
                ]
            ]
        ],
        [
            1.07701708984375,
            -0.11169173431396484,
            0.8703331909179688,
            null,
            null,
            null,
            [
                [
                    -0.802605152130127,
                    0.48083144426345825,
                    -0.3530241847038269
                ],
