{
    "radius": 0.5,
    "angular_speed": 10,
    "save_freq": 0.01,
    "pid_gains": {
        "pid_rate": {
            "roll_kp": "50.0",
            "roll_ki": "0.0",
            "roll_kd": "0.0",
            "pitch_kp": "50.0",
            "pitch_ki": "0.0",
            "pitch_kd": "0.0",
            "yaw_kp": "80.0",
            "yaw_ki": "0.0",
            "yaw_kd": "0.0"
        },
        "pid_attitude": {
            "roll_kp": "10.0",
            "roll_ki": "0.5",
            "roll_kd": "0.5",
            "pitch_kp": "13.0",
            "pitch_ki": "0.5",
            "pitch_kd": "1.5",
            "yaw_kp": "8.0",
            "yaw_ki": "0.5",
            "yaw_kd": "0.5"
        },
        "velCtlPid": {
            "vxKp": "15.0",
            "vxKi": "1.0",
            "vxKd": "0.0",
            "vyKp": "10.0",
            "vyKi": "1.0",
            "vyKd": "0.0",
            "vzKp": "12.5",
            "vzKi": "0.5",
            "vzKd": "0.0"
        },
        "posCtlPid": {
            "xKp": "1.5",
            "xKi": "0.20000000298023224",
            "xKd": "0.20000000298023224",
            "yKp": "1.5",
            "yKi": "0.20000000298023224",
            "yKd": "0.20000000298023224",
            "zKp": "5.0",
            "zKi": "0.5",
            "zKd": "0.0"
        }
    },
    "pose": [
        [
            0.0670626220703125,
            0.03615176773071289,
            0.26011703491210936,
            null,
            null,
            null,
            [
                [
                    0.9983212947845459,
                    0.05722835287451744,
                    0.008915764279663563
                ],
                [
                    -0.057323504239320755,
                    0.9982971549034119,
                    0.010809522122144699
                ],
                [
                    -0.008281970396637917,
                    -0.011302459053695202,
                    0.9999018311500549
                ]
            ]
        ],
        [
            0.06697127532958984,
            0.036148029327392577,
            0.2601795349121094,
            null,
            null,
            null,
            [
                [
                    0.9983080625534058,
                    0.057474419474601746,
                    0.008813690394163132
                ],
                [
                    -0.057573601603507996,
                    0.998275637626648,
                    0.011445622891187668
                ],
                [
                    -0.00814066268503666,
                    -0.011933693662285805,
                    0.9998956322669983
                ]
            ]
        ],
        [
            0.06692854309082032,
            0.03616126251220703,
            0.2602161560058594,
            null,
            null,
            null,
            [
                [
                    0.998322069644928,
                    0.05717116594314575,
                    0.00919306743890047
                ],
                [
                    -0.05727488920092583,
                    0.9982928037643433,
                    0.011445904150605202
                ],
                [
                    -0.008522997610270977,
                    -0.011953230947256088,
                    0.9998922348022461
                ]
            ]
        ],
        [
            0.06690257263183594,
            0.0361633415222168,
            0.26021795654296875,
            null,
            null,
            null,
            [
                [
                    0.9983164668083191,
                    0.05735097452998161,
                    0.008662646636366844
                ],
                [
                    -0.057449258863925934,
                    0.9982815384864807,
                    0.011557912454009056
                ],
                [
                    -0.007984902709722519,
                    -0.012036116793751717,
                    0.9998956918716431
                ]
            ]
        ],
        [
            0.06687265014648437,
            0.03616573333740234,
            0.2602578125,
            null,
            null,
            null,
            [
                [
                    0.9983057379722595,
                    0.0574648417532444,
                    0.00913598295301199
                ],
                [
                    -0.057567961513996124,
                    0.998275876045227,
                    0.011456338688731194
                ],
                [
                    -0.00846189446747303,
                    -0.01196286827325821,
                    0.9998926520347595
                ]
            ]
        ],
        [
            0.06681140899658203,
            0.036163040161132816,
            0.26025216674804685,
            null,
            null,
            null,
            [
                [
                    0.9982876181602478,
                    0.05778559669852257,
                    0.009090587496757507
                ],
                [
                    -0.05789482966065407,
                    0.998247504234314,
                    0.012250522151589394
                ],
                [
                    -0.008366752415895462,
                    -0.012755842879414558,
                    0.9998836517333984
                ]
            ]
        ],
        [
            0.06688021087646484,
            0.03615572357177734,
            0.2602383728027344,
            null,
            null,
            null,
            [
                [
                    0.9982127547264099,
                    0.0589858815073967,
                    0.009587342850863934
                ],
                [
                    -0.0591154508292675,
                    0.9981551170349121,
                    0.013845071196556091
                ],
                [
                    -0.008752991445362568,
                    -0.01438708696514368,
                    0.9998582005500793
                ]
            ]
        ],
        [
            0.06696983337402344,
            0.03616244125366211,
            0.26022308349609374,
            null,
            null,
            null,
            [
                [
                    0.998116135597229,
                    0.06085425242781639,
                    0.00780852697789669
                ],
                [
                    -0.06095545366406441,
                    0.9980498552322388,
                    0.01345226913690567
                ],
                [
                    -0.00697467103600502,
                    -0.013902898877859116,
                    0.999879002571106
                ]
            ]
        ],
        [
            0.06707682800292969,
            0.03615444564819336,
            0.2601363220214844,
            null,
            null,
            null,
            [
                [
                    0.9982351064682007,
                    0.05889071151614189,
                    0.007655106484889984
                ],
                [
                    -0.05896816775202751,
                    0.9982064962387085,
                    0.010320217348635197
                ],
                [
                    -0.007033612113445997,
                    -0.010753410868346691,
                    0.9999174475669861
                ]
            ]
        ],
        [
            0.06701567840576172,
            0.036141162872314454,
            0.26014797973632814,
            null,
            null,
            null,
            [
                [
                    0.998367428779602,
                    0.05640039220452309,
                    0.009024932980537415
                ],
                [
                    -0.056505754590034485,
                    0.998331606388092,
                    0.011879818513989449
                ],
                [
                    -0.008339849300682545,
                    -0.01237038429826498,
                    0.9998887181282043
                ]
            ]
        ],
        [
            0.06701567840576172,
            0.036141162872314454,
            0.26014797973632814,
            null,
            null,
            null,
            [
                [
                    0.998367428779602,
                    0.05640039220452309,
                    0.009024932980537415
                ],
                [
                    -0.056505754590034485,
                    0.998331606388092,
                    0.011879818513989449
                ],
                [
                    -0.008339849300682545,
                    -0.01237038429826498,
                    0.9998887181282043
                ]
            ]
        ],
        [
            0.06687809753417968,
            0.03616901779174805,
            0.26017605590820314,
            null,
            null,
            null,
            [
                [
                    0.998465895652771,
                    0.054760098457336426,
                    0.008194109424948692
                ],
                [
                    -0.05485166609287262,
                    0.9984294176101685,
                    0.011401258409023285
                ],
                [
                    -0.007556906435638666,
                    -0.011833228170871735,
                    0.9999014139175415
                ]
            ]
        ],
        [
            0.06647515106201173,
            0.036192203521728514,
            0.2602413635253906,
            null,
            null,
            null,
            [
                [
                    0.998247504234314,
                    0.058742862194776535,
                    0.007151382975280285
                ],
                [
                    -0.05882697179913521,
                    0.9981938600540161,
                    0.012181605212390423
                ],
                [
                    -0.006422884296625853,
                    -0.012580951675772667,
                    0.999900221824646
                ]
            ]
        ],
        [
            0.06634477233886718,
            0.03621159362792969,
            0.260252685546875,
            null,
            null,
            null,
            [
                [
                    0.9981163740158081,
                    0.06098650023341179,
                    0.006663954816758633
                ],
                [
                    -0.06106221675872803,
                    0.9980639815330505,
                    0.011819999665021896
                ],
                [
                    -0.005930192768573761,
                    -0.012204650789499283,
                    0.999907910823822
                ]
            ]
        ],
        [
            0.066381591796875,
            0.03618838500976562,
            0.26020623779296875,
            null,
            null,
            null,
            [
                [
                    0.9983092546463013,
                    0.057666778564453125,
                    0.007293598726391792
                ],
                [
                    -0.05775214731693268,
                    0.9982576966285706,
                    0.012092206627130508
                ],
                [
                    -0.006583572831004858,
                    -0.012492982670664787,
                    0.9999002814292908
                ]
            ]
        ],
        [
            0.06660234069824218,
            0.03621167373657227,
            0.26027517700195313,
            null,
            null,
            null,
            [
                [
                    0.9982216358184814,
                    0.05901152268052101,
                    0.008440055884420872
                ],
                [
                    -0.0591103732585907,
                    0.9981794953346252,
                    0.011985816061496735
                ],
                [
                    -0.0077173891477286816,
                    -0.012463395483791828,
                    0.99989253282547
                ]
            ]
        ],
        [
            0.06676435852050781,
            0.036148441314697265,
            0.2602705993652344,
            null,
            null,
            null,
            [
                [
                    0.9981815218925476,
                    0.05964421108365059,
                    0.008731147274374962
                ],
                [
                    -0.05975935608148575,
                    0.9981204271316528,
                    0.013581600971519947
                ],
                [
                    -0.007904672995209694,
                    -0.014078671112656593,
                    0.9998696446418762
                ]
            ]
        ],
        [
            0.0670340118408203,
            0.03611085891723633,
            0.2602111511230469,
            null,
            null,
            null,
            [
                [
                    0.998060941696167,
                    0.061687879264354706,
                    0.008301313035190105
                ],
                [
                    -0.061799075454473495,
                    0.9979920983314514,
                    0.013881094753742218
                ],
                [
                    -0.007428349461406469,
                    -0.014367192052304745,
                    0.999869167804718
                ]
            ]
        ],
        [
            0.06742760467529296,
            0.036084510803222655,
            0.2601055908203125,
            null,
            null,
            null,
            [
                [
                    0.9983120560646057,
                    0.05744398012757301,
                    0.008554955944418907
                ],
                [
                    -0.05752861127257347,
                    0.9982938170433044,
                    0.009998549707233906
                ],
                [
                    -0.007966002449393272,
                    -0.010473827831447124,
                    0.9999133944511414
                ]
            ]
        ],
        [
            0.06767592620849609,
            0.036056034088134764,
            0.260077880859375,
            null,
            null,
            null,
            [
                [
                    0.9984907507896423,
                    0.053906165063381195,
                    0.010503637604415417
                ],
                [
                    -0.054016537964344025,
                    0.9984845519065857,
                    0.010524129495024681
                ],
                [
                    -0.00992040429264307,
                    -0.011075615882873535,
                    0.9998894333839417
                ]
            ]
        ],
        [
            0.06762626647949219,
            0.035965194702148436,
            0.26009307861328124,
            null,
            null,
            null,
            [
                [
                    0.9987995028495789,
                    0.047592274844646454,
                    0.011601043865084648
                ],
                [
                    -0.04772045090794563,
                    0.9987998008728027,
                    0.011033874936401844
                ],
                [
                    -0.01106199249625206,
                    -0.011574235744774342,
                    0.9998718500137329
                ]
            ]
        ],
        [
            0.06735193634033203,
            0.03570739364624023,
            0.26031951904296874,
            null,
            null,
            null,
            [
                [
                    0.9989893436431885,
                    0.043587327003479004,
                    0.010972617194056511
                ],
                [
                    -0.0436980277299881,
                    0.9989941120147705,
                    0.010059804655611515
                ],
                [
                    -0.010523100383579731,
                    -0.01052911952137947,
                    0.9998891949653625
                ]
            ]
        ],
        [
            0.0668834457397461,
            0.03580765533447266,
            0.26193426513671875,
            null,
            null,
            null,
            [
                [
                    0.9988604784011841,
                    0.04718130826950073,
                    0.007187888491898775
                ],
                [
                    -0.04725441336631775,
                    0.9988291263580322,
                    0.010364902205765247
                ],
                [
                    -0.0066904425621032715,
                    -0.010692750103771687,
                    0.9999204277992249
                ]
            ]
        ],
        [
            0.06635449981689454,
            0.03674884033203125,
            0.26535150146484376,
            null,
            null,
            null,
            [
                [
                    0.9989083409309387,
                    0.046499378979206085,
                    0.00446947431191802
                ],
                [
                    -0.04654104635119438,
                    0.9988690614700317,
                    0.009720495902001858
                ],
                [
                    -0.004012422636151314,
                    -0.00991789810359478,
                    0.9999427795410156
                ]
            ]
        ],
        [
            0.06573142242431641,
            0.036493110656738284,
            0.2698612976074219,
            null,
            null,
            null,
            [
                [
                    0.9990879893302917,
                    0.042694125324487686,
                    0.0006338066305033863
                ],
                [
                    -0.04269794002175331,
                    0.9990530014038086,
                    0.008368885144591331
                ],
                [
                    -0.0002759041963145137,
                    -0.008388315327465534,
                    0.9999647736549377
                ]
            ]
        ],
        [
            0.06514472198486328,
            0.036496356964111326,
            0.2709333801269531,
            null,
            null,
            null,
            [
                [
                    0.9987161159515381,
                    0.047153882682323456,
                    0.018510306254029274
                ],
                [
                    -0.04731740429997444,
                    0.998843789100647,
                    0.008497505448758602
                ],
                [
                    -0.018088214099407196,
                    -0.00936245545744896,
                    0.9997925758361816
                ]
            ]
        ],
        [
            0.06439327239990235,
            0.036328205108642576,
            0.27574755859375,
            null,
            null,
            null,
            [
                [
                    0.9986357092857361,
                    0.04606322944164276,
                    -0.024595800787210464
                ],
                [
                    -0.04773913323879242,
                    0.9962202310562134,
                    -0.0725683942437172
                ],
                [
                    0.021160099655389786,
                    0.07364357262849808,
                    0.9970601201057434
                ]
            ]
        ],
        [
            0.06372333145141601,
            0.036099369049072266,
            0.2815035400390625,
            null,
            null,
            null,
            [
                [
                    0.9927593469619751,
                    0.058711811900138855,
                    -0.10479392111301422
                ],
                [
                    -0.05844397097826004,
                    0.9982748031616211,
                    0.0056274509988725185
                ],
                [
                    0.10494352877140045,
                    0.0005378680652938783,
                    0.9944780468940735
                ]
            ]
        ],
        [
            0.0633978271484375,
            0.036421154022216795,
            0.2872449951171875,
            null,
            null,
            null,
            [
                [
                    0.9976802468299866,
                    0.06451736390590668,
                    -0.021717987954616547
                ],
                [
                    -0.062470875680446625,
                    0.9944663047790527,
                    0.08446404337882996
                ],
                [
                    0.027047203853726387,
                    -0.08291136473417282,
                    0.9961898326873779
                ]
            ]
        ],
        [
            0.06290742111206055,
            0.03593330001831055,
            0.2975128173828125,
            null,
            null,
            null,
            [
                [
                    0.9978851675987244,
                    0.057581543922424316,
                    -0.030158594250679016
                ],
                [
                    -0.058062050491571426,
                    0.9981956481933594,
                    -0.015306130051612854
                ],
                [
                    0.029222825542092323,
                    0.017024829983711243,
                    0.9994279146194458
                ]
            ]
        ],
        [
            0.06199658203125,
            0.035284774780273434,
            0.30293463134765625,
            null,
            null,
            null,
            [
                [
                    0.997295081615448,
                    0.05835767090320587,
                    -0.04468716308474541
                ],
                [
                    -0.05921473726630211,
                    0.9980811476707458,
                    -0.018100790679454803
                ],
                [
                    0.04354509338736534,
                    0.02069796621799469,
                    0.9988370537757874
                ]
            ]
        ],
        [
            0.0613386344909668,
            0.03525714492797852,
            0.31047760009765624,
            null,
            null,
            null,
            [
                [
                    0.9971385598182678,
                    0.06018685922026634,
                    -0.04574035480618477
                ],
                [
                    -0.06105765327811241,
                    0.9979740381240845,
                    -0.017884021624922752
                ],
                [
                    0.04457130283117294,
                    0.02062564715743065,
                    0.9987932443618774
                ]
            ]
        ],
        [
            0.0608740234375,
            0.03441947174072266,
            0.3205164489746094,
            null,
            null,
            null,
            [
                [
                    0.9975249171257019,
                    0.04966107755899429,
                    -0.04977727681398392
                ],
                [
                    -0.051039401441812515,
                    0.998336672782898,
                    -0.026811448857188225
                ],
                [
                    0.04836299270391464,
                    0.029285691678524017,
                    0.9984003901481628
                ]
            ]
        ],
        [
            0.06079778671264648,
            0.034752788543701174,
            0.32861376953125,
            null,
            null,
            null,
            [
                [
                    0.9975613355636597,
                    0.05598044395446777,
                    -0.04168485477566719
                ],
                [
                    -0.057589683681726456,
                    0.9975992441177368,
                    -0.038459815084934235
                ],
                [
                    0.03943178057670593,
                    0.040766641497612,
                    0.9983903169631958
                ]
            ]
        ],
        [
            0.060535408020019534,
            0.03474314117431641,
            0.3392352600097656,
            null,
            null,
            null,
            [
                [
                    0.998268723487854,
                    0.04394465684890747,
                    -0.03909559175372124
                ],
                [
                    -0.04553908482193947,
                    0.9981260299682617,
                    -0.04087249934673309
                ],
                [
                    0.037226203829050064,
                    0.04258211329579353,
                    0.9983991980552673
                ]
            ]
        ],
        [
            0.0601476058959961,
            0.033720169067382816,
            0.34804571533203127,
            null,
            null,
            null,
            [
                [
                    0.9985288977622986,
                    0.043648265302181244,
                    -0.03216962516307831
                ],
                [
                    -0.04544384405016899,
                    0.9973177909851074,
                    -0.05737711861729622
                ],
                [
                    0.029578927904367447,
                    0.05875462293624878,
                    0.9978341460227966
                ]
            ]
        ],
        [
            0.05967327880859375,
            0.03372832107543945,
            0.3538421325683594,
            null,
            null,
            null,
            [
                [
                    0.9953058958053589,
                    0.05627039074897766,
                    0.07873889058828354
                ],
                [
                    -0.051273152232170105,
                    0.996624767780304,
                    -0.06411054730415344
                ],
                [
                    -0.0820806473493576,
                    0.059772416949272156,
                    0.9948316812515259
                ]
            ]
        ],
        [
            0.058375633239746094,
            0.03311581039428711,
            0.36466690063476564,
            null,
            null,
            null,
            [
                [
                    0.9985535144805908,
                    0.029977448284626007,
                    -0.04463398829102516
                ],
                [
                    -0.039326488971710205,
                    0.9733067750930786,
                    -0.22611361742019653
                ],
                [
                    0.03666425123810768,
                    0.22754184901714325,
                    0.9730778336524963
                ]
            ]
        ],
        [
            0.055526786804199216,
            0.03441255569458008,
            0.38449969482421875,
            null,
            null,
            null,
            [
                [
                    0.9965353608131409,
                    0.07970963418483734,
                    -0.0237412191927433
                ],
                [
                    -0.07737038284540176,
                    0.9932000041007996,
                    0.08699154108762741
                ],
                [
                    0.030513843521475792,
                    -0.08485327661037445,
                    0.9959261417388916
                ]
            ]
        ],
        [
            0.053805416107177734,
            0.034575275421142575,
            0.39846536254882814,
            null,
            null,
            null,
            [
                [
                    0.9973190426826477,
                    0.05827492102980614,
                    -0.04425854980945587
                ],
                [
                    -0.06167444959282875,
                    0.9949021339416504,
                    -0.07978696376085281
                ],
                [
                    0.03938334807753563,
                    0.08230267465114594,
                    0.9958289265632629
                ]
            ]
        ],
        [
            0.052015682220458985,
            0.03277297210693359,
            0.4078695373535156,
            null,
            null,
            null,
            [
                [
                    0.9957090020179749,
                    0.07767714560031891,
                    -0.05029774829745293
                ],
                [
                    -0.08184090256690979,
                    0.992855429649353,
                    -0.08683381974697113
                ],
                [
                    0.04319338873028755,
                    0.0905776247382164,
                    0.9949522614479065
                ]
            ]
        ],
        [
            0.051498279571533204,
            0.03283111190795898,
            0.4177297668457031,
            null,
            null,
            null,
            [
                [
                    0.9949542880058289,
                    0.08971595764160156,
                    -0.04491165280342102
                ],
                [
                    -0.09303366392850876,
                    0.9925847053527832,
                    -0.07823261618614197
                ],
                [
                    0.037559907883405685,
                    0.08201617002487183,
                    0.9959229826927185
                ]
            ]
        ],
        [
            0.05058317947387695,
            0.03153112983703613,
            0.42946395874023435,
            null,
            null,
            null,
            [
                [
                    0.9955374002456665,
                    0.08543567359447479,
                    -0.040075913071632385
                ],
                [
                    -0.08860546350479126,
                    0.9923956990242004,
                    -0.08543924987316132
                ],
                [
                    0.03247160464525223,
                    0.08860891312360764,
                    0.9955370426177979
                ]
            ]
        ],
        [
            0.04987628936767578,
            0.029613388061523437,
            0.43987164306640625,
            null,
            null,
            null,
            [
                [
                    0.9955033659934998,
                    0.08681833744049072,
                    -0.03788955509662628
                ],
                [
                    -0.0900515764951706,
                    0.9914737939834595,
                    -0.09418274462223053
                ],
                [
                    0.02938971109688282,
                    0.09717125445604324,
                    0.9948336482048035
                ]
            ]
        ],
        [
            0.04965463256835938,
            0.032169532775878903,
            0.45149295043945314,
            null,
            null,
            null,
            [
                [
                    0.9967426061630249,
                    0.07424135506153107,
                    -0.03150320425629616
                ],
                [
                    -0.07653936743736267,
                    0.9938994646072388,
                    -0.07940790802240372
                ],
                [
                    0.02541566826403141,
                    0.08156047761440277,
                    0.996344268321991
                ]
            ]
        ],
        [
            0.04920165252685547,
            0.031008373260498046,
            0.4601287841796875,
            null,
            null,
            null,
            [
                [
                    0.9889330267906189,
                    0.062020234763622284,
                    0.13477754592895508
                ],
                [
                    -0.046451449394226074,
                    0.9921931624412537,
                    -0.11573650687932968
                ],
                [
                    -0.14090336859226227,
                    0.10819503664970398,
                    0.9840935468673706
                ]
            ]
        ],
        [
            0.048143638610839846,
            0.02766177749633789,
            0.4704938049316406,
            null,
            null,
            null,
            [
                [
                    0.9983484148979187,
                    0.04440925270318985,
                    -0.03644482046365738
                ],
                [
                    -0.052464645355939865,
                    0.9632498025894165,
                    -0.26343366503715515
                ],
                [
                    0.02340657450258732,
                    0.26491063833236694,
                    0.9639888405799866
                ]
            ]
        ],
        [
            0.0472978630065918,
            0.026222349166870117,
            0.48062905883789064,
            null,
            null,
            null,
            [
                [
                    0.9843088388442993,
                    0.031038958579301834,
                    -0.17370304465293884
                ],
                [
                    -0.05032433941960335,
                    0.9929038286209106,
                    -0.10774704813957214
                ],
                [
                    0.16912606358528137,
                    0.11479786038398743,
                    0.9788860082626343
                ]
            ]
        ],
        [
            0.046435909271240236,
            0.025161272048950196,
            0.4915454406738281,
            null,
            null,
            null,
            [
                [
                    0.9993547797203064,
                    0.03589479625225067,
                    0.0012769324239343405
                ],
                [
                    -0.03591694310307503,
                    0.998509407043457,
                    0.041096676141023636
                ],
                [
                    0.0002001277607632801,
                    -0.04111602157354355,
                    0.9991543292999268
                ]
            ]
        ],
        [
            0.04442108154296875,
            0.02067928123474121,
            0.5053494262695313,
            null,
            null,
            null,
            [
                [
                    0.9995309710502625,
                    0.02941211126744747,
                    -0.008532712236046791
                ],
                [
                    -0.030272817239165306,
                    0.9910393357276917,
                    -0.13009437918663025
                ],
                [
                    0.004629903472959995,
                    0.1302916705608368,
                    0.9914649128913879
                ]
            ]
        ],
        [
            0.04330713653564453,
            0.023187929153442383,
            0.516897216796875,
            null,
            null,
            null,
            [
                [
                    0.9991122484207153,
                    0.041450385004282,
                    -0.007524722255766392
                ],
                [
                    -0.042046528309583664,
                    0.9922406673431396,
                    -0.11700662970542908
                ],
                [
                    0.002616365673020482,
                    0.11721914261579514,
                    0.9931026101112366
                ]
            ]
        ],
        [
            0.04195155334472656,
            0.022890649795532226,
            0.5285913696289063,
            null,
            null,
            null,
            [
                [
                    0.9996991753578186,
                    0.024481069296598434,
                    -0.0014988459879532456
                ],
                [
                    -0.024474728852510452,
                    0.9917237162590027,
                    -0.12603579461574554
                ],
                [
                    -0.0015990500105544925,
                    0.12603455781936646,
                    0.9920245409011841
                ]
            ]
        ],
        [
            0.039893230438232424,
            0.017703378677368164,
            0.5383912963867188,
            null,
            null,
            null,
            [
                [
                    0.9996321201324463,
                    0.025206707417964935,
                    -0.010011624544858932
                ],
                [
                    -0.026506604626774788,
                    0.9861466884613037,
                    -0.16374386847019196
                ],
                [
                    0.005745487287640572,
                    0.16394901275634766,
                    0.9864521026611328
                ]
            ]
        ],
        [
            0.03754113388061524,
            0.015585126876831055,
            0.5499470825195313,
            null,
            null,
            null,
            [
                [
                    0.9985309839248657,
                    0.05156157910823822,
                    -0.016653109341859818
                ],
                [
                    -0.053518202155828476,
                    0.9865604639053345,
                    -0.1543835997581482
                ],
                [
                    0.008469036780297756,
                    0.15504804253578186,
                    0.9878706336021423
                ]
            ]
        ],
        [
            0.035689342498779295,
            0.014535921096801758,
            0.560496337890625,
            null,
            null,
            null,
            [
                [
                    0.9979904890060425,
                    0.06184691935777664,
                    -0.01378384418785572
                ],
                [
                    -0.06316646933555603,
                    0.9882267117500305,
                    -0.1393483281135559
                ],
                [
                    0.005003298632800579,
                    0.13993898034095764,
                    0.9901474714279175
                ]
            ]
        ],
        [
            0.03315279769897461,
            0.011425336837768555,
            0.5799678344726562,
            null,
            null,
            null,
            [
                [
                    0.9829602837562561,
                    0.09301719814538956,
                    0.1585461050271988
                ],
                [
                    -0.06957633793354034,
                    0.9866157174110413,
                    -0.14747412502765656
                ],
                [
                    -0.17014169692993164,
                    0.13393014669418335,
                    0.9762758612632751
                ]
            ]
        ],
        [
            0.031852300643920896,
            0.011471000671386719,
            0.5912803344726563,
            null,
            null,
            null,
            [
                [
                    0.9979014992713928,
                    0.05874355509877205,
                    -0.027236904948949814
                ],
                [
                    -0.06401965767145157,
                    0.9581318497657776,
                    -0.27907848358154297
                ],
                [
                    0.00970248319208622,
                    0.28023654222488403,
