{
    "radius": 0.8,
    "angular_speed": 15,
    "save_freq": 0.1,
    "pid_gains": {
        "pid_rate": {
            "roll_kp": "50.0",
            "roll_ki": "0.0",
            "roll_kd": "0.0",
            "pitch_kp": "50.0",
            "pitch_ki": "0.0",
            "pitch_kd": "0.0",
            "yaw_kp": "80.0",
            "yaw_ki": "0.0",
            "yaw_kd": "0.0"
        },
        "pid_attitude": {
            "roll_kp": "10.0",
            "roll_ki": "0.5",
            "roll_kd": "0.5",
            "pitch_kp": "13.0",
            "pitch_ki": "0.5",
            "pitch_kd": "1.5",
            "yaw_kp": "8.0",
            "yaw_ki": "0.5",
            "yaw_kd": "0.5"
        },
        "velCtlPid": {
            "vxKp": "15.0",
            "vxKi": "1.0",
            "vxKd": "0.0",
            "vyKp": "10.0",
            "vyKi": "1.0",
            "vyKd": "0.0",
            "vzKp": "12.5",
            "vzKi": "0.5",
            "vzKd": "0.0"
        },
        "posCtlPid": {
            "xKp": "1.5",
            "xKi": "0.20000000298023224",
            "xKd": "0.20000000298023224",
            "yKp": "1.5",
            "yKi": "0.20000000298023224",
            "yKd": "0.20000000298023224",
            "zKp": "5.0",
            "zKi": "0.5",
            "zKd": "0.0"
        }
    },
    "pose": [
        [
            0.26834722900390623,
            -0.13076072692871094,
            0.26096066284179686,
            null,
            null,
            null,
            [
                [
                    0.9960774779319763,
                    -0.08545629680156708,
                    0.02295263297855854
                ],
                [
                    0.0848621353507042,
                    0.9960606098175049,
                    0.025722036138176918
                ],
                [
                    -0.025060323998332024,
                    -0.02367333136498928,
                    0.9994056224822998
                ]
            ]
        ],
        [
            0.2690075378417969,
            -0.13079090881347658,
            0.2608414306640625,
            null,
            null,
            null,
            [
                [
                    0.9956849217414856,
                    -0.08909405022859573,
                    0.025957196950912476
                ],
                [
                    0.08840865641832352,
                    0.9957329034805298,
                    0.026455586776137352
                ],
                [
                    -0.02820347063243389,
                    -0.024046586826443672,
                    0.9993129372596741
                ]
            ]
        ],
        [
            0.26842578125,
            -0.15163717651367187,
            0.28451531982421874,
            null,
            null,
            null,
            [
                [
                    0.9948552846908569,
                    -0.09708418697118759,
                    0.02894102968275547
                ],
                [
                    0.10022536665201187,
                    0.9848413467407227,
                    -0.14157117903232574
                ],
                [
                    -0.014758000150322914,
                    0.14374345541000366,
                    0.9895049333572388
                ]
            ]
        ],
        [
            0.25699514770507814,
            -0.1610823211669922,
            0.3690005187988281,
            null,
            null,
            null,
            [
                [
                    0.9893161654472351,
                    -0.11253965646028519,
                    -0.09267359226942062
                ],
                [
                    0.09931187331676483,
                    0.9856189489364624,
                    -0.1367204636335373
                ],
                [
                    0.10672732442617416,
                    0.12605617940425873,
                    0.986265242099762
                ]
            ]
        ],
        [
            0.23071237182617188,
            -0.17329217529296875,
            0.4799159851074219,
            null,
            null,
            null,
            [
                [
                    0.9907256364822388,
                    -0.08639969676733017,
                    -0.10487022250890732
                ],
                [
                    0.08237957209348679,
                    0.9957119822502136,
                    -0.04208683595061302
                ],
                [
                    0.10805682092905045,
                    0.03305734694004059,
                    0.9935949444770813
                ]
            ]
        ],
        [
            0.19808979797363283,
            -0.19209446716308592,
            0.59621923828125,
            null,
            null,
            null,
            [
                [
                    0.9945184588432312,
                    -0.024311477318406105,
                    -0.10169569402933121
                ],
                [
                    0.0426814891397953,
                    0.9822648167610168,
                    0.1825762540102005
                ],
                [
                    0.0954534113407135,
                    -0.1859159767627716,
                    0.9779181480407715
                ]
            ]
        ],
        [
            0.15520938110351562,
            -0.20602088928222656,
            0.7343718872070313,
            null,
            null,
            null,
            [
                [
                    0.9976742267608643,
                    -0.023038985207676888,
                    -0.06415095925331116
                ],
                [
                    0.026530303061008453,
                    0.9981822371482849,
                    0.0541144423186779
                ],
                [
                    0.06278760731220245,
                    -0.05569052696228027,
                    0.9964719414710999
                ]
            ]
        ],
        [
            0.12439910888671875,
            -0.209932373046875,
            0.854513427734375,
            null,
            null,
            null,
            [
                [
                    0.9976891279220581,
                    -0.06743300706148148,
                    -0.00831963773816824
                ],
                [
                    0.06741888076066971,
                    0.9673259854316711,
                    0.24440781772136688
                ],
                [
                    -0.008433354087173939,
                    -0.2444039285182953,
                    0.969636857509613
                ]
            ]
        ],
        [
            0.10204537963867187,
            -0.20724630737304686,
            0.9782045288085938,
            null,
            null,
            null,
            [
                [
                    0.9956706166267395,
                    -0.0849200189113617,
                    0.037796784192323685
                ],
                [
                    0.0738673135638237,
                    0.9697085618972778,
                    0.2328280806541443
                ],
                [
                    -0.05642363056540489,
                    -0.2290281355381012,
                    0.9717831611633301
                ]
            ]
        ],
        [
            0.0801697998046875,
            -0.19667585754394531,
            1.084429931640625,
            null,
            null,
            null,
            [
                [
                    0.9907798767089844,
                    -0.10986635088920593,
                    -0.07927583158016205
                ],
                [
                    0.11635722219944,
                    0.9897737503051758,
                    0.08251644670963287
                ],
                [
                    0.06939935684204102,
                    -0.09097994863986969,
                    0.9934316277503967
                ]
            ]
        ],
        [
            0.0653094253540039,
            -0.1797880401611328,
            1.1516610107421874,
            null,
            null,
            null,
            [
                [
                    0.990543782711029,
                    -0.13715918362140656,
                    -0.0032156328670680523
                ],
                [
                    0.136844664812088,
                    0.9860512018203735,
                    0.09474483877420425
                ],
                [
                    -0.009824344888329506,
                    -0.09428895264863968,
                    0.995496392250061
                ]
            ]
        ],
        [
            0.054030487060546875,
            -0.15997662353515624,
            1.17734326171875,
            null,
            null,
            null,
            [
                [
                    0.9873011112213135,
                    -0.14331260323524475,
                    0.06854241341352463
                ],
                [
                    0.1370917707681656,
                    0.986624538898468,
                    0.0881919264793396
                ],
                [
                    -0.08026464283466339,
                    -0.07767537981271744,
                    0.9937424659729004
                ]
            ]
        ],
        [
            0.04545447540283203,
            -0.13932449340820313,
            1.1711827392578125,
            null,
            null,
            null,
            [
                [
                    0.9874158501625061,
                    -0.14630430936813354,
                    0.06004166603088379
                ],
                [
                    0.13938404619693756,
                    0.9844784736633301,
                    0.10664989054203033
                ],
                [
                    -0.07471306622028351,
                    -0.09693894535303116,
                    0.9924821257591248
                ]
            ]
        ],
        [
            0.03766650772094727,
            -0.11928237915039062,
            1.1471474609375,
            null,
            null,
            null,
            [
                [
                    0.9876833558082581,
                    -0.14484739303588867,
                    0.05916731432080269
                ],
                [
                    0.14424823224544525,
                    0.9894382357597351,
                    0.01429769303649664
                ],
                [
                    -0.06061338633298874,
                    -0.005586812738329172,
                    0.9981456995010376
                ]
            ]
        ],
        [
            0.03141271781921387,
            -0.10486168670654297,
            1.121218017578125,
            null,
            null,
            null,
            [
                [
                    0.9910783171653748,
                    -0.1291375756263733,
                    0.03297387436032295
                ],
                [
                    0.13003896176815033,
                    0.9911458492279053,
                    -0.026827920228242874
                ],
                [
                    -0.029217427596449852,
                    0.030876457691192627,
                    0.9990960955619812
                ]
            ]
        ],
        [
            0.030591571807861328,
            -0.10290693664550782,
            1.1183843994140625,
            null,
            null,
            null,
            [
                [
                    0.9928098320960999,
                    -0.11798413097858429,
                    0.020207198336720467
                ],
                [
                    0.11838370561599731,
                    0.9927691221237183,
                    -0.019869711250066757
                ],
                [
                    -0.017716770991683006,
                    0.02211904712021351,
                    0.9995983242988586
                ]
            ]
        ],
        [
            0.030591571807861328,
            -0.10290693664550782,
            1.1183843994140625,
            null,
            null,
            null,
            [
                [
                    0.9928098320960999,
                    -0.11798413097858429,
                    0.020207198336720467
                ],
                [
                    0.11838370561599731,
                    0.9927691221237183,
                    -0.019869711250066757
                ],
                [
                    -0.017716770991683006,
                    0.02211904712021351,
                    0.9995983242988586
                ]
            ]
        ],
        [
            -0.016583311080932618,
            -0.07801522064208985,
            1.0738450927734375,
            null,
            null,
            null,
            [
                [
                    0.9887340068817139,
                    -0.11478053033351898,
                    -0.09607567638158798
                ],
                [
                    0.10916221886873245,
                    0.9920985698699951,
                    -0.061838775873184204
                ],
                [
                    0.10241442918777466,
                    0.05065426602959633,
                    0.9934512972831726
                ]
            ]
        ],
        [
            -0.0426741943359375,
            -0.07570581817626953,
            1.0725517578125,
            null,
            null,
            null,
            [
                [
                    0.9883500337600708,
                    -0.13165657222270966,
                    -0.07635907083749771
                ],
                [
                    0.1290268898010254,
                    0.9908962845802307,
                    -0.03842726722359657
                ],
                [
                    0.0807231217622757,
                    0.028127219527959824,
                    0.9963396191596985
                ]
            ]
        ],
        [
            -0.07299505615234375,
            -0.07123577880859375,
            1.0795938720703124,
            null,
            null,
            null,
            [
                [
                    0.9899740219116211,
                    -0.1406664401292801,
                    -0.012819327414035797
                ],
                [
                    0.14085645973682404,
                    0.9899107217788696,
                    0.015368925407528877
                ],
                [
                    0.010528097860515118,
                    -0.01702052168548107,
                    0.9997997283935547
                ]
            ]
        ],
        [
            -0.09665772247314453,
            -0.06380550003051758,
            1.0875216064453126,
            null,
            null,
            null,
            [
                [
                    0.985567569732666,
                    -0.14604412019252777,
                    0.08560215681791306
                ],
                [
                    0.1412365883588791,
                    0.9881687760353088,
                    0.059788621962070465
                ],
                [
                    -0.09332115203142166,
                    -0.04683556780219078,
                    0.9945338368415833
                ]
            ]
        ],
        [
            -0.10673776245117188,
            -0.048509796142578124,
            1.09509423828125,
            null,
            null,
            null,
            [
                [
                    0.9729902148246765,
                    -0.1710568070411682,
                    0.1550149768590927
                ],
                [
                    0.1575256884098053,
                    0.9828553795814514,
                    0.09581758081912994
                ],
                [
                    -0.16874755918979645,
                    -0.06881072372198105,
                    0.9832544922828674
                ]
            ]
        ],
        [
            -0.1052846908569336,
            -0.02530533027648926,
            1.098626953125,
            null,
            null,
            null,
            [
                [
                    0.9625645279884338,
                    -0.19529789686203003,
                    0.18795818090438843
                ],
                [
                    0.18484976887702942,
                    0.9801425933837891,
                    0.07177099585533142
                ],
                [
                    -0.19824254512786865,
                    -0.03434018790721893,
                    0.9795512557029724
                ]
            ]
        ],
        [
            -0.09559159851074218,
            -0.006202104568481445,
            1.0944349365234376,
            null,
            null,
            null,
            [
                [
                    0.9685451984405518,
                    -0.19776292145252228,
                    0.15102973580360413
                ],
                [
                    0.19625383615493774,
                    0.9802348017692566,
                    0.024984391406178474
                ],
                [
                    -0.1529855877161026,
                    0.005441651679575443,
                    0.9882134199142456
                ]
            ]
        ],
        [
            -0.07985379028320312,
            0.008897786140441894,
            1.09097412109375,
            null,
            null,
            null,
            [
                [
                    0.9795423746109009,
                    -0.1769271194934845,
                    0.095882847905159
                ],
                [
                    0.180858314037323,
                    0.9829239845275879,
                    -0.03392130136489868
                ],
                [
                    -0.08824395388364792,
                    0.050568562000989914,
                    0.9948144555091858
                ]
            ]
        ],
        [
            -0.06321807479858399,
            0.020508302688598632,
            1.0867493896484375,
            null,
            null,
            null,
            [
                [
                    0.980596125125885,
                    -0.1883855015039444,
                    0.05424196273088455
                ],
                [
                    0.1928553283214569,
                    0.9766725301742554,
                    -0.09443315118551254
                ],
                [
                    -0.03518679738044739,
                    0.10306163132190704,
                    0.9940524101257324
                ]
            ]
        ],
        [
            -0.04902611541748047,
            0.023632774353027342,
            1.0825634765625,
            null,
            null,
            null,
            [
                [
                    0.9857006072998047,
                    -0.16814200580120087,
                    0.011069619096815586
                ],
                [
                    0.16839510202407837,
                    0.9805413484573364,
                    -0.10090457648038864
                ],
                [
                    0.006112078204751015,
                    0.10132577270269394,
                    0.9948345422744751
                ]
            ]
        ],
        [
            -0.03844121170043945,
            0.032030628204345706,
            1.08070068359375,
            null,
            null,
            null,
            [
                [
                    0.9910736680030823,
                    -0.13272620737552643,
                    -0.012517387047410011
                ],
                [
                    0.13247279822826385,
                    0.9909992218017578,
                    -0.019273702055215836
                ],
                [
                    0.014962846413254738,
                    0.017443446442484856,
                    0.9997358918190002
                ]
            ]
        ],
        [
            -0.03109349250793457,
            0.04069321823120117,
            1.0773385009765626,
            null,
            null,
            null,
            [
                [
                    0.9930711984634399,
                    -0.11668454855680466,
                    -0.013937450014054775
                ],
                [
                    0.11668244749307632,
                    0.993168830871582,
                    -0.000967087980825454
                ],
                [
                    0.01395508460700512,
                    -0.0006658684578724205,
                    0.9999024271965027
                ]
            ]
        ],
        [
            -0.02456524467468262,
            0.04928002548217773,
            1.073260498046875,
            null,
            null,
            null,
            [
                [
                    0.9917646050453186,
                    -0.12807001173496246,
                    0.0009963902411982417
                ],
                [
                    0.1279904693365097,
                    0.9913694262504578,
                    0.028374867513775826
                ],
                [
                    -0.004621760454028845,
                    -0.02801366150379181,
                    0.9995968341827393
                ]
            ]
        ],
        [
            -0.0199737548828125,
            0.06642740631103515,
            1.07025927734375,
            null,
            null,
            null,
            [
                [
                    0.9877404570579529,
                    -0.15525618195533752,
                    0.016256704926490784
                ],
                [
                    0.15487129986286163,
                    0.9876729249954224,
                    0.022740112617611885
                ],
                [
                    -0.019586849957704544,
                    -0.019943632185459137,
                    0.9996092319488525
                ]
            ]
        ],
        [
            -0.014852118492126466,
            0.08338102722167968,
            1.0690787353515625,
            null,
            null,
            null,
            [
                [
                    0.9804278612136841,
                    -0.19169819355010986,
                    0.04486691579222679
                ],
                [
                    0.19267581403255463,
                    0.9810872077941895,
                    -0.01854596845805645
                ],
                [
                    -0.040463127195835114,
                    0.026827754452824593,
                    0.9988207817077637
                ]
            ]
        ],
        [
            -0.011769333839416503,
            0.10168956756591797,
            1.066326904296875,
            null,
            null,
            null,
            [
                [
                    0.9725546836853027,
                    -0.22817307710647583,
                    0.04554656520485878
                ],
                [
                    0.2294715791940689,
                    0.9729785323143005,
                    -0.025603532791137695
                ],
                [
                    -0.03847379609942436,
                    0.03535247594118118,
                    0.9986340403556824
                ]
            ]
        ],
        [
            -0.008554884910583496,
            0.11924488067626954,
            1.0615543212890626,
            null,
            null,
            null,
            [
                [
                    0.9776177406311035,
                    -0.20043674111366272,
                    0.06394238024950027
                ],
                [
                    0.20452004671096802,
                    0.9766764640808105,
                    -0.06538058072328568
                ],
                [
                    -0.04934634640812874,
                    0.07699470967054367,
                    0.9958096146583557
                ]
            ]
        ],
        [
            -0.0038370676040649413,
            0.1303217315673828,
            1.05524658203125,
            null,
            null,
            null,
            [
                [
                    0.9795464277267456,
                    -0.1905485987663269,
                    0.06465316563844681
                ],
                [
                    0.1951311081647873,
                    0.9779775142669678,
                    -0.07405253499746323
                ],
                [
                    -0.04911873862147331,
                    0.0851537361741066,
                    0.9951563477516174
                ]
            ]
        ],
        [
            -0.00037953642010688784,
            0.14347935485839844,
            1.049141845703125,
            null,
            null,
            null,
            [
                [
                    0.980421245098114,
                    -0.1894059032201767,
                    0.05384743586182594
                ],
                [
                    0.19115212559700012,
                    0.9811221361160278,
                    -0.029328864067792892
                ],
                [
                    -0.0472758524119854,
                    0.03904769569635391,
                    0.9981183409690857
                ]
            ]
        ],
        [
            0.001501460313796997,
            0.15028575134277344,
            1.0459786376953124,
            null,
            null,
            null,
            [
                [
                    0.9908309578895569,
                    -0.13270123302936554,
                    0.02538587711751461
                ],
                [
                    0.1340523213148117,
                    0.9890204071998596,
                    -0.062198102474212646
                ],
                [
                    -0.016853386536240578,
                    0.06503083556890488,
                    0.9977409243583679
                ]
            ]
        ],
        [
            0.0034585893154144287,
            0.15637350463867186,
            1.0467388916015625,
            null,
            null,
            null,
            [
                [
                    0.9930620193481445,
                    -0.11395559459924698,
                    0.02901548519730568
                ],
                [
                    0.11536047607660294,
                    0.9919348359107971,
                    -0.05250939726829529
                ],
                [
                    -0.022797729820013046,
                    0.055492330342531204,
                    0.9981988072395325
                ]
            ]
        ],
        [
            0.0051067409515380855,
            0.16244586181640625,
            1.0513544921875,
            null,
            null,
            null,
            [
                [
                    0.9899713397026062,
                    -0.1343250274658203,
                    0.04374433681368828
                ],
                [
                    0.13719554245471954,
                    0.9879936575889587,
                    -0.071034736931324
                ],
                [
                    -0.03367738425731659,
                    0.07632387429475784,
                    0.9965142011642456
                ]
            ]
        ],
        [
            0.0064901838302612305,
            0.1638087158203125,
            1.0570986328125,
            null,
            null,
            null,
            [
                [
                    0.9895832538604736,
                    -0.13619720935821533,
                    0.04664069414138794
                ],
                [
                    0.13969793915748596,
                    0.9867463707923889,
                    -0.08255962282419205
                ],
                [
                    -0.03477814421057701,
                    0.08821523189544678,
                    0.9954941272735596
                ]
            ]
        ],
        [
            0.0071074309349060056,
            0.17174661254882811,
            1.0619573974609375,
            null,
            null,
            null,
            [
                [
                    0.992256760597229,
                    -0.11403838545084,
                    0.04921116679906845
                ],
                [
                    0.11577408015727997,
                    0.9926940202713013,
                    -0.033983878791332245
                ],
                [
                    -0.044976163655519485,
                    0.039418112486600876,
                    0.998210072517395
                ]
            ]
        ],
        [
            0.012526179313659668,
            0.17817079162597657,
            1.06386083984375,
            null,
            null,
            null,
            [
                [
                    0.9913020730018616,
                    -0.11894302815198898,
                    0.05632709339261055
                ],
                [
                    0.12268845736980438,
                    0.9900784492492676,
                    -0.06849983334541321
                ],
                [
                    -0.04762066528201103,
                    0.07481471449136734,
                    0.996059775352478
                ]
            ]
        ],
        [
            0.01941259002685547,
            0.18090206909179687,
            1.064361328125,
            null,
            null,
            null,
            [
                [
                    0.9885956048965454,
                    -0.13414251804351807,
                    0.06844370812177658
                ],
                [
                    0.13954931497573853,
                    0.9868549108505249,
                    -0.08150698989629745
                ],
                [
                    -0.05661045387387276,
                    0.09012871980667114,
                    0.9943199157714844
                ]
            ]
        ],
        [
            0.0265910587310791,
            0.1879798583984375,
            1.0642950439453125,
            null,
            null,
            null,
            [
                [
                    0.9910649657249451,
                    -0.11618095636367798,
                    0.0655149444937706
                ],
                [
                    0.11978225409984589,
                    0.991330087184906,
                    -0.05400781333446503
                ],
                [
                    -0.058672256767749786,
                    0.0613727793097496,
                    0.9963889718055725
                ]
            ]
        ],
        [
            0.03852179718017578,
            0.1921788330078125,
            1.0628209228515626,
            null,
            null,
            null,
            [
                [
                    0.9886952638626099,
                    -0.13607321679592133,
                    0.06297460943460464
                ],
                [
                    0.14179453253746033,
                    0.9850664138793945,
                    -0.09766525030136108
                ],
                [
                    -0.04874454438686371,
                    0.10549062490463257,
                    0.9932249188423157
                ]
            ]
        ],
        [
            0.05211909866333008,
            0.19073129272460937,
            1.06130126953125,
            null,
            null,
            null,
            [
                [
                    0.9893911480903625,
                    -0.13858777284622192,
                    0.043572213500738144
                ],
                [
                    0.14271947741508484,
                    0.983251690864563,
                    -0.11334582418203354
                ],
                [
                    -0.027134105563163757,
                    0.11836196482181549,
                    0.9925997257232666
                ]
            ]
        ],
        [
            0.0642641372680664,
            0.19207859802246094,
            1.0588477783203125,
            null,
            null,
            null,
            [
                [
                    0.994708240032196,
                    -0.0982341319322586,
                    0.03009348176419735
                ],
                [
                    0.10064446181058884,
                    0.9905404448509216,
                    -0.09327570348978043
                ],
                [
                    -0.020645953714847565,
                    0.09581085294485092,
                    0.9951854348182678
                ]
            ]
        ],
        [
            0.08253582763671875,
            0.18538870239257813,
            1.0546749267578126,
            null,
            null,
            null,
            [
                [
                    0.9933434128761292,
                    -0.11228905618190765,
                    0.02569020353257656
                ],
                [
                    0.1147676557302475,
                    0.9838594794273376,
                    -0.13729122281074524
                ],
                [
                    -0.00985924992710352,
                    0.13932573795318604,
                    0.9901975393295288
                ]
            ]
        ],
        [
            0.0950634536743164,
            0.1784122314453125,
            1.051513671875,
            null,
            null,
            null,
            [
                [
                    0.9897915124893188,
                    -0.14252246916294098,
                    -0.0003087246441282332
                ],
                [
                    0.1419278383255005,
                    0.985854983329773,
                    -0.08914276957511902
                ],
                [
                    0.013009205460548401,
                    0.08818893879652023,
                    0.9960188269615173
                ]
            ]
        ],
        [
            0.10241520690917968,
            0.1679713134765625,
            1.0497105712890624,
            null,
            null,
            null,
            [
                [
                    0.9934088587760925,
                    -0.11431602388620377,
                    -0.008406596258282661
                ],
                [
                    0.11285669356584549,
                    0.9882836937904358,
                    -0.10275540500879288
                ],
                [
                    0.020054690539836884,
                    0.10112939029932022,
                    0.994671106338501
                ]
            ]
        ],
        [
            0.11561479187011718,
            0.16102413940429688,
            1.05131982421875,
            null,
            null,
            null,
            [
                [
                    0.9450588822364807,
                    -0.32580918073654175,
                    0.02668486163020134
                ],
                [
                    0.32608097791671753,
                    0.9453198909759521,
                    -0.006439825985580683
                ],
                [
                    -0.02312757633626461,
                    0.014787441119551659,
                    0.99962317943573
                ]
            ]
        ],
        [
            0.12373441314697266,
            0.1764354248046875,
            1.0466370849609374,
            null,
            null,
            null,
            [
                [
                    0.7495548725128174,
                    -0.6619086861610413,
                    0.006660341285169125
                ],
                [
                    0.6465058326721191,
                    0.7341986298561096,
                    0.20732243359088898
                ],
                [
                    -0.14211854338645935,
                    -0.15109358727931976,
                    0.9782499670982361
                ]
            ]
        ],
        [
            0.1349968719482422,
            0.203172607421875,
            1.0415899658203125,
            null,
            null,
            null,
            [
                [
                    0.45712968707084656,
                    -0.8892853856086731,
                    0.014282847754657269
                ],
                [
                    0.8577433228492737,
                    0.44504842162132263,
                    0.2573096454143524
                ],
                [
                    -0.23517824709415436,
                    -0.105372853577137,
                    0.9662234783172607
                ]
            ]
        ],
        [
            0.14995829772949218,
            0.2545938415527344,
            1.038306396484375,
            null,
            null,
            null,
            [
                [
                    0.07004091143608093,
                    -0.9974488019943237,
                    -0.01379085611552
                ],
                [
                    0.9681552052497864,
                    0.06463990360498428,
                    0.24186187982559204
                ],
                [
                    -0.24035340547561646,
                    -0.03029191680252552,
                    0.9702126979827881
                ]
            ]
        ],
        [
            0.15933706665039063,
            0.31094204711914064,
            1.0389505615234376,
            null,
            null,
            null,
            [
                [
                    -0.2335856556892395,
                    -0.9703266620635986,
                    -0.0624813437461853
                ],
                [
                    0.9428628087043762,
                    -0.24173852801322937,
                    0.2292862832546234
                ],
                [
                    -0.23758675158023834,
                    -0.0053533464670181274,
                    0.9713515639305115
                ]
            ]
        ],
        [
            0.1627738494873047,
            0.3834608764648437,
            1.047095458984375,
            null,
            null,
            null,
            [
                [
                    -0.4761978089809418,
                    -0.8683320879936218,
                    -0.1386905312538147
                ],
                [
                    0.8493759632110596,
                    -0.495035856962204,
                    0.18302994966506958
                ],
                [
                    -0.22758755087852478,
                    -0.0306419488042593,
                    0.973275363445282
                ]
            ]
        ],
        [
            0.15465907287597655,
            0.44588107299804686,
            1.05933154296875,
            null,
            null,
            null,
            [
                [
                    -0.7231646180152893,
                    -0.6625943183898926,
                    -0.1949402391910553
                ],
                [
                    0.662183403968811,
                    -0.7453738451004028,
                    0.07701260596513748
                ],
                [
                    -0.1963314712047577,
                    -0.07339340448379517,
                    0.9777869582176208
                ]
            ]
        ],
        [
            0.13088111877441405,
            0.49607745361328126,
