{
    "radius": 0.7,
    "angular_speed": 10,
    "save_freq": 0.1,
    "pid_gains": {
        "pid_rate": {
            "roll_kp": "50.0",
            "roll_ki": "0.0",
            "roll_kd": "0.0",
            "pitch_kp": "50.0",
            "pitch_ki": "0.0",
            "pitch_kd": "0.0",
            "yaw_kp": "80.0",
            "yaw_ki": "0.0",
            "yaw_kd": "0.0"
        },
        "pid_attitude": {
            "roll_kp": "10.0",
            "roll_ki": "0.5",
            "roll_kd": "0.5",
            "pitch_kp": "13.0",
            "pitch_ki": "0.5",
            "pitch_kd": "1.5",
            "yaw_kp": "8.0",
            "yaw_ki": "0.5",
            "yaw_kd": "0.5"
        },
        "velCtlPid": {
            "vxKp": "15.0",
            "vxKi": "1.0",
            "vxKd": "0.0",
            "vyKp": "10.0",
            "vyKi": "1.0",
            "vyKd": "0.0",
            "vzKp": "12.5",
            "vzKi": "0.5",
            "vzKd": "0.0"
        },
        "posCtlPid": {
            "xKp": "1.5",
            "xKi": "0.20000000298023224",
            "xKd": "0.20000000298023224",
            "yKp": "1.5",
            "yKi": "0.20000000298023224",
            "yKd": "0.20000000298023224",
            "zKp": "5.0",
            "zKi": "0.5",
            "zKd": "0.0"
        }
    },
    "pose": [
        [
            0.11324011993408203,
            0.12158905792236328,
            0.2596934814453125,
            null,
            null,
            null,
            [
                [
                    0.994311511516571,
                    -0.08124439418315887,
                    0.06887655705213547
                ],
                [
                    0.07939991354942322,
                    0.9964176416397095,
                    0.02911149337887764
                ],
                [
                    -0.07099495828151703,
                    -0.0234771016985178,
                    0.9972003698348999
                ]
            ]
        ],
        [
            0.11344407653808594,
            0.12149390411376954,
            0.2596384887695313,
            null,
            null,
            null,
            [
                [
                    0.9938541054725647,
                    -0.08428720384836197,
                    0.07176123559474945
                ],
                [
                    0.08250051736831665,
                    0.9962111711502075,
                    0.02751319110393524
                ],
                [
                    -0.07380834966897964,
                    -0.021423758938908577,
                    0.9970422983169556
                ]
            ]
        ],
        [
            0.11214488220214844,
            0.12159304046630859,
            0.27151266479492187,
            null,
            null,
            null,
            [
                [
                    0.9872571229934692,
                    -0.09860137850046158,
                    0.12490438669919968
                ],
                [
                    0.09584590792655945,
                    0.995005190372467,
                    0.027895964682102203
                ],
                [
                    -0.1270310878753662,
                    -0.01556891668587923,
                    0.9917765259742737
                ]
            ]
        ],
        [
            0.10609059906005859,
            0.11672644805908203,
            0.34754544067382814,
            null,
            null,
            null,
            [
                [
                    0.9962795972824097,
                    -0.08228424936532974,
                    0.025618042796850204
                ],
                [
                    0.0837559700012207,
                    0.9944949150085449,
                    -0.0629669651389122
                ],
                [
                    -0.020295822992920876,
                    0.06487836688756943,
                    0.9976867437362671
                ]
            ]
        ],
        [
            0.08967047882080079,
            0.10781160736083985,
            0.4565032653808594,
            null,
            null,
            null,
            [
                [
                    0.9934653639793396,
                    -0.11205222457647324,
                    0.021700667217373848
                ],
                [
                    0.11379466950893402,
                    0.9870965480804443,
                    -0.1126551404595375
                ],
                [
                    -0.008797395043075085,
                    0.11438839882612228,
                    0.9933971762657166
                ]
            ]
        ],
        [
            0.07097003936767578,
            0.08152429962158203,
            0.5693533325195312,
            null,
            null,
            null,
            [
                [
                    0.9974811673164368,
                    -0.06039087101817131,
                    0.03720599412918091
                ],
                [
                    0.06217560917139053,
                    0.9968694448471069,
                    -0.04884110018610954
                ],
                [
                    -0.0341399647295475,
                    0.05103138089179993,
                    0.9981133341789246
                ]
            ]
        ],
        [
            0.0544639892578125,
            0.05399399185180664,
            0.6920536499023437,
            null,
            null,
            null,
            [
                [
                    0.9944931864738464,
                    -0.08279825747013092,
                    0.0642472431063652
                ],
                [
                    0.09113277494907379,
                    0.9859446883201599,
                    -0.140028178691864
                ],
                [
                    -0.05175013840198517,
                    0.14511209726333618,
                    0.9880609512329102
                ]
            ]
        ],
        [
            0.042687076568603516,
            0.022025232315063478,
            0.8230855712890625,
            null,
            null,
            null,
            [
                [
                    0.9962072968482971,
                    -0.08545847982168198,
                    -0.01636756770312786
                ],
                [
                    0.0846366211771965,
                    0.9953664541244507,
                    -0.04563198238611221
                ],
                [
                    0.020191367715597153,
                    0.04407361522316933,
                    0.9988242387771606
                ]
            ]
        ],
        [
            0.03489992904663086,
            -0.00487311315536499,
            0.9499017333984375,
            null,
            null,
            null,
            [
                [
                    0.9914193749427795,
                    -0.06760543584823608,
                    0.11187972128391266
                ],
                [
                    0.06754744052886963,
                    0.9977067112922668,
                    0.0043131085112690926
                ],
                [
                    -0.1119147390127182,
                    0.0032810894772410393,
                    0.9937124252319336
                ]
            ]
        ],
        [
            0.030510560989379883,
            -0.017425289154052736,
            1.0564937744140626,
            null,
            null,
            null,
            [
                [
                    0.9934247136116028,
                    -0.06230749562382698,
                    0.09604743868112564
                ],
                [
                    0.06237216293811798,
                    0.9980502128601074,
                    0.0023317961022257805
                ],
                [
                    -0.09600546211004257,
                    0.0036742226220667362,
                    0.9953740239143372
                ]
            ]
        ],
        [
            0.03223250961303711,
            -0.021079566955566405,
            1.1331697998046875,
            null,
            null,
            null,
            [
                [
                    0.9925462007522583,
                    -0.07948271185159683,
                    0.09238284826278687
                ],
                [
                    0.0677262395620346,
                    0.989957869052887,
                    0.12408274412155151
                ],
                [
                    -0.10131756216287613,
                    -0.11690110713243484,
                    0.987962007522583
                ]
            ]
        ],
        [
            0.03663214492797852,
            -0.017895570755004885,
            1.170620361328125,
            null,
            null,
            null,
            [
                [
                    0.9932553768157959,
                    -0.07087668776512146,
                    0.09176217764616013
                ],
                [
                    0.06130637228488922,
                    0.9927679300308228,
                    0.10321490466594696
                ],
                [
                    -0.09841407835483551,
                    -0.09689315408468246,
                    0.9904173016548157
                ]
            ]
        ],
        [
            0.041964160919189454,
            -0.008774861335754395,
            1.1735980224609375,
            null,
            null,
            null,
            [
                [
                    0.9940166473388672,
                    -0.06507977843284607,
                    0.08772427588701248
                ],
                [
                    0.06025562807917595,
                    0.9965790510177612,
                    0.05656411126255989
                ],
                [
                    -0.09110534936189651,
                    -0.050939787179231644,
                    0.9945375323295593
                ]
            ]
        ],
        [
            0.04557696914672851,
            0.0030823919773101806,
            1.1565811767578125,
            null,
            null,
            null,
            [
                [
                    0.9962745904922485,
                    -0.05385037511587143,
                    0.06735775619745255
                ],
                [
                    0.054589010775089264,
                    0.9984667897224426,
                    -0.00917239673435688
                ],
                [
                    -0.06676054000854492,
                    0.012815219350159168,
                    0.9976867437362671
                ]
            ]
        ],
        [
            0.051033390045166015,
            0.012157032012939453,
            1.133192626953125,
            null,
            null,
            null,
            [
                [
                    0.9947907328605652,
                    -0.04732300713658333,
                    0.09028807282447815
                ],
                [
                    0.05451592803001404,
                    0.9953877329826355,
                    -0.07893841713666916
                ],
                [
                    -0.08613603562116623,
                    0.0834493413567543,
                    0.9927823543548584
                ]
            ]
        ],
        [
            0.05328234100341797,
            0.024093400955200194,
            1.10841796875,
            null,
            null,
            null,
            [
                [
                    0.9966197609901428,
                    -0.05736234411597252,
                    0.0588102713227272
                ],
                [
                    0.06050897762179375,
                    0.9967490434646606,
                    -0.05319790542125702
                ],
                [
                    -0.05556752532720566,
                    0.05657663196325302,
                    0.9968507289886475
                ]
            ]
        ],
        [
            0.05064574813842773,
            0.031894615173339844,
            1.0906142578125,
            null,
            null,
            null,
            [
                [
                    0.9978486895561218,
                    -0.057020511478185654,
                    0.032352183014154434
                ],
                [
                    0.059414930641651154,
                    0.9951307773590088,
                    -0.07864216715097427
                ],
                [
                    -0.027710437774658203,
                    0.0803951844573021,
                    0.9963778257369995
                ]
            ]
        ],
        [
            0.04892504119873047,
            0.032768264770507816,
            1.0808189697265624,
            null,
            null,
            null,
            [
                [
                    0.9986070990562439,
                    -0.04326902702450752,
                    0.030194567516446114
                ],
                [
                    0.045751966536045074,
                    0.9951511025428772,
                    -0.08706912398338318
                ],
                [
                    -0.026280760765075684,
                    0.08832930773496628,
                    0.9957445859909058
                ]
            ]
        ],
        [
            0.046719818115234374,
            0.040335208892822265,
            1.0766063232421874,
            null,
            null,
            null,
            [
                [
                    0.9976437091827393,
                    -0.06350438296794891,
                    0.025965679436922073
                ],
                [
                    0.06408629566431046,
                    0.9976967573165894,
                    -0.02222844772040844
                ],
                [
                    -0.024494271725416183,
                    0.02384011633694172,
                    0.9994156956672668
                ]
            ]
        ],
        [
            0.04123703002929688,
            0.04513384246826172,
            1.0779228515625,
            null,
            null,
            null,
            [
                [
                    0.9980177283287048,
                    -0.03604660555720329,
                    0.05158752575516701
                ],
                [
                    0.039211735129356384,
                    0.9973230361938477,
                    -0.06171831116080284
                ],
                [
                    -0.049224693328142166,
                    0.06361880898475647,
                    0.9967595338821411
                ]
            ]
        ],
        [
            0.03883589172363281,
            0.050366539001464844,
            1.08133251953125,
            null,
            null,
            null,
            [
                [
                    0.9973068833351135,
                    0.011805676855146885,
                    0.07238486409187317
                ],
                [
                    -0.008825022727251053,
                    0.9991053342819214,
                    -0.0413602739572525
                ],
                [
                    -0.0728083923459053,
                    0.040610089898109436,
                    0.9965187907218933
                ]
            ]
        ],
        [
            0.04322001647949219,
            0.057708595275878904,
            1.08458447265625,
            null,
            null,
            null,
            [
                [
                    0.995365560054779,
                    -0.03522298485040665,
                    0.08948053419589996
                ],
                [
                    0.041292525827884674,
                    0.9969041347503662,
                    -0.06691086292266846
                ],
                [
                    -0.08684670925140381,
                    0.07029564678668976,
                    0.9937384724617004
                ]
            ]
        ],
        [
            0.046993701934814454,
            0.061206111907958986,
            1.0862943115234376,
            null,
            null,
            null,
            [
                [
                    0.9944777488708496,
                    -0.05216837674379349,
                    0.09106313437223434
                ],
                [
                    0.05915619060397148,
                    0.9953665137290955,
                    -0.07580301910638809
                ],
                [
                    -0.08668667078018188,
                    0.08077136427164078,
                    0.9929559230804443
                ]
            ]
        ],
        [
            0.051612930297851564,
            0.07035836029052735,
            1.0847716064453126,
            null,
            null,
            null,
            [
                [
                    0.9972955584526062,
                    -0.0008441449026577175,
                    0.07349052280187607
                ],
                [
                    0.004222977440804243,
                    0.9989401698112488,
                    -0.04583320766687393
                ],
                [
                    -0.0733739510178566,
                    0.04601960629224777,
                    0.9962421655654907
                ]
            ]
        ],
        [
            0.05811015701293945,
            0.07797792053222656,
            1.0812506103515624,
            null,
            null,
            null,
            [
                [
                    0.9970428943634033,
                    -0.056550417095422745,
                    0.05203370004892349
                ],
                [
                    0.060407429933547974,
                    0.9952907562255859,
                    -0.0758102685213089
                ],
                [
                    -0.04750156030058861,
                    0.0787293091416359,
                    0.9957636594772339
                ]
            ]
        ],
        [
            0.06048933029174805,
            0.0816274642944336,
            1.07764697265625,
            null,
            null,
            null,
            [
                [
                    0.9983957409858704,
                    -0.054837342351675034,
                    0.014101387932896614
                ],
                [
                    0.05596977099776268,
                    0.9934846758842468,
                    -0.09927524626255035
                ],
                [
                    -0.00856552179902792,
                    0.09990523755550385,
                    0.9949600696563721
                ]
            ]
        ],
        [
            0.061069732666015626,
            0.08610160064697266,
            1.073036376953125,
            null,
            null,
            null,
            [
                [
                    0.9998177886009216,
                    0.014975079335272312,
                    0.011838074773550034
                ],
                [
                    -0.01395850908011198,
                    0.9965565800666809,
                    -0.08173190802335739
                ],
                [
                    -0.013021253049373627,
                    0.08155177533626556,
                    0.9965840578079224
                ]
            ]
        ],
        [
            0.06386334991455078,
            0.08804467010498047,
            1.070275146484375,
            null,
            null,
            null,
            [
                [
                    0.9994589686393738,
                    -0.0301686879247427,
                    0.0130991879850626
                ],
                [
                    0.03130204603075981,
                    0.994763970375061,
                    -0.09728746861219406
                ],
                [
                    -0.010095564648509026,
                    0.0976448655128479,
                    0.9951701164245605
                ]
            ]
        ],
        [
            0.0618773307800293,
            0.08523897552490234,
            1.0693280029296874,
            null,
            null,
            null,
            [
                [
                    0.9977013468742371,
                    -0.06413320451974869,
                    0.02188563533127308
                ],
                [
                    0.06615962088108063,
                    0.991746187210083,
                    -0.10982892662286758
                ],
                [
                    -0.014661313965916634,
                    0.1110244169831276,
                    0.9937095046043396
                ]
            ]
        ],
        [
            0.05718046951293945,
            0.08969110107421875,
            1.0707232666015625,
            null,
            null,
            null,
            [
                [
                    0.9993051886558533,
                    -0.015526825562119484,
                    0.033883236348629
                ],
                [
                    0.017674410715699196,
                    0.9977913498878479,
                    -0.06403160840272903
                ],
                [
                    -0.03281419351696968,
                    0.06458598375320435,
                    0.9973725080490112
                ]
            ]
        ],
        [
            0.05529449844360351,
            0.09281258392333984,
            1.0718035888671875,
            null,
            null,
            null,
            [
                [
                    0.9969915747642517,
                    -0.06793805956840515,
                    0.03731296956539154
                ],
                [
                    0.07081817090511322,
                    0.9940939545631409,
                    -0.08223146945238113
                ],
                [
                    -0.031505949795246124,
                    0.08462651818990707,
                    0.9959145188331604
                ]
            ]
        ],
        [
            0.04982190322875977,
            0.09151194000244141,
            1.0731085205078126,
            null,
            null,
            null,
            [
                [
                    0.994300365447998,
                    -0.09515765309333801,
                    0.04808133840560913
                ],
                [
                    0.09976335614919662,
                    0.9894780516624451,
                    -0.104787677526474
                ],
                [
                    -0.03760408237576485,
                    0.10898718237876892,
                    0.9933316111564636
                ]
            ]
        ],
        [
            0.044316169738769534,
            0.09548561096191406,
            1.0744964599609375,
            null,
            null,
            null,
            [
                [
                    0.9984778761863708,
                    -0.04222394526004791,
                    0.03548319265246391
                ],
                [
                    0.045281849801540375,
                    0.9948822259902954,
                    -0.09032655507326126
                ],
                [
                    -0.03148765489459038,
                    0.09179580956697464,
                    0.9952799081802368
                ]
            ]
        ],
        [
            0.042543209075927735,
            0.09879283905029297,
            1.0748856201171875,
            null,
            null,
            null,
            [
                [
                    0.9947887063026428,
                    -0.07926931977272034,
                    0.06412320584058762
                ],
                [
                    0.08606269955635071,
                    0.990060567855835,
                    -0.11123550683259964
                ],
                [
                    -0.05466828867793083,
                    0.11617444455623627,
                    0.9917231798171997
                ]
            ]
        ],
        [
            0.03866757583618164,
            0.09749170684814454,
            1.0756663818359375,
            null,
            null,
            null,
            [
                [
                    0.992918848991394,
                    -0.10366080701351166,
                    0.05802275240421295
                ],
                [
                    0.11016733199357986,
                    0.9862380027770996,
                    -0.12327904254198074
                ],
                [
                    -0.04444504156708717,
                    0.12879829108715057,
                    0.9906743168830872
                ]
            ]
        ],
        [
            0.03389248657226562,
            0.10181109619140626,
            1.0777086181640625,
            null,
            null,
            null,
            [
                [
                    0.9964452981948853,
                    -0.053020961582660675,
                    0.06546436995267868
                ],
                [
                    0.058212753385305405,
                    0.9950832724571228,
                    -0.08012828975915909
                ],
                [
                    -0.06089401990175247,
                    0.08365432173013687,
                    0.9946325421333313
                ]
            ]
        ],
        [
            0.033716758728027346,
            0.10198709869384766,
            1.0784039306640625,
            null,
            null,
            null,
            [
                [
                    0.9942530989646912,
                    -0.08862520754337311,
                    0.06005284562706947
                ],
                [
                    0.09520323574542999,
                    0.9885133504867554,
                    -0.11737845093011856
                ],
                [
                    -0.04896035045385361,
                    0.12242110818624496,
                    0.9912698864936829
                ]
            ]
        ],
        [
            0.031437925338745114,
            0.09717555236816407,
            1.07835546875,
            null,
            null,
            null,
            [
                [
                    0.9948309063911438,
                    -0.07847672700881958,
                    0.06444323062896729
                ],
                [
                    0.08648136258125305,
                    0.9873844981193542,
                    -0.13263815641403198
                ],
                [
                    -0.05322123318910599,
                    0.13752567768096924,
                    0.9890673160552979
                ]
            ]
        ],
        [
            0.02878501319885254,
            0.0957120590209961,
            1.0774425048828125,
            null,
            null,
            null,
            [
                [
                    0.9974827766418457,
                    -0.01958632841706276,
                    0.0681503415107727
                ],
                [
                    0.026798013597726822,
                    0.9939439296722412,
                    -0.10657092928886414
                ],
                [
                    -0.06565028429031372,
                    0.10812896490097046,
                    0.9919668436050415
                ]
            ]
        ],
        [
            0.031093992233276368,
            0.09071318817138672,
            1.0746754150390625,
            null,
            null,
            null,
            [
                [
                    0.9958194494247437,
                    -0.058519553393125534,
                    0.0701361894607544
                ],
                [
                    0.06692597270011902,
                    0.989995539188385,
                    -0.12421669811010361
                ],
                [
                    -0.062165409326553345,
                    0.1283913403749466,
                    0.9897732734680176
                ]
            ]
        ],
        [
            0.0304796142578125,
            0.07873743438720703,
            1.0721190185546876,
            null,
            null,
            null,
            [
                [
                    0.9946348071098328,
                    -0.08552933484315872,
                    0.058192379772663116
                ],
                [
                    0.09259527921676636,
                    0.9868957996368408,
                    -0.13214698433876038
                ],
                [
                    -0.04612737149000168,
                    0.1368263214826584,
                    0.9895204901695251
                ]
            ]
        ],
        [
            0.02892899513244629,
            0.07152467346191406,
            1.0712017822265625,
            null,
            null,
            null,
            [
                [
                    0.9975775480270386,
                    -0.027599750086665154,
                    0.06385322660207748
                ],
                [
                    0.034676194190979004,
                    0.9930448532104492,
                    -0.11251430958509445
                ],
                [
                    -0.06030375510454178,
                    0.1144559383392334,
                    0.9915963411331177
                ]
            ]
        ],
        [
            0.029086965560913086,
            0.060773197174072265,
            1.0694991455078124,
            null,
            null,
            null,
            [
                [
                    0.9964359998703003,
                    -0.06697318702936172,
                    0.05128227919340134
                ],
                [
                    0.07326572388410568,
                    0.9884441494941711,
                    -0.13270364701747894
                ],
                [
                    -0.04180208221077919,
                    0.13598792254924774,
                    0.9898282289505005
                ]
            ]
        ],
        [
            0.02555422592163086,
            0.04688878631591797,
            1.065841552734375,
            null,
            null,
            null,
            [
                [
                    0.996678352355957,
                    -0.07429927587509155,
                    0.033345479518175125
                ],
                [
                    0.07764986157417297,
                    0.9904348254203796,
                    -0.11405868083238602
                ],
                [
                    -0.02455204539000988,
                    0.11626908928155899,
                    0.9929142594337463
                ]
            ]
        ],
        [
            0.020709964752197267,
            0.03612676239013672,
            1.061512939453125,
            null,
            null,
            null,
            [
                [
                    0.9980835914611816,
                    -0.03958248347043991,
                    0.047564730048179626
                ],
                [
                    0.04355798661708832,
                    0.9953702092170715,
                    -0.08567868173122406
                ],
                [
                    -0.04395313933491707,
                    0.08758630603551865,
                    0.9951868057250977
                ]
            ]
        ],
        [
            0.017738754272460938,
            0.02379812812805176,
            1.0570244140625,
            null,
            null,
            null,
            [
                [
                    0.9967991709709167,
                    -0.06310367584228516,
                    0.04908445477485657
                ],
                [
                    0.06825751066207886,
                    0.9914067387580872,
                    -0.11159592121839523
                ],
                [
                    -0.04162054508924484,
                    0.11458910256624222,
                    0.992540717124939
                ]
            ]
        ],
        [
            0.013050764083862305,
            0.007058441162109375,
            1.05428125,
            null,
            null,
            null,
            [
                [
                    0.9959415197372437,
                    -0.06772672384977341,
                    0.0592753104865551
                ],
                [
                    0.07456158101558685,
                    0.9897339344024658,
                    -0.12193159013986588
                ],
                [
                    -0.05040875822305679,
                    0.1258563995361328,
                    0.9907669425010681
                ]
            ]
        ],
        [
            0.009643810272216797,
            -0.003922788619995117,
            1.0552899169921874,
            null,
            null,
            null,
            [
                [
                    0.9967166781425476,
                    -0.03989197686314583,
                    0.07045957446098328
                ],
                [
                    0.04499981924891472,
                    0.9963556528091431,
                    -0.07245956361293793
                ],
                [
                    -0.06731224060058594,
                    0.07539232075214386,
                    0.994879424571991
                ]
            ]
        ],
        [
            0.009769463539123535,
            -0.015998509407043456,
            1.0569671630859374,
            null,
            null,
            null,
            [
                [
                    0.9956114292144775,
                    -0.05246850848197937,
                    0.07749156653881073
                ],
                [
                    0.06010337918996811,
                    0.9931979179382324,
                    -0.09972695261240005
                ],
                [
                    -0.07173193991184235,
                    0.10394679754972458,
                    0.991992712020874
                ]
            ]
        ],
        [
            0.009395277976989747,
            -0.03098591995239258,
            1.0593509521484374,
            null,
            null,
            null,
            [
                [
                    0.9944076538085938,
                    -0.08219261467456818,
                    0.06631547957658768
                ],
                [
                    0.08761223405599594,
                    0.9926538467407227,
                    -0.08344153314828873
                ],
                [
                    -0.05897003784775734,
                    0.08878494799137115,
                    0.9943036437034607
                ]
            ]
        ],
        [
            0.01885744285583496,
            -0.03493775939941406,
            1.0609267578125,
            null,
            null,
            null,
            [
                [
                    0.9317212104797363,
                    -0.3494212329387665,
                    0.09899714589118958
                ],
                [
                    0.3493351936340332,
                    0.936809778213501,
                    0.018770452588796616
                ],
                [
                    -0.09930028766393661,
                    0.017094356939196587,
                    0.9949106574058533
                ]
            ]
        ],
        [
            0.031446924209594725,
            -0.020516164779663087,
            1.0567908935546875,
            null,
            null,
            null,
            [
                [
                    0.7872529625892639,
                    -0.5925828814506531,
                    0.17052379250526428
                ],
                [
                    0.5635918974876404,
                    0.8036832213401794,
                    0.19093824923038483
                ],
                [
                    -0.25019383430480957,
                    -0.05421087145805359,
                    0.9666768908500671
                ]
            ]
        ],
        [
            0.059248443603515624,
            0.006898475646972656,
            1.0472568359375,
            null,
            null,
            null,
            [
                [
                    0.5962167382240295,
                    -0.759971022605896,
                    0.2587849199771881
                ],
                [
                    0.7069634795188904,
                    0.6497498154640198,
                    0.2793346047401428
                ],
                [
                    -0.3804316520690918,
                    0.016407523304224014,
                    0.9246634840965271
                ]
            ]
        ],
        [
            0.08937026977539063,
            0.05594847106933594,
            1.035607421875,
            null,
            null,
            null,
            [
                [
                    0.31205567717552185,
                    -0.9308705925941467,
                    0.19000312685966492
                ],
                [
                    0.8727281093597412,
                    0.3598971366882324,
                    0.3298782706260681
                ],
                [
                    -0.3754555583000183,
                    0.06288069486618042,
                    0.924704909324646
                ]
            ]
        ],
        [
            0.12009440612792968,
            0.12215455627441406,
            1.033241943359375,
            null,
            null,
            null,
            [
                [
                    0.05768068507313728,
                    -0.9940189123153687,
                    0.09273253381252289
                ],
                [
                    0.9391346573829651,
                    0.08553647994995117,
                    0.33273056149482727
                ],
                [
                    -0.3386724889278412,
                    0.06789620965719223,
                    0.9384514093399048
                ]
            ]
        ],
        [
            0.14410108947753905,
            0.1913204345703125,
            1.0415794677734376,
            null,
            null,
            null,
            [
                [
                    -0.2412058711051941,
                    -0.9688264727592468,
                    -0.05652431771159172
                ],
                [
                    0.9428887963294983,
                    -0.2477399855852127,
                    0.2226783186197281
                ],
                [
                    -0.2297399938106537,
                    0.00041517242789268494,
                    0.9732519388198853
                ]
            ]
        ],
        [
            0.153271240234375,
            0.25179400634765625,
            1.0577100830078126,
            null,
            null,
            null,
            [
                [
                    -0.4847298562526703,
                    -0.8615010380744934,
                    -0.15117184817790985
                ],
                [
                    0.8570359945297241,
                    -0.5023372769355774,
                    0.11465860158205032
                ],
                [
                    -0.1747177541255951,
                    -0.07398126274347305,
                    0.9818352460861206
                ]
            ]
        ],
        [
            0.151572509765625,
            0.3035359191894531,
