{
    "radius": 0.25,
    "angular_speed": 12,
    "save_freq": 0.1,
    "pid_gains": {
        "pid_rate": {
            "roll_kp": "50.0",
            "roll_ki": "0.0",
            "roll_kd": "0.0",
            "pitch_kp": "50.0",
            "pitch_ki": "0.0",
            "pitch_kd": "0.0",
            "yaw_kp": "80.0",
            "yaw_ki": "0.0",
            "yaw_kd": "0.0"
        },
        "pid_attitude": {
            "roll_kp": "10.0",
            "roll_ki": "0.5",
            "roll_kd": "0.5",
            "pitch_kp": "13.0",
            "pitch_ki": "0.5",
            "pitch_kd": "1.5",
            "yaw_kp": "8.0",
            "yaw_ki": "0.5",
            "yaw_kd": "0.5"
        },
        "velCtlPid": {
            "vxKp": "15.0",
            "vxKi": "1.0",
            "vxKd": "0.0",
            "vyKp": "10.0",
            "vyKi": "1.0",
            "vyKd": "0.0",
            "vzKp": "12.5",
            "vzKi": "0.5",
            "vzKd": "0.0"
        },
        "posCtlPid": {
            "xKp": "1.5",
            "xKi": "0.20000000298023224",
            "xKd": "0.20000000298023224",
            "yKp": "1.5",
            "yKi": "0.20000000298023224",
            "yKd": "0.20000000298023224",
            "zKp": "5.0",
            "zKi": "0.5",
            "zKd": "0.0"
        }
    },
    "pose": [
        [
            0.0715482940673828,
            0.029372413635253905,
            0.2611297912597656,
            null,
            null,
            null,
            [
                [
                    0.9963890910148621,
                    -0.06023319438099861,
                    0.05983905866742134
                ],
                [
                    0.05896904319524765,
                    0.998002290725708,
                    0.02267339639365673
                ],
                [
                    -0.061085209250450134,
                    -0.019062872976064682,
                    0.9979504942893982
                ]
            ]
        ],
        [
            0.07146298217773438,
            0.02928049659729004,
            0.2611579895019531,
            null,
            null,
            null,
            [
                [
                    0.9963920712471008,
                    -0.06155673414468765,
                    0.05842626094818115
                ],
                [
                    0.06036647781729698,
                    0.9979354739189148,
                    0.021924573928117752
                ],
                [
                    -0.059655241668224335,
                    -0.018318483605980873,
                    0.9980509281158447
                ]
            ]
        ],
        [
            0.0708565444946289,
            0.027291343688964843,
            0.2688752136230469,
            null,
            null,
            null,
            [
                [
                    0.9973801970481873,
                    -0.05516701564192772,
                    0.04679055139422417
                ],
                [
                    0.05454452708363533,
                    0.9984063506126404,
                    0.014478744007647038
                ],
                [
                    -0.04751473292708397,
                    -0.01188864465802908,
                    0.9987998008728027
                ]
            ]
        ],
        [
            0.06718621826171875,
            0.00829483985900879,
            0.3376290283203125,
            null,
            null,
            null,
            [
                [
                    0.9943589568138123,
                    -0.073675237596035,
                    -0.07630331069231033
                ],
                [
                    0.07143745571374893,
                    0.9969425797462463,
                    -0.03165658935904503
                ],
                [
                    0.0784023255109787,
                    0.026027098298072815,
                    0.9965819716453552
                ]
            ]
        ],
        [
            0.056280677795410156,
            -0.0058692173957824705,
            0.4504014282226563,
            null,
            null,
            null,
            [
                [
                    0.9980577826499939,
                    -0.06227520480751991,
                    0.0015665496466681361
                ],
                [
                    0.06222645565867424,
                    0.9954673051834106,
                    -0.07192134112119675
                ],
                [
                    0.0029194673988968134,
                    0.07187914103269577,
                    0.9974091053009033
                ]
            ]
        ],
        [
            0.04437636566162109,
            -0.017768892288208007,
            0.565585693359375,
            null,
            null,
            null,
            [
                [
                    0.9992057681083679,
                    -0.035501956939697266,
                    0.018094724044203758
                ],
                [
                    0.03626440092921257,
                    0.9983857870101929,
                    -0.04371147230267525
                ],
                [
                    -0.016513673588633537,
                    0.04433295130729675,
                    0.9988803267478943
                ]
            ]
        ],
        [
            0.03341591262817383,
            -0.02976291847229004,
            0.683794677734375,
            null,
            null,
            null,
            [
                [
                    0.9970112442970276,
                    -0.06979427486658096,
                    0.03312623128294945
                ],
                [
                    0.06997177004814148,
                    0.9975399971008301,
                    -0.0042279427871108055
                ],
                [
                    -0.03274965286254883,
                    0.006533206906169653,
                    0.9994422197341919
                ]
            ]
        ],
        [
            0.022980730056762697,
            -0.03001702880859375,
            0.7976386108398438,
            null,
            null,
            null,
            [
                [
                    0.9959145784378052,
                    -0.0772704929113388,
                    0.04672706872224808
                ],
                [
                    0.07517688721418381,
                    0.9961535334587097,
                    0.045017123222351074
                ],
                [
                    -0.050025828182697296,
                    -0.04132041335105896,
                    0.9978927969932556
                ]
            ]
        ],
        [
            0.012725120544433593,
            -0.030405961990356445,
            0.90950439453125,
            null,
            null,
            null,
            [
                [
                    0.9826828837394714,
                    -0.05604885146021843,
                    0.1766151785850525
                ],
                [
                    0.04296374320983887,
                    0.9961000680923462,
                    0.07706321030855179
                ],
                [
                    -0.18024569749832153,
                    -0.06814064830541611,
                    0.9812585711479187
                ]
            ]
        ],
        [
            0.0006537510156631469,
            -0.02233900833129883,
            1.0147346801757813,
            null,
            null,
            null,
            [
                [
                    0.997100293636322,
                    -0.047832127660512924,
                    -0.059186458587646484
                ],
                [
                    0.05225978046655655,
                    0.995762288570404,
                    0.07567299902439117
                ],
                [
                    0.05531604215502739,
                    -0.07854664325714111,
                    0.9953745603561401
                ]
            ]
        ],
        [
            -0.007361382007598877,
            -0.014522768020629883,
            1.096194580078125,
            null,
            null,
            null,
            [
                [
                    0.9962450861930847,
                    -0.027884477749466896,
                    0.08196467161178589
                ],
                [
                    0.018681928515434265,
                    0.9936481714248657,
                    0.11096954345703125
                ],
                [
                    -0.08453837782144547,
                    -0.10902160406112671,
                    0.9904380440711975
                ]
            ]
        ],
        [
            -0.01238862133026123,
            -0.005535407066345215,
            1.143917236328125,
            null,
            null,
            null,
            [
                [
                    0.9946247339248657,
                    -0.01041873823851347,
                    0.10301974415779114
                ],
                [
                    0.012986124493181705,
                    0.999620795249939,
                    -0.024282079190015793
                ],
                [
                    -0.10272768884897232,
                    0.025489384308457375,
                    0.9943828582763672
                ]
            ]
        ],
        [
            -0.011493080139160157,
            0.006073074340820312,
            1.1570760498046875,
            null,
            null,
            null,
            [
                [
                    0.9914410710334778,
                    0.0045719873160123825,
                    0.1304747313261032
                ],
                [
                    0.00045002243132330477,
                    0.9992610216140747,
                    -0.038434870541095734
                ],
                [
                    -0.13055403530597687,
                    0.03816462308168411,
                    0.9907063841819763
                ]
            ]
        ],
        [
            -0.003935884714126587,
            0.02087529373168945,
            1.1476632080078124,
            null,
            null,
            null,
            [
                [
                    0.989974319934845,
                    -0.010767712257802486,
                    0.14083661139011383
                ],
                [
                    0.015614490956068039,
                    0.9993215799331665,
                    -0.033354517072439194
                ],
                [
                    -0.14038191735744476,
                    0.035219207406044006,
                    0.9894708395004272
                ]
            ]
        ],
        [
            0.00781882619857788,
            0.04013913726806641,
            1.1279803466796876,
            null,
            null,
            null,
            [
                [
                    0.9913921356201172,
                    -0.010402248241007328,
                    0.13051211833953857
                ],
                [
                    0.012787717394530773,
                    0.999765932559967,
                    -0.017453009262681007
                ],
                [
                    -0.13030001521110535,
                    0.018971728160977364,
                    0.9912930727005005
                ]
            ]
        ],
        [
            0.021856489181518553,
            0.05720136642456055,
            1.1061793212890625,
            null,
            null,
            null,
            [
                [
                    0.9973642230033875,
                    0.006394602824002504,
                    0.07227536290884018
                ],
                [
                    -0.003253137692809105,
                    0.9990481734275818,
                    -0.0434996522963047
                ],
                [
                    -0.07248473167419434,
                    0.04314987361431122,
                    0.9964357018470764
                ]
            ]
        ],
        [
            0.034923717498779296,
            0.07104767608642579,
            1.088286865234375,
            null,
            null,
            null,
            [
                [
                    0.9969562888145447,
                    0.0013534864410758018,
                    0.07795076817274094
                ],
                [
                    0.0033609711099416018,
                    0.9981735944747925,
                    -0.060316991060972214
                ],
                [
                    -0.07789003849029541,
                    0.06039539724588394,
                    0.9951308965682983
                ]
            ]
        ],
        [
            0.042260265350341795,
            0.08992414093017578,
            1.0747808837890624,
            null,
            null,
            null,
            [
                [
                    0.9999793767929077,
                    -0.0026656605768948793,
                    0.005846485961228609
                ],
                [
                    0.003096428234130144,
                    0.9971821904182434,
                    -0.07495357096195221
                ],
                [
                    -0.0056302109733223915,
                    0.07497012615203857,
                    0.9971699118614197
                ]
            ]
        ],
        [
            0.04264031219482422,
            0.10217975616455079,
            1.067771728515625,
            null,
            null,
            null,
            [
                [
                    0.9995266795158386,
                    0.004584878217428923,
                    -0.030419787392020226
                ],
                [
                    -0.007251096423715353,
                    0.9960830211639404,
                    -0.08812505006790161
                ],
                [
                    0.02989659272134304,
                    0.08830391615629196,
                    0.9956448078155518
                ]
            ]
        ],
        [
            0.03857126617431641,
            0.11769673919677734,
            1.0662489013671874,
            null,
            null,
            null,
            [
                [
                    0.9998448491096497,
                    0.013902653940021992,
                    -0.010817103087902069
                ],
                [
                    -0.014507682994008064,
                    0.9982096552848816,
                    -0.05802562087774277
                ],
                [
                    0.009991027414798737,
                    0.05817355215549469,
                    0.998256504535675
                ]
            ]
        ],
        [
            0.03387878036499024,
            0.1284958190917969,
            1.0673792724609374,
            null,
            null,
            null,
            [
                [
                    0.9992945790290833,
                    0.02721506729722023,
                    0.02587777189910412
                ],
                [
                    -0.02447565272450447,
                    0.9946006536483765,
                    -0.10084854811429977
                ],
                [
                    -0.028482649475336075,
                    0.10014403611421585,
                    0.9945651888847351
                ]
            ]
        ],
        [
            0.03550309753417969,
            0.13835150146484376,
            1.0694837646484374,
            null,
            null,
            null,
            [
                [
                    0.9956071376800537,
                    0.04052545502781868,
                    0.08440449088811874
                ],
                [
                    -0.0345778688788414,
                    0.9968929290771484,
                    -0.07077311724424362
                ],
                [
                    -0.08701035380363464,
                    0.06754369288682938,
                    0.9939150214195251
                ]
            ]
        ],
        [
            0.041124221801757815,
            0.1474757080078125,
            1.071390869140625,
            null,
            null,
            null,
            [
                [
                    0.9927055239677429,
                    0.06479671597480774,
                    0.10167187452316284
                ],
                [
                    -0.05478232353925705,
                    0.9936404824256897,
                    -0.09837452322244644
                ],
                [
                    -0.10739962756633759,
                    0.09208710491657257,
                    0.9899420738220215
                ]
            ]
        ],
        [
            0.0563895263671875,
            0.14903456115722657,
            1.07083447265625,
            null,
            null,
            null,
            [
                [
                    0.9913679361343384,
                    0.029580572620034218,
                    0.12772870063781738
                ],
                [
                    -0.012968417257070541,
                    0.9915623068809509,
                    -0.12898048758506775
                ],
                [
                    -0.1304662823677063,
                    0.12621067464351654,
                    0.9833866953849792
                ]
            ]
        ],
        [
            0.07322633361816407,
            0.15019473266601563,
            1.06977880859375,
            null,
            null,
            null,
            [
                [
                    0.9938874244689941,
                    0.04658466577529907,
                    0.1000882238149643
                ],
                [
                    -0.03593139722943306,
                    0.993746280670166,
                    -0.10572247207164764
                ],
                [
                    -0.10438734292984009,
                    0.1014799252152443,
                    0.9893457889556885
                ]
            ]
        ],
        [
            0.08765616607666016,
            0.1447669677734375,
            1.0675499267578126,
            null,
            null,
            null,
            [
                [
                    0.9967274069786072,
                    0.06240590661764145,
                    0.051381293684244156
                ],
                [
                    -0.05459986999630928,
                    0.9884496331214905,
                    -0.1413726806640625
                ],
                [
                    -0.059610310941934586,
                    0.1381046026945114,
                    0.9886221289634705
                ]
            ]
        ],
        [
            0.09785717010498046,
            0.1358184356689453,
            1.0649267578125,
            null,
            null,
            null,
            [
                [
                    0.997654914855957,
                    0.06838785111904144,
                    0.0027983426116406918
                ],
                [
                    -0.06782642751932144,
                    0.9932953119277954,
                    -0.09361591935157776
                ],
                [
                    -0.009181772358715534,
                    0.09320657700300217,
                    0.9956044554710388
                ]
            ]
        ],
        [
            0.09810818481445313,
            0.12546195220947265,
            1.0623394775390624,
            null,
            null,
            null,
            [
                [
                    0.9989466667175293,
                    0.02950703725218773,
                    -0.03514031320810318
                ],
                [
                    -0.03290308639407158,
                    0.9944077730178833,
                    -0.10035200417041779
                ],
                [
                    0.03198271244764328,
                    0.10140252858400345,
                    0.9943312406539917
                ]
            ]
        ],
        [
            0.08928244018554687,
            0.10886566925048828,
            1.06068212890625,
            null,
            null,
            null,
            [
                [
                    0.9986842274665833,
                    0.016599411144852638,
                    -0.048520952463150024
                ],
                [
                    -0.021733548492193222,
                    0.9939913749694824,
                    -0.10727901756763458
                ],
                [
                    0.046448640525341034,
                    0.10819239169359207,
                    0.9930442571640015
                ]
            ]
        ],
        [
            0.07333724212646485,
            0.09763131713867187,
            1.0612738037109375,
            null,
            null,
            null,
            [
                [
                    0.9990752935409546,
                    0.019321702420711517,
                    -0.03840917348861694
                ],
                [
                    -0.022133152931928635,
                    0.9969996809959412,
                    -0.07417378574609756
                ],
                [
                    0.036860767751932144,
                    0.07495531439781189,
                    0.9965053796768188
                ]
            ]
        ],
        [
            0.05572045516967773,
            0.08603515625,
            1.0646435546875,
            null,
            null,
            null,
            [
                [
                    0.9989519119262695,
                    0.03427387773990631,
                    0.03033827617764473
                ],
                [
                    -0.03194364905357361,
                    0.9967303276062012,
                    -0.07421796023845673
                ],
                [
                    -0.032782815396785736,
                    0.07317105680704117,
                    0.9967804551124573
                ]
            ]
        ],
        [
            0.04143069839477539,
            0.07506510925292968,
            1.0693155517578126,
            null,
            null,
            null,
            [
                [
                    0.995745837688446,
                    0.02643374539911747,
                    0.08826912194490433
                ],
                [
                    -0.020285701379179955,
                    0.9973522424697876,
                    -0.06983587145805359
                ],
                [
                    -0.08988142758607864,
                    0.06774817407131195,
                    0.9936455488204956
                ]
            ]
        ],
        [
            0.03444667053222656,
            0.06908076477050781,
            1.0736849365234375,
            null,
            null,
            null,
            [
                [
                    0.9906385540962219,
                    0.009698211215436459,
                    0.1361660659313202
                ],
                [
                    0.0013880401384085417,
                    0.9967060685157776,
                    -0.08108710497617722
                ],
                [
                    -0.1365039348602295,
                    0.08051701635122299,
                    0.9873619675636292
                ]
            ]
        ],
        [
            0.03773090744018555,
            0.0606049690246582,
            1.075328857421875,
            null,
            null,
            null,
            [
                [
                    0.9838697910308838,
                    0.021121572703123093,
                    0.1776348054409027
                ],
                [
                    -0.0018416522070765495,
                    0.994148313999176,
                    -0.10800828039646149
                ],
                [
                    -0.17887663841247559,
                    0.10593894124031067,
                    0.9781513810157776
                ]
            ]
        ],
        [
            0.04674410629272461,
            0.057398765563964844,
            1.0735699462890624,
            null,
            null,
            null,
            [
                [
                    0.9867514371871948,
                    -0.003905698424205184,
                    0.16219227015972137
                ],
                [
                    0.014094691723585129,
                    0.9979941248893738,
                    -0.0617174431681633
                ],
                [
                    -0.16162589192390442,
                    0.06318582594394684,
                    0.9848272204399109
                ]
            ]
        ],
        [
            0.05780562591552734,
            0.049895915985107425,
            1.0691259765625,
            null,
            null,
            null,
            [
                [
                    0.9934583306312561,
                    0.038420308381319046,
                    0.10753806680440903
                ],
                [
                    -0.02700532227754593,
                    0.994035542011261,
                    -0.10566017031669617
                ],
                [
                    -0.11095615476369858,
                    0.10206487774848938,
                    0.9885704517364502
                ]
            ]
        ],
        [
            0.06876408386230469,
            0.03574318695068359,
            1.0636512451171876,
            null,
            null,
            null,
            [
                [
                    0.9956094622612,
                    0.052004314959049225,
                    0.07782912999391556
                ],
                [
                    -0.040997907519340515,
                    0.9897396564483643,
                    -0.13687452673912048
                ],
                [
                    -0.08414863795042038,
                    0.13308273255825043,
                    0.9875261783599854
                ]
            ]
        ],
        [
            0.07338236999511719,
            0.023354375839233398,
            1.059107421875,
            null,
            null,
            null,
            [
                [
                    0.999413251876831,
                    0.030288968235254288,
                    0.015992430970072746
                ],
                [
                    -0.028280071914196014,
                    0.9931211471557617,
                    -0.11362476646900177
                ],
                [
                    -0.01932399906218052,
                    0.11310582607984543,
                    0.9933950304985046
                ]
            ]
        ],
        [
            0.07057315826416016,
            0.00463805341720581,
            1.055771728515625,
            null,
            null,
            null,
            [
                [
                    0.9974865317344666,
                    0.06966164708137512,
                    -0.012956617400050163
                ],
                [
                    -0.07075680047273636,
                    0.988979160785675,
                    -0.1300525963306427
                ],
                [
                    0.0037541468627750874,
                    0.13064248859882355,
                    0.9914224147796631
                ]
            ]
        ],
        [
            0.06288508224487305,
            -0.012197075843811035,
            1.0532059326171874,
            null,
            null,
            null,
            [
                [
                    0.9973646402359009,
                    0.07202491164207458,
                    -0.008725910447537899
                ],
                [
                    -0.07246191799640656,
                    0.9948785305023193,
                    -0.07046995311975479
                ],
                [
                    0.003605628851801157,
                    0.0709165409207344,
                    0.9974757432937622
                ]
            ]
        ],
        [
            0.049756515502929685,
            -0.029138031005859374,
            1.0516483154296874,
            null,
            null,
            null,
            [
                [
                    0.9965443015098572,
                    0.0830591693520546,
                    -0.0008286801166832447
                ],
                [
                    -0.08287905901670456,
                    0.9936202168464661,
                    -0.07648499310016632
                ],
                [
                    -0.005529386922717094,
                    0.07628936320543289,
                    0.9970703721046448
                ]
            ]
        ],
        [
            0.0390311279296875,
            -0.04931736755371094,
            1.0514635009765625,
            null,
            null,
            null,
            [
                [
                    0.9965351819992065,
                    0.0682540163397789,
                    0.04752860963344574
                ],
                [
                    -0.0638803020119667,
                    0.9940571784973145,
                    -0.08814533799886703
                ],
                [
                    -0.05326242744922638,
                    0.08480378985404968,
                    0.9949730634689331
                ]
            ]
        ],
        [
            0.03248056030273438,
            -0.06143592834472656,
            1.0500706787109375,
            null,
            null,
            null,
            [
                [
                    0.9947924613952637,
                    0.053776562213897705,
                    0.08658000081777573
                ],
                [
                    -0.049931447952985764,
                    0.9976935982704163,
                    -0.04598182067275047
                ],
                [
                    -0.08885306119918823,
                    0.04141930118203163,
                    0.9951831698417664
                ]
            ]
        ],
        [
            0.030460172653198243,
            -0.07536983489990234,
            1.0481988525390624,
            null,
            null,
            null,
            [
                [
                    0.9895949363708496,
                    0.09299366176128387,
                    0.1097911074757576
                ],
                [
                    -0.08291950076818466,
                    0.9922059774398804,
                    -0.09301435947418213
                ],
                [
                    -0.11758513748645782,
                    0.08294271677732468,
                    0.989592969417572
                ]
            ]
        ],
        [
            0.03439534759521484,
            -0.09116508483886719,
            1.0454427490234375,
            null,
            null,
            null,
            [
                [
                    0.9885282516479492,
                    0.06557030975818634,
                    0.1360602080821991
                ],
                [
                    -0.058590590953826904,
                    0.9967829585075378,
                    -0.05468837544322014
                ],
                [
                    -0.13920843601226807,
                    0.046089157462120056,
                    0.9891899824142456
                ]
            ]
        ],
        [
            0.039909473419189455,
            -0.10581713104248047,
            1.043272705078125,
            null,
            null,
            null,
            [
                [
                    0.9922984838485718,
                    0.0840226262807846,
                    0.09101574867963791
                ],
                [
                    -0.07739675790071487,
                    0.994247555732727,
                    -0.07403778284788132
                ],
                [
                    -0.09671303629875183,
                    0.06642325222492218,
                    0.9930934309959412
                ]
            ]
        ],
        [
            0.044646015167236326,
            -0.12544647216796875,
            1.0427838134765626,
            null,
            null,
            null,
            [
                [
                    0.9954034090042114,
                    0.08049841970205307,
                    0.05188538506627083
                ],
                [
                    -0.07726655155420303,
                    0.9951090216636658,
                    -0.06154564768075943
                ],
                [
                    -0.056585945188999176,
                    0.05725374072790146,
                    0.9967547655105591
                ]
            ]
        ],
        [
            0.04191482543945312,
            -0.14099969482421876,
            1.0415831298828124,
            null,
            null,
            null,
            [
                [
                    0.9979307055473328,
                    0.06337045878171921,
                    -0.01088771689683199
                ],
                [
                    -0.06379874050617218,
                    0.9969491362571716,
                    -0.0449676439166069
                ],
                [
                    0.008004880510270596,
                    0.04556921124458313,
                    0.9989290833473206
                ]
            ]
        ],
        [
            0.03652464294433594,
            -0.15256503295898438,
            1.0415728759765626,
            null,
            null,
            null,
            [
                [
                    0.9979913234710693,
                    0.05043282359838486,
                    -0.0383383147418499
                ],
                [
                    -0.0514848567545414,
                    0.9983096122741699,
                    -0.026966942474246025
                ],
                [
                    0.036913491785526276,
                    0.028886618092656136,
                    0.9989008903503418
                ]
            ]
        ],
        [
            0.016873186111450195,
            -0.17283209228515625,
            1.0397239990234375,
            null,
            null,
            null,
            [
                [
                    0.9976910352706909,
                    0.03973548114299774,
                    -0.05507934093475342
                ],
                [
                    -0.03996851295232773,
                    0.9991959929466248,
                    -0.0031353223603218794
                ],
                [
                    0.05491047352552414,
                    0.005329522304236889,
                    0.998477041721344
                ]
            ]
        ],
        [
            -0.007289133548736572,
            -0.18143141174316407,
            1.03863134765625,
            null,
            null,
            null,
            [
                [
                    0.9556910991668701,
                    0.2906981408596039,
                    -0.04635797068476677
                ],
                [
                    -0.2908991277217865,
                    0.9567504525184631,
                    0.002499848371371627
                ],
                [
                    0.04507971182465553,
                    0.011096409521996975,
                    0.9989217519760132
                ]
            ]
        ],
        [
            -0.029725746154785158,
            -0.17916703796386718,
            1.04280517578125,
            null,
            null,
            null,
            [
                [
                    0.8155387043952942,
                    0.5763960480690002,
                    0.05161594599485397
                ],
                [
                    -0.5783983469009399,
                    0.8147528767585754,
                    0.040411632508039474
                ],
                [
                    -0.018761135637760162,
                    -0.06281182914972305,
                    0.9978490471839905
                ]
            ]
        ],
        [
            -0.04556370162963867,
            -0.167541748046875,
            1.0505244140625,
            null,
            null,
            null,
            [
                [
                    0.728376567363739,
                    0.6800732612609863,
                    0.08347446471452713
                ],
                [
                    -0.684899628162384,
                    0.7261248826980591,
                    0.06045788526535034
                ],
                [
                    -0.019497094675898552,
                    -0.10120773315429688,
                    0.9946742653846741
                ]
            ]
        ],
        [
            -0.05338832473754883,
            -0.15146771240234375,
            1.058798095703125,
            null,
            null,
            null,
            [
                [
                    0.7201521992683411,
                    0.6881513595581055,
                    0.08847908675670624
                ],
                [
                    -0.6937315464019775,
                    0.7161766290664673,
                    0.07633870095014572
                ],
                [
                    -0.010834074579179287,
                    -0.11635620892047882,
                    0.9931484460830688
                ]
            ]
        ],
        [
            -0.051756702423095706,
            -0.12752003479003907,
            1.06427783203125,
            null,
            null,
            null,
            [
                [
                    0.7136505842208862,
                    0.6974404454231262,
                    0.06541892141103745
                ],
                [
                    -0.7005017995834351,
                    0.7105706334114075,
                    0.06623154133558273
                ],
                [
                    -0.0002922064741142094,
                    -0.09309224784374237,
                    0.9956574440002441
                ]
            ]
        ],
        [
            -0.04846516036987305,
            -0.10097158813476563,
            1.07094189453125,
            null,
            null,
            null,
            [
                [
                    0.7530232071876526,
                    0.6572550535202026,
                    0.03117452934384346
                ],
                [
                    -0.6579627990722656,
                    0.7526031136512756,
                    0.025952214375138283
                ],
                [
                    -0.006404824089258909,
                    -0.04005429893732071,
                    0.9991769790649414
                ]
            ]
        ],
        [
            -0.03659761810302734,
            -0.06969049072265625,
            1.0770068359375,
            null,
            null,
            null,
            [
                [
                    0.7617245316505432,
                    0.6451122760772705,
                    0.06004929542541504
                ],
                [
                    -0.6467443704605103,
                    0.7626274824142456,
                    0.011002928949892521
                ],
                [
                    -0.03869711607694626,
                    -0.04721774533390999,
                    0.9981347918510437
                ]
            ]
        ],
        [
