{
    "radius": 0.4,
    "angular_speed": 11,
    "save_freq": 0.1,
    "pid_gains": {
        "pid_rate": {
            "roll_kp": "50.0",
            "roll_ki": "0.0",
            "roll_kd": "0.0",
            "pitch_kp": "50.0",
            "pitch_ki": "0.0",
            "pitch_kd": "0.0",
            "yaw_kp": "80.0",
            "yaw_ki": "0.0",
            "yaw_kd": "0.0"
        },
        "pid_attitude": {
            "roll_kp": "10.0",
            "roll_ki": "0.5",
            "roll_kd": "0.5",
            "pitch_kp": "13.0",
            "pitch_ki": "0.5",
            "pitch_kd": "1.5",
            "yaw_kp": "8.0",
            "yaw_ki": "0.5",
            "yaw_kd": "0.5"
        },
        "velCtlPid": {
            "vxKp": "15.0",
            "vxKi": "1.0",
            "vxKd": "0.0",
            "vyKp": "10.0",
            "vyKi": "1.0",
            "vyKd": "0.0",
            "vzKp": "12.5",
            "vzKi": "0.5",
            "vzKd": "0.0"
        },
        "posCtlPid": {
            "xKp": "1.5",
            "xKi": "0.20000000298023224",
            "xKd": "0.20000000298023224",
            "yKp": "1.5",
            "yKi": "0.20000000298023224",
            "yKd": "0.20000000298023224",
            "zKp": "5.0",
            "zKi": "0.5",
            "zKd": "0.0"
        }
    },
    "pose": [
        [
            0.032392562866210936,
            -0.024415447235107423,
            0.26043923950195313,
            null,
            null,
            null,
            [
                [
                    0.9986262321472168,
                    -0.035088371485471725,
                    0.03891658037900925
                ],
                [
                    0.03455227613449097,
                    0.9992996454238892,
                    0.014363711699843407
                ],
                [
                    -0.03939332813024521,
                    -0.012999322265386581,
                    0.9991392493247986
                ]
            ]
        ],
        [
            0.032253757476806644,
            -0.024327985763549803,
            0.2604447631835938,
            null,
            null,
            null,
            [
                [
                    0.9988155364990234,
                    -0.03043421357870102,
                    0.03796406090259552
                ],
                [
                    0.029848821461200714,
                    0.9994280934333801,
                    0.015892405062913895
                ],
                [
                    -0.03842602297663689,
                    -0.014740398153662682,
                    0.9991527199745178
                ]
            ]
        ],
        [
            0.03203639221191406,
            -0.02648932647705078,
            0.2802850036621094,
            null,
            null,
            null,
            [
                [
                    0.998699426651001,
                    -0.032677024602890015,
                    0.03913605585694313
                ],
                [
                    0.0323917530477047,
                    0.9994440078735352,
                    0.007901439443230629
                ],
                [
                    -0.03937249258160591,
                    -0.006623477675020695,
                    0.9992026686668396
                ]
            ]
        ],
        [
            0.03028032875061035,
            -0.031473110198974606,
            0.36086019897460936,
            null,
            null,
            null,
            [
                [
                    0.9921109676361084,
                    -0.034132715314626694,
                    0.12062667310237885
                ],
                [
                    0.03573606535792351,
                    0.9992990493774414,
                    -0.011153044179081917
                ],
                [
                    -0.12016143649816513,
                    0.015375779941678047,
                    0.9926353096961975
                ]
            ]
        ],
        [
            0.022235029220581053,
            -0.03394976806640625,
            0.4708444213867187,
            null,
            null,
            null,
            [
                [
                    0.9996227622032166,
                    -0.027016403153538704,
                    0.004942101426422596
                ],
                [
                    0.02712951973080635,
                    0.9993324279785156,
                    -0.024466900154948235
                ],
                [
                    -0.00427779508754611,
                    0.024591747671365738,
                    0.999688446521759
                ]
            ]
        ],
        [
            0.008398456573486328,
            -0.047073719024658206,
            0.5884583129882812,
            null,
            null,
            null,
            [
                [
                    0.9996986389160156,
                    -0.02445962466299534,
                    0.0020786570385098457
                ],
                [
                    0.024546079337596893,
                    0.9970384836196899,
                    -0.07288195192813873
                ],
                [
                    -0.0002898358798120171,
                    0.07291100919246674,
                    0.9973384141921997
                ]
            ]
        ],
        [
            -0.008382600784301758,
            -0.06462479400634766,
            0.7091290283203125,
            null,
            null,
            null,
            [
                [
                    0.998870849609375,
                    -0.04098821431398392,
                    0.024020230397582054
                ],
                [
                    0.04076453298330307,
                    0.9991214275360107,
                    0.009729274548590183
                ],
                [
                    -0.02439791150391102,
                    -0.008739115670323372,
                    0.9996641278266907
                ]
            ]
        ],
        [
            -0.02625141143798828,
            -0.07593062591552735,
            0.8320917358398437,
            null,
            null,
            null,
            [
                [
                    0.9970733523368835,
                    -0.057569511234760284,
                    0.050304289907217026
                ],
                [
                    0.058289047330617905,
                    0.9982156753540039,
                    -0.012954472564160824
                ],
                [
                    -0.0494687482714653,
                    0.01584874838590622,
                    0.9986498951911926
                ]
            ]
        ],
        [
            -0.03955310440063477,
            -0.08969733428955078,
            0.9502058715820313,
            null,
            null,
            null,
            [
                [
                    0.9961930513381958,
                    -0.028208903968334198,
                    0.08248431980609894
                ],
                [
                    0.03770305588841438,
                    0.9925435781478882,
                    -0.11591237038373947
                ],
                [
                    -0.07859952747821808,
                    0.11858101189136505,
                    0.9898285865783691
                ]
            ]
        ],
        [
            -0.047888248443603516,
            -0.09435961151123047,
            1.062080322265625,
            null,
            null,
            null,
            [
                [
                    0.9930698871612549,
                    0.004892055410891771,
                    0.11742349714040756
                ],
                [
                    -0.010264995507895947,
                    0.9989253878593445,
                    0.04519589617848396
                ],
                [
                    -0.11707621067762375,
                    -0.04608803242444992,
                    0.9920529723167419
                ]
            ]
        ],
        [
            -0.04616209030151367,
            -0.0899735336303711,
            1.141850341796875,
            null,
            null,
            null,
            [
                [
                    0.9895598888397217,
                    0.00611534807831049,
                    0.14399249851703644
                ],
                [
                    -0.0134438406676054,
                    0.9986598491668701,
                    0.0499771386384964
                ],
                [
                    -0.1434939056634903,
                    -0.051391180604696274,
                    0.9883159399032593
                ]
            ]
        ],
        [
            -0.04178575134277344,
            -0.08473545837402344,
            1.17570068359375,
            null,
            null,
            null,
            [
                [
                    0.9878389835357666,
                    0.018936559557914734,
                    0.1543227583169937
                ],
                [
                    -0.032750166952610016,
                    0.9956289529800415,
                    0.08746672421693802
                ],
                [
                    -0.15199188888072968,
                    -0.09145713597536087,
                    0.9841412901878357
                ]
            ]
        ],
        [
            -0.0370997200012207,
            -0.078368896484375,
            1.1743310546875,
            null,
            null,
            null,
            [
                [
                    0.9917006492614746,
                    0.025544090196490288,
                    0.12600502371788025
                ],
                [
                    -0.03201902657747269,
                    0.9982542395591736,
                    0.049631305038928986
                ],
                [
                    -0.12451726198196411,
                    -0.05325395613908768,
                    0.9907872676849365
                ]
            ]
        ],
        [
            -0.033607418060302735,
            -0.07050107574462891,
            1.1543839111328125,
            null,
            null,
            null,
            [
                [
                    0.9952245354652405,
                    0.03944282606244087,
                    0.08928830176591873
                ],
                [
                    -0.03965359181165695,
                    0.9992133378982544,
                    0.0005871970788575709
                ],
                [
                    -0.0891949012875557,
                    -0.004124994855374098,
                    0.996005654335022
                ]
            ]
        ],
        [
            -0.032711605072021484,
            -0.0650665283203125,
            1.1290828857421875,
            null,
            null,
            null,
            [
                [
                    0.9987314343452454,
                    0.036468181759119034,
                    0.03472185134887695
                ],
                [
                    -0.035287950187921524,
                    0.9987980723381042,
                    -0.03401782363653183
                ],
                [
                    -0.03592068329453468,
                    0.03274940699338913,
                    0.9988179206848145
                ]
            ]
        ],
        [
            -0.03336553573608399,
            -0.053685665130615234,
            1.10655908203125,
            null,
            null,
            null,
            [
                [
                    0.9982420206069946,
                    0.04702191799879074,
                    0.03608057275414467
                ],
                [
                    -0.04617461934685707,
                    0.9986457824707031,
                    -0.023968378081917763
                ],
                [
                    -0.03715875372290611,
                    0.022260235622525215,
                    0.9990614056587219
                ]
            ]
        ],
        [
            -0.038842178344726565,
            -0.04216824722290039,
            1.0892086181640626,
            null,
            null,
            null,
            [
                [
                    0.9980093836784363,
                    0.05859458073973656,
                    0.023323558270931244
                ],
                [
                    -0.05799742788076401,
                    0.9979908466339111,
                    -0.02550557814538479
                ],
                [
                    -0.02477118745446205,
                    0.024102099239826202,
                    0.9994025826454163
                ]
            ]
        ],
        [
            -0.04650057601928711,
            -0.03468821716308594,
            1.07946142578125,
            null,
            null,
            null,
            [
                [
                    0.9983460307121277,
                    0.04323704540729523,
                    0.0378912016749382
                ],
                [
                    -0.04326729476451874,
                    0.9990635514259338,
                    -2.171628875657916e-05
                ],
                [
                    -0.037856657058000565,
                    -0.00161776936147362,
                    0.9992818832397461
                ]
            ]
        ],
        [
            -0.05378196716308594,
            -0.020623605728149415,
            1.0766273193359375,
            null,
            null,
            null,
            [
                [
                    0.9959367513656616,
                    0.05366631969809532,
                    0.07231809943914413
                ],
                [
                    -0.05233968049287796,
                    0.9984266757965088,
                    -0.020117664709687233
                ],
                [
                    -0.07328396290540695,
                    0.016250815242528915,
                    0.9971787333488464
                ]
            ]
        ],
        [
            -0.05485254669189453,
            -0.013481884002685547,
            1.08021630859375,
            null,
            null,
            null,
            [
                [
                    0.9894543290138245,
                    0.08552198857069016,
                    0.11690234392881393
                ],
                [
                    -0.08248378336429596,
                    0.9961227178573608,
                    -0.030593568459153175
                ],
                [
                    -0.11906550079584122,
                    0.020628390833735466,
                    0.9926720857620239
                ]
            ]
        ],
        [
            -0.04837984466552735,
            -0.0011409376859664918,
            1.0840943603515625,
            null,
            null,
            null,
            [
                [
                    0.9876430034637451,
                    0.047671716660261154,
                    0.14929413795471191
                ],
                [
                    -0.04457384720444679,
                    0.9987170696258545,
                    -0.02402978017926216
                ],
                [
                    -0.15024814009666443,
                    0.017078230157494545,
                    0.9885007739067078
                ]
            ]
        ],
        [
            -0.03873029708862305,
            0.0070163064002990725,
            1.088666259765625,
            null,
            null,
            null,
            [
                [
                    0.9865488409996033,
                    0.07203683257102966,
                    0.14673808217048645
                ],
                [
                    -0.06430917233228683,
                    0.9963151216506958,
                    -0.05674905329942703
                ],
                [
                    -0.15028539299964905,
                    0.04654910787940025,
                    0.9875462055206299
                ]
            ]
        ],
        [
            -0.024658164978027343,
            0.010387845993041992,
            1.091029296875,
            null,
            null,
            null,
            [
                [
                    0.9902501106262207,
                    0.07307027280330658,
                    0.1185978576540947
                ],
                [
                    -0.06565312296152115,
                    0.995704174041748,
                    -0.06529094278812408
                ],
                [
                    -0.12285920977592468,
                    0.056868042796850204,
                    0.9907934665679932
                ]
            ]
        ],
        [
            -0.01225451946258545,
            0.013343608856201172,
            1.0897713623046874,
            null,
            null,
            null,
            [
                [
                    0.9968045949935913,
                    0.05283027142286301,
                    0.05991252139210701
                ],
                [
                    -0.0490836501121521,
                    0.9968453645706177,
                    -0.06237097829580307
                ],
                [
                    -0.06301859021186829,
                    0.05923095718026161,
                    0.9962531328201294
                ]
            ]
        ],
        [
            -0.0063665428161621095,
            0.0083948392868042,
            1.0873687744140625,
            null,
            null,
            null,
            [
                [
                    0.9959810972213745,
                    0.08820129185914993,
                    0.015562302432954311
                ],
                [
                    -0.08660416305065155,
                    0.9927184581756592,
                    -0.08372420072555542
                ],
                [
                    -0.0228335689753294,
                    0.0820399597287178,
                    0.9963674545288086
                ]
            ]
        ],
        [
            -0.006574031352996826,
            -0.0016748548746109008,
            1.08330224609375,
            null,
            null,
            null,
            [
                [
                    0.9985214471817017,
                    0.05435840040445328,
                    -0.00017876656784210354
                ],
                [
                    -0.05404265597462654,
                    0.9923566579818726,
                    -0.1109396442770958
                ],
                [
                    -0.00585310161113739,
                    0.11078528314828873,
                    0.9938271045684814
                ]
            ]
        ],
        [
            -0.009617729187011719,
            -0.010165692329406738,
            1.0824866943359375,
            null,
            null,
            null,
            [
                [
                    0.9985463619232178,
                    0.05302197113633156,
                    0.009684969671070576
                ],
                [
                    -0.05158252269029617,
                    0.9921870827674866,
                    -0.11359578371047974
                ],
                [
                    -0.015632374212145805,
                    0.11293108016252518,
                    0.99347984790802
                ]
            ]
        ],
        [
            -0.018408321380615236,
            -0.020834476470947265,
            1.0805777587890626,
            null,
            null,
            null,
            [
                [
                    0.9952344298362732,
                    0.0691792443394661,
                    0.06872133910655975
                ],
                [
                    -0.06686372309923172,
                    0.9971323609352112,
                    -0.03544436767697334
                ],
                [
                    -0.07097627967596054,
                    0.030680492520332336,
                    0.9970060586929321
                ]
            ]
        ],
        [
            -0.02303518295288086,
            -0.035642662048339845,
            1.079724609375,
            null,
            null,
            null,
            [
                [
                    0.9925360083580017,
                    0.043890152126550674,
                    0.11378036439418793
                ],
                [
                    -0.0400526225566864,
                    0.9985560774803162,
                    -0.03579798340797424
                ],
                [
                    -0.11518725007772446,
                    0.030973585322499275,
                    0.9928607940673828
                ]
            ]
        ],
        [
            -0.02362872314453125,
            -0.044041618347167966,
            1.0809827880859375,
            null,
            null,
            null,
            [
                [
                    0.9876276850700378,
                    0.006051783449947834,
                    0.1567002236843109
                ],
                [
                    -0.005250601563602686,
                    0.9999709725379944,
                    -0.005526271183043718
                ],
                [
                    -0.15672911703586578,
                    0.004635127726942301,
                    0.9876307249069214
                ]
            ]
        ],
        [
            -0.019165409088134765,
            -0.049928451538085936,
            1.0844190673828125,
            null,
            null,
            null,
            [
                [
                    0.9841753244400024,
                    0.04706713557243347,
                    0.17083215713500977
                ],
                [
                    -0.04627828299999237,
                    0.9988915920257568,
                    -0.008599203079938889
                ],
                [
                    -0.17104753851890564,
                    0.0005573040107265115,
                    0.9852626323699951
                ]
            ]
        ],
        [
            -0.009098715782165527,
            -0.05060806655883789,
            1.0840557861328124,
            null,
            null,
            null,
            [
                [
                    0.9859000444412231,
                    0.038825079798698425,
                    0.1627688854932785
                ],
                [
                    -0.0440295971930027,
                    0.9986239671707153,
                    0.028489019721746445
                ],
                [
                    -0.16143880784511566,
                    -0.03525397554039955,
                    0.9862528443336487
                ]
            ]
        ],
        [
            0.0006345155835151673,
            -0.0481046142578125,
            1.08128271484375,
            null,
            null,
            null,
            [
                [
                    0.9914357662200928,
                    0.033605776727199554,
                    0.1261972039937973
                ],
                [
                    -0.03523467481136322,
                    0.9993218183517456,
                    0.010697003453969955
                ],
                [
                    -0.12575213611125946,
                    -0.01505190972238779,
                    0.9919474720954895
                ]
            ]
        ],
        [
            0.01147337532043457,
            -0.04580869293212891,
            1.0783095703125,
            null,
            null,
            null,
            [
                [
                    0.9935882091522217,
                    0.06469884514808655,
                    0.09271734207868576
                ],
                [
                    -0.062149327248334885,
                    0.9976119995117188,
                    -0.03012922964990139
                ],
                [
                    -0.09444525837898254,
                    0.02417372725903988,
                    0.9952365159988403
                ]
            ]
        ],
        [
            0.019227632522583006,
            -0.04278696823120117,
            1.0749224853515624,
            null,
            null,
            null,
            [
                [
                    0.995079517364502,
                    0.07667423784732819,
                    0.0627521350979805
                ],
                [
                    -0.07612466812133789,
                    0.9970364570617676,
                    -0.011105744168162346
                ],
                [
                    -0.06341768801212311,
                    0.0062741125002503395,
                    0.9979673624038696
                ]
            ]
        ],
        [
            0.021961256027221678,
            -0.04181106948852539,
            1.0706390380859374,
            null,
            null,
            null,
            [
                [
                    0.9978858232498169,
                    0.06111009046435356,
                    0.022122696042060852
                ],
                [
                    -0.06026535481214523,
                    0.9974954724311829,
                    -0.037025079131126404
                ],
                [
                    -0.0243298951536417,
                    0.03561357036232948,
                    0.9990694522857666
                ]
            ]
        ],
        [
            0.021932369232177736,
            -0.04550272750854492,
            1.06865478515625,
            null,
            null,
            null,
            [
                [
                    0.9962625503540039,
                    0.0807102844119072,
                    0.0307705570012331
                ],
                [
                    -0.07833235710859299,
                    0.9943296909332275,
                    -0.07192051410675049
                ],
                [
                    -0.03640080243349075,
                    0.06924138218164444,
                    0.9969356060028076
                ]
            ]
        ],
        [
            0.019543272018432617,
            -0.04705731964111328,
            1.065328125,
            null,
            null,
            null,
            [
                [
                    0.9957782626152039,
                    0.08193681389093399,
                    0.04137670248746872
                ],
                [
                    -0.07921016216278076,
                    0.9948192834854126,
                    -0.06372098624706268
                ],
                [
                    -0.04638343304395676,
                    0.06017451733350754,
                    0.9971096515655518
                ]
            ]
        ],
        [
            0.015522448539733887,
            -0.0551352653503418,
            1.0657110595703125,
            null,
            null,
            null,
            [
                [
                    0.9954273104667664,
                    0.06931647658348083,
                    0.06572426855564117
                ],
                [
                    -0.06400534510612488,
                    0.9947590827941895,
                    -0.07973506301641464
                ],
                [
                    -0.07090676575899124,
                    0.07516375929117203,
                    0.9946469664573669
                ]
            ]
        ],
        [
            0.012826780319213867,
            -0.06321277618408203,
            1.06636865234375,
            null,
            null,
            null,
            [
                [
                    0.9905078411102295,
                    0.09686287492513657,
                    0.09752818942070007
                ],
                [
                    -0.09082841873168945,
                    0.9937736392021179,
                    -0.064530149102211
                ],
                [
                    -0.10317151993513107,
                    0.055059291422367096,
                    0.9931384921073914
                ]
            ]
        ],
        [
            0.015601210594177246,
            -0.07591408538818359,
            1.062828125,
            null,
            null,
            null,
            [
                [
                    0.9794638752937317,
                    0.11046838015317917,
                    0.16866306960582733
                ],
                [
                    -0.10409051179885864,
                    0.9934929609298706,
                    -0.04622625187039375
                ],
                [
                    -0.1726721227169037,
                    0.02772071771323681,
                    0.9845892190933228
                ]
            ]
        ],
        [
            0.02483778190612793,
            -0.08753054809570313,
            1.060657958984375,
            null,
            null,
            null,
            [
                [
                    0.9757576584815979,
                    0.11055625230073929,
                    0.18887656927108765
                ],
                [
                    -0.10848614573478699,
                    0.9938698410987854,
                    -0.021296119317412376
                ],
                [
                    -0.1900731474161148,
                    0.00028936038143001497,
                    0.9817699193954468
                ]
            ]
        ],
        [
            0.037996315002441404,
            -0.10196749114990235,
            1.0601822509765626,
            null,
            null,
            null,
            [
                [
                    0.981781542301178,
                    0.12014667689800262,
                    0.14720667898654938
                ],
                [
                    -0.11572440713644028,
                    0.9925435185432434,
                    -0.03827764838933945
                ],
                [
                    -0.15070797502994537,
                    0.020544884726405144,
                    0.9883648157119751
                ]
            ]
        ],
        [
            0.05116752243041992,
            -0.11110613250732422,
            1.0630875244140625,
            null,
            null,
            null,
            [
                [
                    0.9890413880348206,
                    0.09702564030885696,
                    0.11127962917089462
                ],
                [
                    -0.10069843381643295,
                    0.9945268034934998,
                    0.027860598638653755
                ],
                [
                    -0.10796738415956497,
                    -0.038760971277952194,
                    0.9933985471725464
                ]
            ]
        ],
        [
            0.05893878555297852,
            -0.11661244201660156,
            1.066690185546875,
            null,
            null,
            null,
            [
                [
                    0.9924699664115906,
                    0.10898716002702713,
                    0.05590358003973961
                ],
                [
                    -0.11108023673295975,
                    0.9931663870811462,
                    0.03580120578408241
                ],
                [
                    -0.05161968618631363,
                    -0.04174140468239784,
                    0.9977940917015076
                ]
            ]
        ],
        [
            0.060328933715820314,
            -0.12194490051269531,
            1.0701805419921875,
            null,
            null,
            null,
            [
                [
                    0.99614417552948,
                    0.0876295268535614,
                    -0.00422948133200407
                ],
                [
                    -0.08745155483484268,
                    0.9956589937210083,
                    0.031865835189819336
                ],
                [
                    0.007003508973866701,
                    -0.03137309104204178,
                    0.9994832277297974
                ]
            ]
        ],
        [
            0.05439089584350586,
            -0.11974041748046875,
            1.0687899169921875,
            null,
            null,
            null,
            [
                [
                    0.9945653080940247,
                    0.09926033020019531,
                    -0.03141992166638374
                ],
                [
                    -0.09754955023527145,
                    0.9938730597496033,
                    0.05196612328290939
                ],
                [
                    0.036385584622621536,
                    -0.048618707805871964,
                    0.9981544613838196
                ]
            ]
        ],
        [
            0.04239135360717773,
            -0.11991548919677734,
            1.066550537109375,
            null,
            null,
            null,
            [
                [
                    0.996189296245575,
                    0.08685503900051117,
                    -0.00794373732060194
                ],
                [
                    -0.08687026798725128,
                    0.9962183833122253,
                    -0.0015923448372632265
                ],
                [
                    0.0077753933146595955,
                    0.0022763514425605536,
                    0.9999671578407288
                ]
            ]
        ],
        [
            0.027694677352905272,
            -0.12152482604980469,
            1.064423095703125,
            null,
            null,
            null,
            [
                [
                    0.992864727973938,
                    0.11767146736383438,
                    0.01931401900947094
                ],
                [
                    -0.11693432182073593,
                    0.9924989938735962,
                    -0.03566606342792511
                ],
                [
                    -0.02336602285504341,
                    0.03315310552716255,
                    0.999177098274231
                ]
            ]
        ],
        [
            0.013438156127929687,
            -0.12278862762451172,
            1.0605308837890626,
            null,
            null,
            null,
            [
                [
                    0.9917230606079102,
                    0.10738505423069,
                    0.07038334012031555
                ],
                [
                    -0.10429394990205765,
                    0.9934718012809753,
                    -0.04622269049286842
                ],
                [
                    -0.07488749176263809,
                    0.03849954903125763,
                    0.9964485168457031
                ]
            ]
        ],
        [
            0.017184953689575195,
            -0.1280871124267578,
            1.0725802001953124,
            null,
            null,
            null,
            [
                [
                    0.9679372906684875,
                    -0.12385868281126022,
                    0.21853233873844147
                ],
                [
                    0.13934111595153809,
                    0.9886107444763184,
                    -0.05685863271355629
                ],
                [
                    -0.20900097489356995,
                    0.08548613637685776,
                    0.9741718173027039
                ]
            ]
        ],
        [
            0.057543079376220704,
            -0.13994410705566407,
            1.1298330078125,
            null,
            null,
            null,
            [
                [
                    0.71359783411026,
                    -0.5405095219612122,
                    0.4456764757633209
                ],
                [
                    0.633995532989502,
                    0.7689127326011658,
                    -0.08260075747966766
                ],
                [
                    -0.29803982377052307,
                    0.3415006399154663,
                    0.8913751244544983
                ]
            ]
        ],
        [
            0.12293781280517578,
            -0.12344563293457031,
            1.21130517578125,
            null,
            null,
            null,
            [
                [
                    0.35730284452438354,
                    -0.8862841725349426,
                    0.29467782378196716
                ],
                [
                    0.8915475606918335,
                    0.4176734387874603,
                    0.17519091069698334
                ],
                [
                    -0.27834802865982056,
                    0.20012310147285461,
                    0.9394003748893738
                ]
            ]
        ],
        [
            0.1852869873046875,
            -0.09777357482910157,
            1.296579833984375,
            null,
            null,
            null,
            [
                [
                    0.18094217777252197,
                    -0.9720850586891174,
                    0.14936703443527222
                ],
                [
                    0.9135044813156128,
                    0.22238394618034363,
                    0.3406684100627899
                ],
                [
                    -0.364375501871109,
                    0.07480616867542267,
                    0.9282426834106445
                ]
            ]
        ],
        [
            0.241391845703125,
            -0.06446260070800781,
            1.3689754638671876,
            null,
            null,
            null,
            [
                [
                    0.156041219830513,
                    -0.9869998693466187,
                    -0.03850245103240013
                ],
                [
                    0.9683019518852234,
                    0.1451554298400879,
                    0.20327624678611755
                ],
                [
                    -0.19504478573799133,
                    -0.06900147348642349,
                    0.978364109992981
                ]
            ]
        ],
        [
            0.26488775634765627,
            -0.03293117904663086,
            1.4171717529296874,
            null,
            null,
            null,
            [
                [
                    0.12837345898151398,
                    -0.9690302014350891,
                    -0.21095207333564758
                ],
                [
                    0.986014723777771,
                    0.10191778838634491,
                    0.13186268508434296
                ],
                [
                    -0.1062791496515274,
                    -0.22492951154708862,
                    0.9685615301132202
                ]
            ]
        ],
        [
            0.2699945983886719,
            -0.010593310356140136,
            1.444294189453125,
            null,
            null,
            null,
            [
                [
                    0.1448109745979309,
                    -0.9606530666351318,
                    -0.23701372742652893
                ],
                [
                    0.9893088936805725,
                    0.13639670610427856,
                    0.05161245912313461
                ],
                [
                    -0.017253771424293518,
                    -0.24195383489131927,
                    0.9701343178749084
                ]
