{
    "radius": 0.2,
    "angular_speed": 12,
    "save_freq": 0.1,
    "pid_gains": {
        "pid_rate": {
            "roll_kp": "50.0",
            "roll_ki": "0.0",
            "roll_kd": "0.0",
            "pitch_kp": "50.0",
            "pitch_ki": "0.0",
            "pitch_kd": "0.0",
            "yaw_kp": "80.0",
            "yaw_ki": "0.0",
            "yaw_kd": "0.0"
        },
        "pid_attitude": {
            "roll_kp": "10.0",
            "roll_ki": "0.5",
            "roll_kd": "0.5",
            "pitch_kp": "13.0",
            "pitch_ki": "0.5",
            "pitch_kd": "1.5",
            "yaw_kp": "8.0",
            "yaw_ki": "0.5",
            "yaw_kd": "0.5"
        },
        "velCtlPid": {
            "vxKp": "15.0",
            "vxKi": "1.0",
            "vxKd": "0.0",
            "vyKp": "10.0",
            "vyKi": "1.0",
            "vyKd": "0.0",
            "vzKp": "12.5",
            "vzKi": "0.5",
            "vzKd": "0.0"
        },
        "posCtlPid": {
            "xKp": "1.5",
            "xKi": "0.20000000298023224",
            "xKd": "0.20000000298023224",
            "yKp": "1.5",
            "yKi": "0.20000000298023224",
            "yKd": "0.20000000298023224",
            "zKp": "5.0",
            "zKi": "0.5",
            "zKd": "0.0"
        }
    },
    "pose": [
        [
            0.07334246826171875,
            0.11404776000976563,
            0.2610975036621094,
            null,
            null,
            null,
            [
                [
                    0.9981416463851929,
                    0.0008208660874515772,
                    0.060930654406547546
                ],
                [
                    -0.0018254310125485063,
                    0.99986332654953,
                    0.01643318682909012
                ],
                [
                    -0.060908835381269455,
                    -0.016513872891664505,
                    0.9980067014694214
                ]
            ]
        ],
        [
            0.07325545501708984,
            0.11404753112792969,
            0.26106280517578123,
            null,
            null,
            null,
            [
                [
                    0.9983267188072205,
                    0.0029486187268048525,
                    0.057750530540943146
                ],
                [
                    -0.0039612120017409325,
                    0.999840259552002,
                    0.01742730103433132
                ],
                [
                    -0.05768992006778717,
                    -0.01762690208852291,
                    0.9981788992881775
                ]
            ]
        ],
        [
            0.07325699615478516,
            0.11074842071533203,
            0.27807620239257813,
            null,
            null,
            null,
            [
                [
                    0.9985625147819519,
                    -0.017202103510499,
                    0.0507635660469532
                ],
                [
                    0.013732501305639744,
                    0.9975960850715637,
                    0.06792251765727997
                ],
                [
                    -0.051809944212436676,
                    -0.0671277716755867,
                    0.9963983297348022
                ]
            ]
        ],
        [
            0.07178973388671875,
            0.10690657806396485,
            0.3642661437988281,
            null,
            null,
            null,
            [
                [
                    0.9996411204338074,
                    0.01194118894636631,
                    0.023980552330613136
                ],
                [
                    -0.011092262342572212,
                    0.9993177652359009,
                    -0.03522691875696182
                ],
                [
                    -0.024384843185544014,
                    0.03494827821850777,
                    0.9990915656089783
                ]
            ]
        ],
        [
            0.06582230377197265,
            0.09659297180175781,
            0.46866851806640625,
            null,
            null,
            null,
            [
                [
                    0.9997210502624512,
                    0.022601550444960594,
                    0.006851644720882177
                ],
                [
                    -0.02203029952943325,
                    0.9969895482063293,
                    -0.07434053719043732
                ],
                [
                    -0.008511229418218136,
                    0.074168860912323,
                    0.997209370136261
                ]
            ]
        ],
        [
            0.058936878204345705,
            0.07612496948242188,
            0.5843592529296875,
            null,
            null,
            null,
            [
                [
                    0.9999889135360718,
                    -0.002397781703621149,
                    -0.004048984497785568
                ],
                [
                    0.0018871922511607409,
                    0.9925644993782043,
                    -0.12170503288507462
                ],
                [
                    0.004310700111091137,
                    0.12169604003429413,
                    0.9925580620765686
                ]
            ]
        ],
        [
            0.05558869552612305,
            0.06515055847167969,
            0.630949951171875,
            null,
            null,
            null,
            [
                [
                    0.9870476722717285,
                    0.03199770674109459,
                    -0.1572037935256958
                ],
                [
                    -0.051780540496110916,
                    0.9910043478012085,
                    -0.12340667843818665
                ],
                [
                    0.1518409103155136,
                    0.12994836270809174,
                    0.9798253774642944
                ]
            ]
        ],
        [
            0.043400749206542966,
            0.025564937591552733,
            0.8162373046875,
            null,
            null,
            null,
            [
                [
                    0.9872178435325623,
                    0.012610032223165035,
                    0.15887708961963654
                ],
                [
                    0.000239832530496642,
                    0.9967463612556458,
                    -0.08060174435377121
                ],
                [
                    -0.15937654674053192,
                    0.07960958033800125,
                    0.9840027689933777
                ]
            ]
        ],
        [
            0.042633342742919925,
            0.012877501487731934,
            0.856790771484375,
            null,
            null,
            null,
            [
                [
                    0.9986553192138672,
                    0.008447643369436264,
                    0.051148150116205215
                ],
                [
                    -0.005558736622333527,
                    0.9983949065208435,
                    -0.05636219307780266
                ],
                [
                    -0.05154218152165413,
                    0.05600208789110184,
                    0.9970993995666504
                ]
            ]
        ],
        [
            0.042633342742919925,
            0.012877501487731934,
            0.856790771484375,
            null,
            null,
            null,
            [
                [
                    0.9986553192138672,
                    0.008447643369436264,
                    0.051148150116205215
                ],
                [
                    -0.005558736622333527,
                    0.9983949065208435,
                    -0.05636219307780266
                ],
                [
                    -0.05154218152165413,
                    0.05600208789110184,
                    0.9970993995666504
                ]
            ]
        ],
        [
            0.042633342742919925,
            0.012877501487731934,
            0.856790771484375,
            null,
            null,
            null,
            [
                [
                    0.9986553192138672,
                    0.008447643369436264,
                    0.051148150116205215
                ],
                [
                    -0.005558736622333527,
                    0.9983949065208435,
                    -0.05636219307780266
                ],
                [
                    -0.05154218152165413,
                    0.05600208789110184,
                    0.9970993995666504
                ]
            ]
        ],
        [
            0.033383995056152346,
            -0.028623003005981446,
            1.1298631591796875,
            null,
            null,
            null,
            [
                [
                    0.9951927065849304,
                    0.03327525034546852,
                    0.09210962802171707
                ],
                [
                    -0.04067722335457802,
                    0.9959896802902222,
                    0.07968621701002121
                ],
                [
                    -0.08908865600824356,
                    -0.08304990828037262,
                    0.9925552606582642
                ]
            ]
        ],
        [
            0.04366496658325195,
            -0.010061867713928222,
            1.284858642578125,
            null,
            null,
            null,
            [
                [
                    0.9924059510231018,
                    0.08657296001911163,
                    0.0873817428946495
                ],
                [
                    -0.09094376116991043,
                    0.9947303533554077,
                    0.04733691364526749
                ],
                [
                    -0.08282317221164703,
                    -0.05492426082491875,
                    0.9950495958328247
                ]
            ]
        ],
        [
            0.04366496658325195,
            -0.010061867713928222,
            1.284858642578125,
            null,
            null,
            null,
            [
                [
                    0.9924059510231018,
                    0.08657296001911163,
                    0.0873817428946495
                ],
                [
                    -0.09094376116991043,
                    0.9947303533554077,
                    0.04733691364526749
                ],
                [
                    -0.08282317221164703,
                    -0.05492426082491875,
                    0.9950495958328247
                ]
            ]
        ],
        [
            0.04112188720703125,
            0.02880049705505371,
            1.3147904052734376,
            null,
            null,
            null,
            [
                [
                    0.9964802265167236,
                    0.049829237163066864,
                    -0.06741096824407578
                ],
                [
                    -0.053741659969091415,
                    0.9968964457511902,
                    -0.05752641335129738
                ],
                [
                    0.06433525681495667,
                    0.06094671040773392,
                    0.9960654973983765
                ]
            ]
        ],
        [
            0.02949806785583496,
            0.05085501098632812,
            1.2849227294921874,
            null,
            null,
            null,
            [
                [
                    0.9854639172554016,
                    0.10644237697124481,
                    -0.13240420818328857
                ],
                [
                    -0.11940287798643112,
                    0.9883742928504944,
                    -0.09412328898906708
                ],
                [
                    0.1208462193608284,
                    0.10856455564498901,
                    0.9867167472839355
                ]
            ]
        ],
        [
            0.0013654793500900268,
            0.0953302993774414,
            1.1131004638671875,
            null,
            null,
            null,
            [
                [
                    0.9935381412506104,
                    0.06467331200838089,
                    -0.09326989948749542
                ],
                [
                    -0.07108181715011597,
                    0.9952106475830078,
                    -0.06710561364889145
                ],
                [
                    0.08848325163125992,
                    0.0733017772436142,
                    0.9933768510818481
                ]
            ]
        ],
        [
            -0.0006717672348022461,
            0.09816036987304687,
            1.103621826171875,
            null,
            null,
            null,
            [
                [
                    0.9933561682701111,
                    0.06614219397306442,
                    -0.09417375177145004
                ],
                [
                    -0.07305090129375458,
                    0.9947326183319092,
                    -0.071907177567482
                ],
                [
                    0.08892159909009933,
                    0.07830891758203506,
                    0.9929555058479309
                ]
            ]
        ],
        [
            -0.02464029121398926,
            0.11848418426513672,
            0.9497880859375,
            null,
            null,
            null,
            [
                [
                    0.98366379737854,
                    0.07514295727014542,
                    0.16358186304569244
                ],
                [
                    -0.05278478562831879,
                    0.9891672730445862,
                    -0.1369740515947342
                ],
                [
                    -0.17210246622562408,
                    0.1261017918586731,
                    0.9769744277000427
                ]
            ]
        ],
        [
            -0.027498262405395508,
            0.11983596038818359,
            0.90392431640625,
            null,
            null,
            null,
            [
                [
                    0.9897511601448059,
                    0.07317326217889786,
                    0.12263058125972748
                ],
                [
                    -0.057282671332359314,
                    0.9900617599487305,
                    -0.12843821942806244
                ],
                [
                    -0.13081009685993195,
                    0.12009727209806442,
                    0.9841063618659973
                ]
            ]
        ],
        [
            0.00577046537399292,
            0.0915130615234375,
            0.8514822998046875,
            null,
            null,
            null,
            [
                [
                    0.971192479133606,
                    0.11747606098651886,
                    0.20732726156711578
                ],
                [
                    -0.07732641696929932,
                    0.978321373462677,
                    -0.1921142041683197
                ],
                [
                    -0.22540152072906494,
                    0.1705479919910431,
                    0.9592223763465881
                ]
            ]
        ],
        [
            0.00577046537399292,
            0.0915130615234375,
            0.8514822998046875,
            null,
            null,
            null,
            [
                [
                    0.971192479133606,
                    0.11747606098651886,
                    0.20732726156711578
                ],
                [
                    -0.07732641696929932,
                    0.978321373462677,
                    -0.1921142041683197
                ],
                [
                    -0.22540152072906494,
                    0.1705479919910431,
                    0.9592223763465881
                ]
            ]
        ],
        [
            0.05304959487915039,
            0.04575128555297851,
            0.9101469116210937,
            null,
            null,
            null,
            [
                [
                    0.9933044910430908,
                    0.09979879856109619,
                    0.058192621916532516
                ],
                [
                    -0.09279023110866547,
                    0.98928302526474,
                    -0.11273429542779922
                ],
                [
                    -0.06881972402334213,
                    0.10657978057861328,
                    0.9919196367263794
                ]
            ]
        ],
        [
            0.07055654144287109,
            0.007847140789031983,
            0.9894141235351562,
            null,
            null,
            null,
            [
                [
                    0.9818940162658691,
                    0.1458844542503357,
                    -0.12083804607391357
                ],
                [
                    -0.15310367941856384,
                    0.9868019819259644,
                    -0.05273595452308655
                ],
                [
                    0.11154986917972565,
                    0.07028187066316605,
                    0.9912704229354858
                ]
            ]
        ],
        [
            0.06470850372314453,
            -0.012245773315429687,
            1.0509857177734374,
            null,
            null,
            null,
            [
                [
                    0.9714033603668213,
                    0.15074342489242554,
                    -0.1834445595741272
                ],
                [
                    -0.153329998254776,
                    0.9881750345230103,
                    8.512572821928188e-05
                ],
                [
                    0.18128816783428192,
                    0.028044860810041428,
                    0.9830300807952881
                ]
            ]
        ],
        [
            0.03041120147705078,
            -0.029831977844238283,
            1.12141552734375,
            null,
            null,
            null,
            [
                [
                    0.9821518063545227,
                    0.10993877798318863,
                    -0.15261483192443848
                ],
                [
                    -0.10546857118606567,
                    0.9937300086021423,
                    0.037108562886714935
                ],
                [
                    0.15573760867118835,
                    -0.020350176841020584,
                    0.9875888228416443
                ]
            ]
        ],
        [
            -0.00113940167427063,
            -0.03461948776245117,
            1.146115966796875,
            null,
            null,
            null,
            [
                [
                    0.9858002662658691,
                    0.0949602872133255,
                    -0.13849309086799622
                ],
                [
                    -0.09124286472797394,
                    0.9952829480171204,
                    0.03296276554465294
                ],
                [
                    0.14096997678279877,
                    -0.01985819637775421,
                    0.9898146986961365
                ]
            ]
        ],
        [
            -0.041278511047363284,
            -0.038145374298095704,
            1.1566629638671875,
            null,
            null,
            null,
            [
                [
                    0.996788740158081,
                    0.0792543813586235,
                    -0.011441818438470364
                ],
                [
                    -0.0794450044631958,
                    0.9966892004013062,
                    -0.017295973375439644
                ],
                [
                    0.010033155791461468,
                    0.018149428069591522,
                    0.9997849464416504
                ]
            ]
        ],
        [
            -0.06562368011474609,
            -0.037823944091796874,
            1.147791015625,
            null,
            null,
            null,
            [
                [
                    0.9964621663093567,
                    0.04675518721342087,
                    0.06983663141727448
                ],
                [
                    -0.04356468841433525,
                    0.997966468334198,
                    -0.04653068631887436
                ],
                [
                    -0.07187016308307648,
                    0.04332365468144417,
                    0.9964726567268372
                ]
            ]
        ],
        [
            -0.08533554840087891,
            -0.03299551010131836,
            1.1196529541015625,
            null,
            null,
            null,
            [
                [
                    0.9751642942428589,
                    0.05880812928080559,
                    0.21353276073932648
                ],
                [
                    -0.040225785225629807,
                    0.9950972199440002,
                    -0.09035175293684006
                ],
                [
                    -0.21779926121234894,
                    0.07951828092336655,
                    0.972748875617981
                ]
            ]
        ],
        [
            -0.08480571746826172,
            -0.031164566040039064,
            1.092536865234375,
            null,
            null,
            null,
            [
                [
                    0.9619157910346985,
                    0.028058523312211037,
                    0.27190202474594116
                ],
                [
                    0.0021969315130263567,
                    0.9938920140266418,
                    -0.1103353500366211
                ],
                [
                    -0.27333709597587585,
                    0.10673066973686218,
                    0.9559787511825562
                ]
            ]
        ],
        [
            -0.06616720581054687,
            -0.028243873596191408,
            1.0565140380859375,
            null,
            null,
            null,
            [
                [
                    0.9601698517799377,
                    0.012186949141323566,
                    0.2791510224342346
                ],
                [
                    0.00010159097291762009,
                    0.9990330934524536,
                    -0.043964412063360214
                ],
                [
                    -0.27941688895225525,
                    0.0422416627407074,
                    0.9592402577400208
                ]
            ]
        ],
        [
            -0.04950808715820312,
            -0.0281357364654541,
            1.0422513427734375,
            null,
            null,
            null,
            [
                [
                    0.9739577174186707,
                    0.0249079130589962,
                    0.22535735368728638
                ],
                [
                    -0.009969719685614109,
                    0.9976907968521118,
                    -0.06718356907367706
                ],
                [
                    -0.22651036083698273,
                    0.06318720430135727,
                    0.9719570279121399
                ]
            ]
        ],
        [
            -0.014563931465148925,
            -0.031085647583007813,
            1.037129150390625,
            null,
            null,
            null,
            [
                [
                    0.9912710785865784,
                    0.025501441210508347,
                    0.12934961915016174
                ],
                [
                    -0.014892513863742352,
                    0.9964937567710876,
                    -0.08233119547367096
                ],
                [
                    -0.13099564611911774,
                    0.07968618720769882,
                    0.9881752133369446
                ]
            ]
        ],
        [
            -0.0021026692390441895,
            -0.03392580032348633,
            1.04493212890625,
            null,
            null,
            null,
            [
                [
                    0.9998513460159302,
                    -0.00031670951284468174,
                    0.01723816618323326
                ],
                [
                    0.0014944238355383277,
                    0.9976602792739868,
                    -0.06835027039051056
                ],
                [
                    -0.0171761866658926,
                    0.06836587190628052,
                    0.9975124597549438
                ]
            ]
        ],
        [
            -0.0032013132572174074,
            -0.045115989685058595,
            1.0620146484375,
            null,
            null,
            null,
            [
                [
                    0.9964985251426697,
                    -0.026440540328621864,
                    -0.07931921631097794
                ],
                [
                    0.020070919767022133,
                    0.9965885877609253,
                    -0.0800524652004242
                ],
                [
                    0.08116525411605835,
                    0.07818014919757843,
                    0.9936297535896301
                ]
            ]
        ],
        [
            -0.015335082054138183,
            -0.05083942413330078,
            1.0686898193359375,
            null,
            null,
            null,
            [
                [
                    0.9927619695663452,
                    -0.03583832457661629,
                    -0.11462681740522385
                ],
                [
                    0.02741779386997223,
                    0.9968655109405518,
                    -0.07421166449785233
                ],
                [
                    0.1169271469116211,
                    0.0705317035317421,
                    0.9906327724456787
                ]
            ]
        ],
        [
            -0.04938967514038086,
            -0.05770983123779297,
            1.0740887451171874,
            null,
            null,
            null,
            [
                [
                    0.9979848861694336,
                    -0.025275347754359245,
                    -0.058200810104608536
                ],
                [
                    0.02188124880194664,
                    0.9980631470680237,
                    -0.05823351815342903
                ],
                [
                    0.059559959918260574,
                    0.05684266239404678,
                    0.9966049790382385
                ]
            ]
        ],
        [
            -0.07426506042480469,
            -0.062376750946044925,
            1.0757855224609374,
            null,
            null,
            null,
            [
                [
                    0.999749481678009,
                    -0.02218307927250862,
                    0.0029881754890084267
                ],
                [
                    0.02227921597659588,
                    0.9990549683570862,
                    -0.03731994330883026
                ],
                [
                    -0.0021574804559350014,
                    0.037377167493104935,
                    0.9992989301681519
                ]
            ]
        ],
        [
            -0.10276888275146484,
            -0.05521326446533203,
            1.07462109375,
            null,
            null,
            null,
            [
                [
                    0.9920874238014221,
                    -0.03906242921948433,
                    0.11931774765253067
                ],
                [
                    0.039406467229127884,
                    0.9992231130599976,
                    -0.0005244484636932611
                ],
                [
                    -0.1192045658826828,
                    0.005222189240157604,
                    0.992855966091156
                ]
            ]
        ],
        [
            -0.11154463958740235,
            -0.048281742095947267,
            1.073179931640625,
            null,
            null,
            null,
            [
                [
                    0.9780663847923279,
                    -0.030879799276590347,
                    0.20599177479743958
                ],
                [
                    0.03541044518351555,
                    0.9992045164108276,
                    -0.0183431226760149
                ],
                [
                    -0.2052614688873291,
                    0.025235053151845932,
                    0.9783818125724792
                ]
            ]
        ],
        [
            -0.10162856292724609,
            -0.03632891464233398,
            1.06540283203125,
            null,
            null,
            null,
            [
                [
                    0.9544844031333923,
                    -0.02684713341295719,
                    0.2970501184463501
                ],
                [
                    0.03199869394302368,
                    0.9994098544120789,
                    -0.012492728419601917
                ],
                [
                    -0.29653942584991455,
                    0.021429330110549927,
                    0.9547801613807678
                ]
            ]
        ],
        [
            -0.08104293060302735,
            -0.023329200744628905,
            1.05618310546875,
            null,
            null,
            null,
            [
                [
                    0.9560902118682861,
                    -0.04474882036447525,
                    0.28963613510131836
                ],
                [
                    0.06425034254789352,
                    0.9962368607521057,
                    -0.05817193537950516
                ],
                [
                    -0.28594306111335754,
                    0.07422684133052826,
                    0.9553674459457397
                ]
            ]
        ],
        [
            -0.048975830078125,
            -0.015468446731567383,
            1.04959716796875,
            null,
            null,
            null,
            [
                [
                    0.9716342091560364,
                    -0.017424529418349266,
                    0.23584602773189545
                ],
                [
                    0.040504682809114456,
                    0.9948069453239441,
                    -0.09337317198514938
                ],
                [
                    -0.23299428820610046,
                    0.10027743875980377,
                    0.9672942161560059
                ]
            ]
        ],
        [
            -0.01745051383972168,
            -0.003942894458770752,
            1.0496859130859375,
            null,
            null,
            null,
            [
                [
                    0.9920468926429749,
                    -0.04079519212245941,
                    0.11907456070184708
                ],
                [
                    0.05161799117922783,
                    0.9946690201759338,
                    -0.0892697125673294
                ],
                [
                    -0.11479800194501877,
                    0.09470612555742264,
                    0.9888640642166138
                ]
            ]
        ],
        [
            0.0023044762611389162,
            -0.0030232462882995607,
            1.054724365234375,
            null,
            null,
            null,
            [
                [
                    0.9993553757667542,
                    -0.02856389805674553,
                    0.021747570484876633
                ],
                [
                    0.030734091997146606,
                    0.9937784075737,
                    -0.10705073177814484
                ],
                [
                    -0.018554480746388435,
                    0.10765010863542557,
                    0.9940156936645508
                ]
            ]
        ],
        [
            0.00857772159576416,
            0.0027833139896392823,
            1.057706298828125,
            null,
            null,
            null,
            [
                [
                    0.9984031319618225,
                    -0.029525382444262505,
                    -0.04816064611077309
                ],
                [
                    0.026214640587568283,
                    0.9973419904708862,
                    -0.06798341125249863
                ],
                [
                    0.0500398688018322,
                    0.06661234050989151,
                    0.996523380279541
                ]
            ]
        ],
        [
            0.0006419466733932495,
            0.006650392532348633,
            1.0575018310546875,
            null,
            null,
            null,
            [
                [
                    0.9951932430267334,
                    -0.005694617982953787,
                    -0.09776481986045837
                ],
                [
                    -0.0003461280430201441,
                    0.9980971217155457,
                    -0.06166068837046623
                ],
                [
                    0.09792991727590561,
                    0.06139814108610153,
                    0.9932975172996521
                ]
            ]
        ],
        [
            -0.014126363754272462,
            0.006711083889007569,
            1.055953369140625,
            null,
            null,
            null,
            [
                [
                    0.9996037483215332,
                    -0.008318055421113968,
                    -0.026892326772212982
                ],
                [
                    0.006743522826582193,
                    0.9982869029045105,
                    -0.058118999004364014
                ],
                [
                    0.027329694479703903,
                    0.057914622128009796,
                    0.9979473948478699
                ]
            ]
        ],
        [
            -0.031148313522338867,
            0.013895593643188476,
            1.0543126220703125,
            null,
            null,
            null,
            [
                [
                    0.9969111084938049,
                    -0.026659825816750526,
                    0.07387503236532211
                ],
                [
                    0.02952711470425129,
                    0.9988415241241455,
                    -0.037996165454387665
                ],
                [
                    -0.07277648150920868,
                    0.04006011411547661,
                    0.9965434074401855
                ]
            ]
        ],
        [
            -0.041263919830322265,
            0.01651570510864258,
            1.058248046875,
            null,
            null,
            null,
            [
                [
                    0.985296368598938,
                    -0.018668780103325844,
                    0.16983088850975037
                ],
                [
                    0.028856869786977768,
                    0.9979156255722046,
                    -0.0577203668653965
                ],
                [
                    -0.16839933395385742,
                    0.061772458255290985,
                    0.9837813973426819
                ]
            ]
        ],
        [
            -0.034412784576416014,
            0.027655139923095703,
            1.084564697265625,
            null,
            null,
            null,
            [
                [
                    0.9677119851112366,
                    -0.004275280050933361,
                    0.25202223658561707
                ],
                [
                    0.015562905929982662,
                    0.9989619255065918,
                    -0.04281197115778923
                ],
                [
                    -0.25157758593559265,
                    0.04535185545682907,
                    0.9667739868164062
                ]
            ]
        ],
        [
            -0.01116625213623047,
            0.03588540267944336,
            1.1212554931640626,
            null,
            null,
            null,
            [
                [
                    0.9610028266906738,
                    -0.004315752536058426,
                    0.2765048146247864
                ],
                [
                    0.01675623655319214,
                    0.9989497661590576,
                    -0.042645081877708435
                ],
                [
                    -0.27603036165237427,
                    0.04561522603034973,
                    0.9600659012794495
                ]
            ]
        ],
        [
            0.022086244583129883,
            0.051767391204833986,
            1.1540526123046875,
            null,
            null,
            null,
            [
                [
                    0.9618642330169678,
                    0.015201518312096596,
                    0.2731046676635742
                ],
                [
                    -0.010456260293722153,
                    0.9997681379318237,
                    -0.018822424113750458
                ],
                [
                    -0.27332746982574463,
                    0.015248961746692657,
                    0.9618001580238342
                ]
            ]
        ],
        [
            0.05413938903808594,
            0.05840975570678711,
            1.173669189453125,
            null,
            null,
            null,
            [
                [
                    0.9900047183036804,
                    0.011117865331470966,
                    0.14059536159038544
                ],
                [
                    -0.0006101626204326749,
                    0.9972162842750549,
                    -0.07456044107675552
                ],
                [
                    -0.14103294909000397,
                    0.07372940331697464,
                    0.9872556328773499
                ]
            ]
        ],
        [
            0.07958277130126953,
            0.05937478637695313,
            1.1822015380859374,
            null,
            null,
            null,
            [
                [
                    0.9965807795524597,
                    0.0038445647805929184,
                    0.08253481984138489
                ],
                [
                    0.003367730649188161,
                    0.9961966872215271,
                    -0.08706820011138916
                ],
                [
                    -0.08255565166473389,
                    0.08704844862222672,
                    0.9927774667739868
                ]
            ]
        ],
        [
            0.09120252990722656,
            0.058366127014160156,
            1.183153564453125,
            null,
            null,
            null,
            [
                [
                    0.9996820092201233,
                    -0.012696772813796997,
                    -0.021786779165267944
                ],
                [
                    0.010577134788036346,
                    0.9954413175582886,
                    -0.09478780627250671
                ],
                [
                    0.022890958935022354,
                    0.0945272222161293,
                    0.9952590465545654
