{
    "radius": 0.5,
    "angular_speed": 8,
    "save_freq": 0.01,
    "pid_gains": {
        "pid_rate": {
            "roll_kp": "50.0",
            "roll_ki": "0.0",
            "roll_kd": "0.0",
            "pitch_kp": "50.0",
            "pitch_ki": "0.0",
            "pitch_kd": "0.0",
            "yaw_kp": "80.0",
            "yaw_ki": "0.0",
            "yaw_kd": "0.0"
        },
        "pid_attitude": {
            "roll_kp": "10.0",
            "roll_ki": "0.5",
            "roll_kd": "0.5",
            "pitch_kp": "13.0",
            "pitch_ki": "0.5",
            "pitch_kd": "1.5",
            "yaw_kp": "8.0",
            "yaw_ki": "0.5",
            "yaw_kd": "0.5"
        },
        "velCtlPid": {
            "vxKp": "15.0",
            "vxKi": "1.0",
            "vxKd": "0.0",
            "vyKp": "10.0",
            "vyKi": "1.0",
            "vyKd": "0.0",
            "vzKp": "12.5",
            "vzKi": "0.5",
            "vzKd": "0.0"
        },
        "posCtlPid": {
            "xKp": "1.5",
            "xKi": "0.20000000298023224",
            "xKd": "0.20000000298023224",
            "yKp": "1.5",
            "yKi": "0.20000000298023224",
            "yKd": "0.20000000298023224",
            "zKp": "5.0",
            "zKi": "0.5",
            "zKd": "0.0"
        }
    },
    "pose": [
        [
            0.05410783386230469,
            0.04147806549072266,
            0.26094293212890624,
            null,
            null,
            null,
            [
                [
                    0.9997678399085999,
                    -0.018453311175107956,
                    0.011121594347059727
                ],
                [
                    0.018039746209979057,
                    0.9991815686225891,
                    0.03620440140366554
                ],
                [
                    -0.011780583299696445,
                    -0.03599536791443825,
                    0.9992825388908386
                ]
            ]
        ],
        [
            0.054162120819091795,
            0.04146805953979492,
            0.26086968994140625,
            null,
            null,
            null,
            [
                [
                    0.9997614622116089,
                    -0.019038597121834755,
                    0.010700302198529243
                ],
                [
                    0.01864730380475521,
                    0.9991939067840576,
                    0.035549893975257874
                ],
                [
                    -0.011368497274816036,
                    -0.035341884940862656,
                    0.9993106126785278
                ]
            ]
        ],
        [
            0.054213817596435544,
            0.04148160171508789,
            0.2608756103515625,
            null,
            null,
            null,
            [
                [
                    0.9997047185897827,
                    -0.021129131317138672,
                    0.011999404057860374
                ],
                [
                    0.020680004730820656,
                    0.9991235136985779,
                    0.036394644528627396
                ],
                [
                    -0.012757874093949795,
                    -0.036135751754045486,
                    0.9992654323577881
                ]
            ]
        ],
        [
            0.054135948181152346,
            0.041461029052734376,
            0.2609424133300781,
            null,
            null,
            null,
            [
                [
                    0.9996987581253052,
                    -0.021344738081097603,
                    0.01211528480052948
                ],
                [
                    0.020884454250335693,
                    0.9990997910499573,
                    0.03692523017525673
                ],
                [
                    -0.012892537750303745,
                    -0.03666108474135399,
                    0.9992445707321167
                ]
            ]
        ],
        [
            0.05409801864624023,
            0.04147282409667969,
            0.2609660034179688,
            null,
            null,
            null,
            [
                [
                    0.9996959567070007,
                    -0.02136879600584507,
                    0.012302142567932606
                ],
                [
                    0.020913267508149147,
                    0.9991316199302673,
                    0.03603685274720192
                ],
                [
                    -0.0130615234375,
                    -0.035768620669841766,
                    0.999274730682373
                ]
            ]
        ],
        [
            0.05405544662475586,
            0.04148382949829101,
            0.26097000122070313,
            null,
            null,
            null,
            [
                [
                    0.9996965527534485,
                    -0.02145707607269287,
                    0.012098165228962898
                ],
                [
                    0.021011237055063248,
                    0.9991363883018494,
                    0.03584703803062439
                ],
                [
                    -0.012856889516115189,
                    -0.03558196499943733,
                    0.999284029006958
                ]
            ]
        ],
        [
            0.054047725677490235,
            0.04149295806884765,
            0.26100390625,
            null,
            null,
            null,
            [
                [
                    0.9997015595436096,
                    -0.021313196048140526,
                    0.01193686667829752
                ],
                [
                    0.020874012261629105,
                    0.9991416335105896,
                    0.03578133136034012
                ],
                [
                    -0.01268923468887806,
                    -0.0355214849114418,
                    0.9992883801460266
                ]
            ]
        ],
        [
            0.05397458267211914,
            0.041473674774169925,
            0.2609961853027344,
            null,
            null,
            null,
            [
                [
                    0.9996920228004456,
                    -0.021573718637228012,
                    0.012262936681509018
                ],
                [
                    0.021116066724061966,
                    0.999117910861969,
                    0.03629831597208977
                ],
                [
                    -0.01303520891815424,
                    -0.036028191447257996,
                    0.999265730381012
                ]
            ]
        ],
        [
            0.054050621032714845,
            0.04147902679443359,
            0.26098587036132814,
            null,
            null,
            null,
            [
                [
                    0.9996974468231201,
                    -0.0208856500685215,
                    0.012994048185646534
                ],
                [
                    0.020400358363986015,
                    0.9991282820701599,
                    0.03642114996910095
                ],
                [
                    -0.013743400573730469,
                    -0.03614504635334015,
                    0.9992520213127136
                ]
            ]
        ],
        [
            0.05408419418334961,
            0.04149224853515625,
            0.26096722412109374,
            null,
            null,
            null,
            [
                [
                    0.9997658729553223,
                    -0.01868569292128086,
                    0.010913440026342869
                ],
                [
                    0.018282316625118256,
                    0.9991859793663025,
                    0.0359598770737648
                ],
                [
                    -0.01157649140805006,
                    -0.03575193136930466,
                    0.9992936253547668
                ]
            ]
        ],
        [
            0.05403647994995117,
            0.0414925651550293,
            0.260874755859375,
            null,
            null,
            null,
            [
                [
                    0.9997465014457703,
                    -0.01970272697508335,
                    0.01089401077479124
                ],
                [
                    0.019299834966659546,
                    0.9991680383682251,
                    0.03592715412378311
                ],
                [
                    -0.011592810042202473,
                    -0.03570779412984848,
                    0.9992950558662415
                ]
            ]
        ],
        [
            0.054051288604736326,
            0.04147067642211914,
            0.26081134033203124,
            null,
            null,
            null,
            [
                [
                    0.9997312426567078,
                    -0.020161021500825882,
                    0.011445028707385063
                ],
                [
                    0.019723499193787575,
                    0.9991156458854675,
                    0.03713349625468254
                ],
                [
                    -0.012183557264506817,
                    -0.03689778223633766,
                    0.999244749546051
                ]
            ]
        ],
        [
            0.053895256042480466,
            0.041456989288330075,
            0.26091937255859377,
            null,
            null,
            null,
            [
                [
                    0.9997507333755493,
                    -0.019286472350358963,
                    0.011246399953961372
                ],
                [
                    0.018866240978240967,
                    0.9991611838340759,
                    0.03634541854262352
                ],
                [
                    -0.011937940493226051,
                    -0.036124181002378464,
                    0.9992759823799133
                ]
            ]
        ],
        [
            0.053844032287597654,
            0.0414223747253418,
            0.26091339111328127,
            null,
            null,
            null,
            [
                [
                    0.999624490737915,
                    -0.02542232722043991,
                    0.010224513709545135
                ],
                [
                    0.025037309154868126,
                    0.9990320205688477,
                    0.03616899251937866
                ],
                [
                    -0.011134115979075432,
                    -0.03589941933751106,
                    0.9992933869361877
                ]
            ]
        ],
        [
            0.053940597534179686,
            0.04147478103637695,
            0.26094134521484375,
            null,
            null,
            null,
            [
                [
                    0.9997038841247559,
                    -0.021191254258155823,
                    0.011960333213210106
                ],
                [
                    0.020751843228936195,
                    0.9991456866264343,
                    0.03573906049132347
                ],
                [
                    -0.012707470916211605,
                    -0.035480279475450516,
                    0.9992895722389221
                ]
            ]
        ],
        [
            0.05390485000610352,
            0.04144194412231445,
            0.26096826171875,
            null,
            null,
            null,
            [
                [
                    0.9997220635414124,
                    -0.020350489765405655,
                    0.011901186779141426
                ],
                [
                    0.01990940235555172,
                    0.9991507530212402,
                    0.03607527166604996
                ],
                [
                    -0.012625228613615036,
                    -0.035828299820423126,
                    0.99927818775177
                ]
            ]
        ],
        [
            0.053971805572509766,
            0.04129476547241211,
            0.2610147399902344,
            null,
            null,
            null,
            [
                [
                    0.9996917247772217,
                    -0.02166990377008915,
                    0.012117200531065464
                ],
                [
                    0.021226663142442703,
                    0.999141275882721,
                    0.03558368980884552
                ],
                [
                    -0.012877889908850193,
                    -0.035315513610839844,
                    0.9992932081222534
                ]
            ]
        ],
        [
            0.05408572006225586,
            0.04105160522460938,
            0.2610323791503906,
            null,
            null,
            null,
            [
                [
                    0.9996144771575928,
                    -0.024523265659809113,
                    0.013021381571888924
                ],
                [
                    0.024071387946605682,
                    0.9991388916969299,
                    0.033793844282627106
                ],
                [
                    -0.013838903978466988,
                    -0.0334673710167408,
                    0.999343991279602
                ]
            ]
        ],
        [
            0.05419658279418945,
            0.040780044555664065,
            0.2610083312988281,
            null,
            null,
            null,
            [
                [
                    0.9994866251945496,
                    -0.02926240675151348,
                    0.013048139400780201
                ],
                [
                    0.028817376121878624,
                    0.9990371465682983,
                    0.03308120742440224
                ],
                [
                    -0.014003612101078033,
                    -0.032688211649656296,
                    0.9993674755096436
                ]
            ]
        ],
        [
            0.054365234375,
            0.04073526000976563,
            0.26102786254882815,
            null,
            null,
            null,
            [
                [
                    0.9994916915893555,
                    -0.029797455295920372,
                    0.011333811096847057
                ],
                [
                    0.029410216957330704,
                    0.9990251064300537,
                    0.0329226590692997
                ],
                [
                    -0.012303773313760757,
                    -0.03257259726524353,
                    0.9993936419487
                ]
            ]
        ],
        [
            0.05453143310546875,
            0.04061056137084961,
            0.26156857299804687,
            null,
            null,
            null,
            [
                [
                    0.9994105100631714,
                    -0.034329358488321304,
                    0.0002630633534863591
                ],
                [
                    0.0343107171356678,
                    0.9990684390068054,
                    0.026172485202550888
                ],
                [
                    -0.0011613029055297375,
                    -0.026148030534386635,
                    0.999657392501831
                ]
            ]
        ],
        [
            0.05452130889892578,
            0.039745155334472655,
            0.26365554809570313,
            null,
            null,
            null,
            [
                [
                    0.9993674755096436,
                    -0.03432920202612877,
                    0.009282322600483894
                ],
                [
                    0.03372211754322052,
                    0.9976809620857239,
                    0.05912337079644203
                ],
                [
                    -0.011290454305708408,
                    -0.05877295508980751,
                    0.9982075095176697
                ]
            ]
        ],
        [
            0.054199878692626956,
            0.03940275192260742,
            0.26603668212890624,
            null,
            null,
            null,
            [
                [
                    0.9989061951637268,
                    -0.04641764238476753,
                    0.005640529561787844
                ],
                [
                    0.04634673520922661,
                    0.998852014541626,
                    0.012111067771911621
                ],
                [
                    -0.006196221336722374,
                    -0.011836400255560875,
                    0.9999107718467712
                ]
            ]
        ],
        [
            0.05396550750732422,
            0.03809395217895508,
            0.27088671875,
            null,
            null,
            null,
            [
                [
                    0.9987269639968872,
                    -0.04991626739501953,
                    0.007263547740876675
                ],
                [
                    0.04992233216762543,
                    0.9987528920173645,
                    -0.0006559708854183555
                ],
                [
                    -0.007221745327115059,
                    0.0010177490767091513,
                    0.9999734163284302
                ]
            ]
        ],
        [
            0.05298445892333985,
            0.03758082962036133,
            0.27320199584960936,
            null,
            null,
            null,
            [
                [
                    0.9994801878929138,
                    -0.031939052045345306,
                    -0.00438596261665225
                ],
                [
                    0.03186972066760063,
                    0.9993785619735718,
                    -0.015058971010148525
                ],
                [
                    0.004864206537604332,
                    0.014911363832652569,
                    0.9998769760131836
                ]
            ]
        ],
        [
            0.052208034515380856,
            0.03746099853515625,
            0.278816162109375,
            null,
            null,
            null,
            [
                [
                    0.9993624091148376,
                    -0.03469204530119896,
                    -0.008441813290119171
                ],
                [
                    0.03452625498175621,
                    0.9992222189903259,
                    -0.019050700590014458
                ],
                [
                    0.009096154943108559,
                    0.01874708943068981,
                    0.9997828602790833
                ]
            ]
        ],
        [
            0.05100971221923828,
            0.036555751800537106,
            0.29260147094726563,
            null,
            null,
            null,
            [
                [
                    0.9996175169944763,
                    -0.020221522077918053,
                    -0.018865492194890976
                ],
                [
                    0.019540634006261826,
                    0.999174952507019,
                    -0.03560353443026543
                ],
                [
                    0.01956988498568535,
                    0.035221271216869354,
                    0.9991878867149353
                ]
            ]
        ],
        [
            0.05100971221923828,
            0.036555751800537106,
            0.29260147094726563,
            null,
            null,
            null,
            [
                [
                    0.9996175169944763,
                    -0.020221522077918053,
                    -0.018865492194890976
                ],
                [
                    0.019540634006261826,
                    0.999174952507019,
                    -0.03560353443026543
                ],
                [
                    0.01956988498568535,
                    0.035221271216869354,
                    0.9991878867149353
                ]
            ]
        ],
        [
            0.05036789321899414,
            0.036046268463134766,
            0.2996372680664062,
            null,
            null,
            null,
            [
                [
                    0.9932366609573364,
                    -0.01832166500389576,
                    0.11465293169021606
                ],
                [
                    0.024050254374742508,
                    0.9985198378562927,
                    -0.04878242313861847
                ],
                [
                    -0.11358945071697235,
                    0.05120992287993431,
                    0.9922071099281311
                ]
            ]
        ],
        [
            0.048783561706542966,
            0.03509054946899414,
            0.3148873596191406,
            null,
            null,
            null,
            [
                [
                    0.9855248928070068,
                    -0.006185120437294245,
                    -0.16941797733306885
                ],
                [
                    -0.00023948866873979568,
                    0.9992824792861938,
                    -0.037874992936849594
                ],
                [
                    0.16953067481517792,
                    0.0373673215508461,
                    0.9848162531852722
                ]
            ]
        ],
        [
            0.0489017333984375,
            0.034710433959960936,
            0.325042724609375,
            null,
            null,
            null,
            [
                [
                    0.999604344367981,
                    0.0003963586932513863,
                    -0.028124291449785233
                ],
                [
                    0.0025962148793041706,
                    0.9943318963050842,
                    0.10628889501094818
                ],
                [
                    0.028007008135318756,
                    -0.106319859623909,
                    0.9939374923706055
                ]
            ]
        ],
        [
            0.04871626663208008,
            0.03577957534790039,
            0.33736181640625,
            null,
            null,
            null,
            [
                [
                    0.9994248747825623,
                    0.012336946092545986,
                    -0.03158608824014664
                ],
                [
                    -0.013880660757422447,
                    0.998695969581604,
                    -0.04912983998656273
                ],
                [
                    0.030938785523176193,
                    0.049540020525455475,
                    0.9982928037643433
                ]
            ]
        ],
        [
            0.04908233642578125,
            0.03525470352172851,
            0.34910198974609374,
            null,
            null,
            null,
            [
                [
                    0.9994676113128662,
                    0.015314390882849693,
                    -0.02880914695560932
                ],
                [
                    -0.01717967726290226,
                    0.9976945519447327,
                    -0.06565436720848083
                ],
                [
                    0.027737272903323174,
                    0.06611434370279312,
                    0.997426450252533
                ]
            ]
        ],
        [
            0.048279354095458984,
            0.033396095275878904,
            0.35879586791992185,
            null,
            null,
            null,
            [
                [
                    0.9994790554046631,
                    0.007006558123975992,
                    -0.03150484338402748
                ],
                [
                    -0.009294350631535053,
                    0.9972836971282959,
                    -0.0730675607919693
                ],
                [
                    0.030907312408089638,
                    0.07332231104373932,
                    0.9968292713165283
                ]
            ]
        ],
        [
            0.04743304443359375,
            0.034828929901123046,
            0.368774658203125,
            null,
            null,
            null,
            [
                [
                    0.9994931221008301,
                    0.008710160851478577,
                    -0.030620567500591278
                ],
                [
                    -0.010162867605686188,
                    0.9988142251968384,
                    -0.04761127009987831
                ],
                [
                    0.03016955778002739,
                    0.04789832979440689,
                    0.9983965158462524
                ]
            ]
        ],
        [
            0.045981311798095705,
            0.03390846252441406,
            0.38169088745117186,
            null,
            null,
            null,
            [
                [
                    0.998814582824707,
                    -0.03416880592703819,
                    -0.03466821834445
                ],
                [
                    0.03262560814619064,
                    0.9984923601150513,
                    -0.044142946600914
                ],
                [
                    0.03612426295876503,
                    0.0429595485329628,
                    0.9984235167503357
                ]
            ]
        ],
        [
            0.04384043884277344,
            0.03402383804321289,
            0.3924788818359375,
            null,
            null,
            null,
            [
                [
                    0.9992166757583618,
                    -0.0053065475076437,
                    -0.039216384291648865
                ],
                [
                    0.003332538530230522,
                    0.9987320303916931,
                    -0.05023132264614105
                ],
                [
                    0.03943321481347084,
                    0.05006128177046776,
                    0.9979673624038696
                ]
            ]
        ],
        [
            0.04249658584594727,
            0.03683176422119141,
            0.4050091247558594,
            null,
            null,
            null,
            [
                [
                    0.9993050694465637,
                    0.012461268343031406,
                    -0.035129986703395844
                ],
                [
                    -0.013355008326470852,
                    0.9995901584625244,
                    -0.025322165340185165
                ],
                [
                    0.03480004519224167,
                    0.025773728266358376,
                    0.9990618824958801
                ]
            ]
        ],
        [
            0.04126400756835937,
            0.03528032302856445,
            0.41417886352539063,
            null,
            null,
            null,
            [
                [
                    0.9903156757354736,
                    -0.01688273809850216,
                    0.13780361413955688
                ],
                [
                    0.023808537051081657,
                    0.9985264539718628,
                    -0.04876583069562912
                ],
                [
                    -0.13677725195884705,
                    0.0515744686126709,
                    0.989258348941803
                ]
            ]
        ],
        [
            0.039928413391113284,
            0.03307358932495117,
            0.4251612243652344,
            null,
            null,
            null,
            [
                [
                    0.9990621209144592,
                    -0.02498866431415081,
                    -0.035361189395189285
                ],
                [
                    0.017159752547740936,
                    0.9782931804656982,
                    -0.20651401579380035
                ],
                [
                    0.03975411877036095,
                    0.20571354031562805,
                    0.9778044819831848
                ]
            ]
        ],
        [
            0.03914053726196289,
            0.03357219696044922,
            0.43682525634765623,
            null,
            null,
            null,
            [
                [
                    0.9784694910049438,
                    -0.017694927752017975,
                    -0.20563162863254547
                ],
                [
                    0.01077338494360447,
                    0.9993386268615723,
                    -0.034731023013591766
                ],
                [
                    0.20611019432544708,
                    0.03176789730787277,
                    0.9780129790306091
                ]
            ]
        ],
        [
            0.038581642150878906,
            0.03224931335449219,
            0.44938104248046873,
            null,
            null,
            null,
            [
                [
                    0.9999464154243469,
                    0.007397935260087252,
                    -0.007242733146995306
                ],
                [
                    -0.006376588251441717,
                    0.9912168383598328,
                    0.13209262490272522
                ],
                [
                    0.008156332187354565,
                    -0.13203935325145721,
                    0.9912109375
                ]
            ]
        ],
        [
            0.03741968536376953,
            0.03425929641723633,
            0.47817047119140627,
            null,
            null,
            null,
            [
                [
                    0.9999659657478333,
                    0.0049137333407998085,
                    -0.006629046518355608
                ],
                [
                    -0.005129468161612749,
                    0.9994445443153381,
                    -0.032929256558418274
                ],
                [
                    0.006463558878749609,
                    0.0329621396958828,
                    0.9994357228279114
                ]
            ]
        ],
        [
            0.036401218414306644,
            0.031104347229003907,
            0.4903335266113281,
            null,
            null,
            null,
            [
                [
                    0.9999171495437622,
                    -0.012761813588440418,
                    -0.0016832075780257583
                ],
                [
                    0.012636473402380943,
                    0.9980843663215637,
                    -0.060563161969184875
                ],
                [
                    0.0024528789799660444,
                    0.06053687259554863,
                    0.9981629252433777
                ]
            ]
        ],
        [
            0.035162315368652344,
            0.027988157272338866,
            0.5016011962890625,
            null,
            null,
            null,
            [
                [
                    0.9997285604476929,
                    -0.02327072247862816,
                    -0.0011137824039906263
                ],
                [
                    0.023143788799643517,
                    0.9974831342697144,
                    -0.06702017784118652
                ],
                [
                    0.0026705870404839516,
                    0.06697620451450348,
                    0.997750997543335
                ]
            ]
        ],
        [
            0.03432360076904297,
            0.02890960884094238,
            0.5144602661132812,
            null,
            null,
            null,
            [
                [
                    0.999316394329071,
                    -0.03466560319066048,
                    0.012847046367824078
                ],
                [
                    0.035266365855932236,
                    0.9981297850608826,
                    -0.049932628870010376
                ],
                [
                    -0.011092075146734715,
                    0.05035156384110451,
                    0.9986699819564819
                ]
            ]
        ],
        [
            0.032371410369873045,
            0.024685577392578126,
            0.5270125732421875,
            null,
            null,
            null,
            [
                [
                    0.9987481236457825,
                    -0.04968352988362312,
                    0.005810349714010954
                ],
                [
                    0.04997009038925171,
                    0.9962525367736816,
                    -0.0705965906381607
                ],
                [
                    -0.0022810879163444042,
                    0.07079855352640152,
                    0.9974880218505859
                ]
            ]
        ],
        [
            0.031235286712646484,
            0.024951162338256835,
            0.5364276733398438,
            null,
            null,
            null,
            [
                [
                    0.9833176136016846,
                    -0.030209830030798912,
                    0.17937058210372925
                ],
                [
                    0.0423402339220047,
                    0.9970391988754272,
                    -0.06418842077255249
                ],
                [
                    -0.17690037190914154,
                    0.07071220129728317,
                    0.9816852807998657
                ]
            ]
        ],
        [
            0.031235286712646484,
            0.024951162338256835,
            0.5364276733398438,
            null,
            null,
            null,
            [
                [
                    0.9833176136016846,
                    -0.030209830030798912,
                    0.17937058210372925
                ],
                [
                    0.0423402339220047,
                    0.9970391988754272,
                    -0.06418842077255249
                ],
                [
                    -0.17690037190914154,
                    0.07071220129728317,
                    0.9816852807998657
                ]
            ]
        ],
        [
            0.02801754379272461,
            0.02482268524169922,
            0.5620095825195313,
            null,
            null,
            null,
            [
                [
                    0.9853575825691223,
                    -0.013489484786987305,
                    -0.169965922832489
                ],
                [
                    8.004688424989581e-05,
                    0.99690181016922,
                    -0.07865586876869202
                ],
                [
                    0.17050036787986755,
                    0.07749055325984955,
                    0.9823058843612671
                ]
            ]
        ],
        [
            0.026400831222534178,
            0.020998153686523437,
            0.573806396484375,
            null,
            null,
            null,
            [
                [
                    0.9999133348464966,
                    -0.0058646793477237225,
                    0.011787178926169872
                ],
                [
                    0.004903093911707401,
                    0.9967817068099976,
                    0.08001375198364258
                ],
                [
                    -0.01221849862486124,
                    -0.0799490213394165,
                    0.9967240691184998
                ]
            ]
        ],
        [
            0.025327098846435546,
            0.020128515243530272,
            0.5898076782226562,
            null,
            null,
            null,
            [
                [
                    0.9999271035194397,
                    0.0034826723858714104,
                    0.011560536921024323
                ],
                [
                    -0.0025323149748146534,
                    0.996692419052124,
                    -0.08122657984495163
                ],
                [
                    -0.011805185116827488,
                    0.08119138330221176,
                    0.9966286420822144
                ]
            ]
        ],
        [
            0.024338972091674804,
            0.01705558204650879,
            0.6016527709960937,
            null,
            null,
            null,
            [
                [
                    0.9996748566627502,
                    0.02463778480887413,
                    0.006569459568709135
                ],
                [
                    -0.023959798738360405,
                    0.9957818388938904,
                    -0.08856897801160812
                ],
                [
                    -0.008723891340196133,
                    0.0883827805519104,
                    0.9960483908653259
                ]
            ]
        ],
        [
            0.024227394104003906,
            0.016933082580566406,
            0.615151611328125,
            null,
            null,
            null,
            [
                [
                    0.9996281266212463,
                    0.023938186466693878,
                    0.013062519021332264
                ],
                [
                    -0.022933870553970337,
                    0.9971218705177307,
                    -0.07226381450891495
                ],
                [
                    -0.01475478708744049,
                    0.07193736732006073,
                    0.9973000288009644
                ]
            ]
        ],
        [
            0.023650522232055663,
            0.019683712005615233,
            0.6282752685546875,
            null,
            null,
            null,
            [
                [
                    0.9996542930603027,
                    -0.011883541941642761,
                    0.023453684523701668
                ],
                [
                    0.013365382328629494,
                    0.9978558421134949,
                    -0.064070925116539
                ],
                [
                    -0.02264200523495674,
                    0.06436224281787872,
                    0.9976696968078613
                ]
            ]
        ],
        [
            0.02275904655456543,
            0.017157135009765626,
            0.6402494506835937,
            null,
            null,
            null,
            [
                [
                    0.9998512268066406,
                    -0.0062783448956906796,
                    0.01606559380888939
                ],
                [
                    0.007434884086251259,
                    0.997306227684021,
                    -0.07297242432832718
                ],
                [
                    -0.015564171597361565,
                    0.07308101654052734,
                    0.9972045421600342
                ]
            ]
        ],
        [
            0.022634824752807616,
            0.01238892364501953,
            0.6661434936523437,
            null,
            null,
            null,
            [
                [
                    0.9987099766731262,
                    -0.03703023120760918,
                    0.03474466875195503
                ],
                [
                    0.03954508900642395,
                    0.9964194893836975,
                    -0.07472887635231018
                ],
                [
                    -0.03185303881764412,
