{
    "radius": 0.5,
    "angular_speed": 10,
    "save_freq": 0.1,
    "pid_gains": {
        "pid_rate": {
            "roll_kp": "50.0",
            "roll_ki": "0.0",
            "roll_kd": "0.0",
            "pitch_kp": "50.0",
            "pitch_ki": "0.0",
            "pitch_kd": "0.0",
            "yaw_kp": "80.0",
            "yaw_ki": "0.0",
            "yaw_kd": "0.0"
        },
        "pid_attitude": {
            "roll_kp": "10.0",
            "roll_ki": "0.5",
            "roll_kd": "0.5",
            "pitch_kp": "13.0",
            "pitch_ki": "0.5",
            "pitch_kd": "1.5",
            "yaw_kp": "8.0",
            "yaw_ki": "0.5",
            "yaw_kd": "0.5"
        },
        "velCtlPid": {
            "vxKp": "15.0",
            "vxKi": "1.0",
            "vxKd": "0.0",
            "vyKp": "10.0",
            "vyKi": "1.0",
            "vyKd": "0.0",
            "vzKp": "12.5",
            "vzKi": "0.5",
            "vzKd": "0.0"
        },
        "posCtlPid": {
            "xKp": "1.5",
            "xKi": "0.20000000298023224",
            "xKd": "0.20000000298023224",
            "yKp": "1.5",
            "yKi": "0.20000000298023224",
            "yKd": "0.20000000298023224",
            "zKp": "5.0",
            "zKi": "0.5",
            "zKd": "0.0"
        }
    },
    "pose": [
        [
            0.11371855926513671,
            -0.0037235450744628907,
            0.2598495178222656,
            null,
            null,
            null,
            [
                [
                    0.9965275526046753,
                    -0.04559680446982384,
                    0.0696692243218422
                ],
                [
                    0.0437440425157547,
                    0.9986533522605896,
                    0.027892619371414185
                ],
                [
                    -0.07084721326828003,
                    -0.024748150259256363,
                    0.9971801042556763
                ]
            ]
        ],
        [
            0.1140821533203125,
            -0.004015271663665772,
            0.25974334716796876,
            null,
            null,
            null,
            [
                [
                    0.9961915016174316,
                    -0.05085435509681702,
                    0.07082615792751312
                ],
                [
                    0.049114976078271866,
                    0.998452365398407,
                    0.02608824521303177
                ],
                [
                    -0.07204324752092361,
                    -0.022510262206196785,
                    0.9971474409103394
                ]
            ]
        ],
        [
            0.1118162841796875,
            -0.00020692472159862519,
            0.27767529296875,
            null,
            null,
            null,
            [
                [
                    0.9959656596183777,
                    -0.07462889701128006,
                    0.04982893168926239
                ],
                [
                    0.07334350049495697,
                    0.9969372153282166,
                    0.02714712545275688
                ],
                [
                    -0.05170227587223053,
                    -0.023382974788546562,
                    0.9983887672424316
                ]
            ]
        ],
        [
            0.10534373474121093,
            0.012683018684387207,
            0.3566896057128906,
            null,
            null,
            null,
            [
                [
                    0.999321699142456,
                    -0.036778293550014496,
                    0.0018806335283443332
                ],
                [
                    0.036742888391017914,
                    0.9991921186447144,
                    0.01627926528453827
                ],
                [
                    -0.0024778377264738083,
                    -0.016199123114347458,
                    0.999865710735321
                ]
            ]
        ],
        [
            0.0923902587890625,
            0.01948316764831543,
            0.46103558349609375,
            null,
            null,
            null,
            [
                [
                    0.9994269609451294,
                    -0.033562615513801575,
                    0.004396015778183937
                ],
                [
                    0.03372342884540558,
                    0.9984670281410217,
                    -0.04388979822397232
                ],
                [
                    -0.00291622057557106,
                    0.044012896716594696,
                    0.9990267157554626
                ]
            ]
        ],
        [
            0.07673764038085938,
            0.022043510437011717,
            0.5767395629882812,
            null,
            null,
            null,
            [
                [
                    0.9998623728752136,
                    -0.01619677245616913,
                    0.0035989743191748857
                ],
                [
                    0.016432084143161774,
                    0.9966858625411987,
                    -0.0796697810292244
                ],
                [
                    -0.00229665357619524,
                    0.07971794903278351,
                    0.9968147873878479
                ]
            ]
        ],
        [
            0.06114616394042969,
            0.010840060234069825,
            0.6936182250976562,
            null,
            null,
            null,
            [
                [
                    0.9829790592193604,
                    -0.053696159273386,
                    0.17569540441036224
                ],
                [
                    0.07665559649467468,
                    0.9889853000640869,
                    -0.1266176402568817
                ],
                [
                    -0.16696128249168396,
                    0.13793052732944489,
                    0.97626793384552
                ]
            ]
        ],
        [
            0.04777590179443359,
            -0.0028148889541625977,
            0.8134371337890625,
            null,
            null,
            null,
            [
                [
                    0.9962978363037109,
                    -0.05345286801457405,
                    0.06733030825853348
                ],
                [
                    0.0682450458407402,
                    0.9680449962615967,
                    -0.24131201207637787
                ],
                [
                    -0.05227994918823242,
                    0.24501359462738037,
                    0.9681090712547302
                ]
            ]
        ],
        [
            0.03756327438354492,
            -0.021664993286132812,
            0.9290435180664063,
            null,
            null,
            null,
            [
                [
                    0.9935407638549805,
                    -0.057442519813776016,
                    0.09786295145750046
                ],
                [
                    0.049749620258808136,
                    0.9956074357032776,
                    0.07931425422430038
                ],
                [
                    -0.10198909044265747,
                    -0.07393329590559006,
                    0.9920343160629272
                ]
            ]
        ],
        [
            0.03116061019897461,
            -0.03151974868774414,
            1.0386492919921875,
            null,
            null,
            null,
            [
                [
                    0.9940343499183655,
                    -0.03418516367673874,
                    0.10357189923524857
                ],
                [
                    0.0350998193025589,
                    0.999359130859375,
                    -0.007020934484899044
                ],
                [
                    -0.10326551645994186,
                    0.010614404454827309,
                    0.9945971965789795
                ]
            ]
        ],
        [
            0.03656700897216797,
            -0.033560165405273436,
            1.1171026611328125,
            null,
            null,
            null,
            [
                [
                    0.9913856983184814,
                    -0.01693977415561676,
                    0.1298746019601822
                ],
                [
                    0.009630149230360985,
                    0.9983445405960083,
                    0.05670499801635742
                ],
                [
                    -0.13062018156051636,
                    -0.05496581271290779,
                    0.9899076223373413
                ]
            ]
        ],
        [
            0.043727500915527344,
            -0.030941856384277343,
            1.1563250732421875,
            null,
            null,
            null,
            [
                [
                    0.9911922812461853,
                    -0.015976227819919586,
                    0.13146333396434784
                ],
                [
                    0.007188693154603243,
                    0.9977237582206726,
                    0.06704901158809662
                ],
                [
                    -0.13223528861999512,
                    -0.06551340967416763,
                    0.9890509843826294
                ]
            ]
        ],
        [
            0.05447493362426758,
            -0.024866809844970705,
            1.1597138671875,
            null,
            null,
            null,
            [
                [
                    0.9946507215499878,
                    -0.0023272077087312937,
                    0.10326912999153137
                ],
                [
                    0.0009634003508836031,
                    0.9999116659164429,
                    0.013254255056381226
                ],
                [
                    -0.103290855884552,
                    -0.01308386493474245,
                    0.9945651292800903
                ]
            ]
        ],
        [
            0.061732410430908206,
            -0.015539923667907714,
            1.1401759033203125,
            null,
            null,
            null,
            [
                [
                    0.999517560005188,
                    -0.006033694371581078,
                    0.0304670799523592
                ],
                [
                    0.00548789044842124,
                    0.9998235106468201,
                    0.01796650141477585
                ],
                [
                    -0.03057010844349861,
                    -0.01779063418507576,
                    0.999374270439148
                ]
            ]
        ],
        [
            0.06360283279418945,
            -0.0017753342390060425,
            1.1149857177734375,
            null,
            null,
            null,
            [
                [
                    0.9998699426651001,
                    0.00048407778376713395,
                    0.016120973974466324
                ],
                [
                    -0.00010403963824501261,
                    0.9997222423553467,
                    -0.02356664091348648
                ],
                [
                    -0.016127904877066612,
                    0.02356189861893654,
                    0.9995923042297363
                ]
            ]
        ],
        [
            0.05961370849609375,
            0.010218581199645997,
            1.092330078125,
            null,
            null,
            null,
            [
                [
                    0.9994462728500366,
                    -0.008048268035054207,
                    -0.03228616714477539
                ],
                [
                    0.005705946125090122,
                    0.9973886013031006,
                    -0.07199566066265106
                ],
                [
                    0.03278129920363426,
                    0.07177157700061798,
                    0.9968822598457336
                ]
            ]
        ],
        [
            0.048846237182617186,
            0.019004467010498047,
            1.0768917236328126,
            null,
            null,
            null,
            [
                [
                    0.999039351940155,
                    -0.028507445007562637,
                    -0.03328251838684082
                ],
                [
                    0.02696654014289379,
                    0.9985836744308472,
                    -0.04586297273635864
                ],
                [
                    0.034542813897132874,
                    0.044921401888132095,
                    0.9983931183815002
                ]
            ]
        ],
        [
            0.02982107162475586,
            0.027934072494506836,
            1.0695135498046875,
            null,
            null,
            null,
            [
                [
                    0.999318540096283,
                    -0.015065777115523815,
                    -0.03369655832648277
                ],
                [
                    0.013232107274234295,
                    0.9984536170959473,
                    -0.05399332940578461
                ],
                [
                    0.03445789963006973,
                    0.05351066216826439,
                    0.9979725480079651
                ]
            ]
        ],
        [
            0.013266057014465331,
            0.03043976020812988,
            1.0716474609375,
            null,
            null,
            null,
            [
                [
                    0.9999057054519653,
                    -0.004839214030653238,
                    0.01284931879490614
                ],
                [
                    0.005696287844330072,
                    0.9977012872695923,
                    -0.06752581149339676
                ],
                [
                    -0.012493009679019451,
                    0.06759264320135117,
                    0.997634768486023
                ]
            ]
        ],
        [
            0.0010083585977554322,
            0.037852294921875,
            1.077491943359375,
            null,
            null,
            null,
            [
                [
                    0.9972272515296936,
                    -0.035008467733860016,
                    0.06566758453845978
                ],
                [
                    0.03669464588165283,
                    0.9990224838256836,
                    -0.024649199098348618
                ],
                [
                    -0.06474045664072037,
                    0.026990501210093498,
                    0.9975370764732361
                ]
            ]
        ],
        [
            -0.006827957153320312,
            0.04074218368530273,
            1.0846807861328125,
            null,
            null,
            null,
            [
                [
                    0.9942576289176941,
                    -0.00781466718763113,
                    0.10672708600759506
                ],
                [
                    0.015479057095944881,
                    0.9973437786102295,
                    -0.07117462903261185
                ],
                [
                    -0.10588738322257996,
                    0.07241795212030411,
                    0.9917376041412354
                ]
            ]
        ],
        [
            -0.006874188899993896,
            0.042448619842529296,
            1.089268798828125,
            null,
            null,
            null,
            [
                [
                    0.9900543689727783,
                    0.016566915437579155,
                    0.13970628380775452
                ],
                [
                    -0.01205061562359333,
                    0.99937903881073,
                    -0.033111345022916794
                ],
                [
                    -0.14016808569431305,
                    0.031098486855626106,
                    0.9896392226219177
                ]
            ]
        ],
        [
            -0.00036637970805168153,
            0.04567257690429687,
            1.0892288818359375,
            null,
            null,
            null,
            [
                [
                    0.991557776927948,
                    -0.00856036227196455,
                    0.1293826550245285
                ],
                [
                    0.013591326773166656,
                    0.9991833567619324,
                    -0.038051579147577286
                ],
                [
                    -0.1289512664079666,
                    0.03948882222175598,
                    0.9908643960952759
                ]
            ]
        ],
        [
            0.005864504337310791,
            0.04510192108154297,
            1.086640869140625,
            null,
            null,
            null,
            [
                [
                    0.9955041408538818,
                    0.018593046814203262,
                    0.09287513047456741
                ],
                [
                    -0.011634554713964462,
                    0.9971224069595337,
                    -0.07491020858287811
                ],
                [
                    -0.0940006822347641,
                    0.0734928622841835,
                    0.9928557872772217
                ]
            ]
        ],
        [
            0.01066583251953125,
            0.048320137023925784,
            1.081068115234375,
            null,
            null,
            null,
            [
                [
                    0.9979949593544006,
                    0.03688305243849754,
                    0.05143594741821289
                ],
                [
                    -0.0351988859474659,
                    0.998826265335083,
                    -0.03327338770031929
                ],
                [
                    -0.052602801471948624,
                    0.03139618784189224,
                    0.9981218576431274
                ]
            ]
        ],
        [
            0.01343964195251465,
            0.05161587905883789,
            1.076004150390625,
            null,
            null,
            null,
            [
                [
                    0.999946653842926,
                    0.002931341528892517,
                    0.009906400926411152
                ],
                [
                    -0.0025139045901596546,
                    0.9991190433502197,
                    -0.0418909415602684
                ],
                [
                    -0.01002047024667263,
                    0.04186380282044411,
                    0.9990730881690979
                ]
            ]
        ],
        [
            0.007835716247558593,
            0.050894550323486325,
            1.0732657470703124,
            null,
            null,
            null,
            [
                [
                    0.9997614026069641,
                    0.005801771301776171,
                    -0.02105988748371601
                ],
                [
                    -0.007030003238469362,
                    0.9982495307922363,
                    -0.058723486959934235
                ],
                [
                    0.0206823218613863,
                    0.05885752663016319,
                    0.9980521202087402
                ]
            ]
        ],
        [
            -0.003867634057998657,
            0.05466661834716797,
            1.0711356201171875,
            null,
            null,
            null,
            [
                [
                    0.9986291527748108,
                    0.04325108230113983,
                    -0.029481854289770126
                ],
                [
                    -0.044451817870140076,
                    0.9981546401977539,
                    -0.041368257254362106
                ],
                [
                    0.027638228610157967,
                    0.042622070759534836,
                    0.9987089037895203
                ]
            ]
        ],
        [
            -0.013638321876525878,
            0.0586712646484375,
            1.06992578125,
            null,
            null,
            null,
            [
                [
                    0.9995670914649963,
                    0.003227140521630645,
                    0.029244553297758102
                ],
                [
                    -0.0019971670117229223,
                    0.9991160035133362,
                    -0.04199022799730301
                ],
                [
                    -0.029354210942983627,
                    0.04191364347934723,
                    0.9986899495124817
                ]
            ]
        ],
        [
            -0.027449283599853515,
            0.058625667572021485,
            1.0709775390625,
            null,
            null,
            null,
            [
                [
                    0.9976339936256409,
                    -0.03147800639271736,
                    0.06111884489655495
                ],
                [
                    0.03491108864545822,
                    0.9978235960006714,
                    -0.05594002455472946
                ],
                [
                    -0.059224944561719894,
                    0.05794139578938484,
                    0.9965617060661316
                ]
            ]
        ],
        [
            -0.03696664428710938,
            0.06521009063720704,
            1.072843017578125,
            null,
            null,
            null,
            [
                [
                    0.9929305911064148,
                    0.0328933447599411,
                    0.11404753476381302
                ],
                [
                    -0.029457662254571915,
                    0.9990638494491577,
                    -0.03168097510933876
                ],
                [
                    -0.11498286575078964,
                    0.02809743583202362,
                    0.9929700493812561
                ]
            ]
        ],
        [
            -0.035851680755615234,
            0.06640869140625,
            1.0733145751953126,
            null,
            null,
            null,
            [
                [
                    0.9904748201370239,
                    -0.004262934438884258,
                    0.13762801885604858
                ],
                [
                    0.01732882484793663,
                    0.9954328536987305,
                    -0.09387841075658798
                ],
                [
                    -0.13659925758838654,
                    0.0953691303730011,
                    0.9860250353813171
                ]
            ]
        ],
        [
            -0.02875601577758789,
            0.06537949371337891,
            1.0709049072265624,
            null,
            null,
            null,
            [
                [
                    0.9893015027046204,
                    -0.02978922799229622,
                    0.1428116410970688
                ],
                [
                    0.040193408727645874,
                    0.9966995716094971,
                    -0.07052987813949585
                ],
                [
                    -0.14023928344249725,
                    0.07551539689302444,
                    0.9872336983680725
                ]
            ]
        ],
        [
            -0.019142677307128906,
            0.06784380340576172,
            1.0670489501953124,
            null,
            null,
            null,
            [
                [
                    0.9910284876823425,
                    0.046552255749702454,
                    0.1252814680337906
                ],
                [
                    -0.04107784107327461,
                    0.9980996251106262,
                    -0.045932382345199585
                ],
                [
                    -0.12718164920806885,
                    0.04037400707602501,
                    0.9910573959350586
                ]
            ]
        ],
        [
            -0.002946209192276001,
            0.06719544982910156,
            1.06411083984375,
            null,
            null,
            null,
            [
                [
                    0.9938864707946777,
                    0.012994896620512009,
                    0.10963945090770721
                ],
                [
                    -0.00420286413282156,
                    0.9967825412750244,
                    -0.08004340529441833
                ],
                [
                    -0.11032684892416,
                    0.07909326255321503,
                    0.9907432794570923
                ]
            ]
        ],
        [
            0.01004560375213623,
            0.06460806274414063,
            1.06223779296875,
            null,
            null,
            null,
            [
                [
                    0.9981528520584106,
                    0.0021964912302792072,
                    0.06071304902434349
                ],
                [
                    0.0006185499951243401,
                    0.9989269971847534,
                    -0.046308692544698715
                ],
                [
                    -0.06074961647391319,
                    0.04626070708036423,
                    0.9970804452896118
                ]
            ]
        ],
        [
            0.013328541755676269,
            0.06364824676513672,
            1.0615579833984374,
            null,
            null,
            null,
            [
                [
                    0.9993794560432434,
                    0.03452425077557564,
                    0.0069884005934000015
                ],
                [
                    -0.03403340280056,
                    0.9975483417510986,
                    -0.061147820204496384
                ],
                [
                    -0.009082349948585033,
                    0.06087203323841095,
                    0.9981042742729187
                ]
            ]
        ],
        [
            0.015132919311523437,
            0.05908713912963867,
            1.06385595703125,
            null,
            null,
            null,
            [
                [
                    0.9986449480056763,
                    0.05137452110648155,
                    -0.008303960785269737
                ],
                [
                    -0.05192606523633003,
                    0.994279682636261,
                    -0.09333612769842148
                ],
                [
                    0.0034613602329045534,
                    0.09364084154367447,
                    0.9956000447273254
                ]
            ]
        ],
        [
            0.011260863304138183,
            0.05998979187011719,
            1.0650985107421875,
            null,
            null,
            null,
            [
                [
                    0.9999648928642273,
                    -0.007238586433231831,
                    -0.004222951363772154
                ],
                [
                    0.007097241468727589,
                    0.9994440674781799,
                    -0.03257673978805542
                ],
                [
                    0.0044564129784703255,
                    0.032545626163482666,
                    0.9994603395462036
                ]
            ]
        ],
        [
            -0.000617949903011322,
            0.05848652648925781,
            1.065876708984375,
            null,
            null,
            null,
            [
                [
                    0.9991251826286316,
                    0.04091065376996994,
                    0.008670644834637642
                ],
                [
                    -0.0403413251042366,
                    0.9975038170814514,
                    -0.05795425549149513
                ],
                [
                    -0.011019947938621044,
                    0.05755377188324928,
                    0.9982815980911255
                ]
            ]
        ],
        [
            -0.00819334888458252,
            0.053666984558105466,
            1.067673095703125,
            null,
            null,
            null,
            [
                [
                    0.998514711856842,
                    -0.005041308701038361,
                    0.05424858257174492
                ],
                [
                    0.01002456434071064,
                    0.995710015296936,
                    -0.0919838473200798
                ],
                [
                    -0.053552139550447464,
                    0.09239105135202408,
                    0.9942817091941833
                ]
            ]
        ],
        [
            -0.014064929008483888,
            0.05359525680541992,
            1.06680810546875,
            null,
            null,
            null,
            [
                [
                    0.9921260476112366,
                    -0.05318314954638481,
                    0.1133907288312912
                ],
                [
                    0.05841291695833206,
                    0.9973527193069458,
                    -0.04330703243613243
                ],
                [
                    -0.11078734695911407,
                    0.04958951845765114,
                    0.9926061630249023
                ]
            ]
        ],
        [
            -0.017270469665527345,
            0.05160595321655274,
            1.063169677734375,
            null,
            null,
            null,
            [
                [
                    0.9899587035179138,
                    0.0075230407528579235,
                    0.14115647971630096
                ],
                [
                    0.00381137290969491,
                    0.9967991709709167,
                    -0.07985508441925049
                ],
                [
                    -0.14130543172359467,
                    0.07959122955799103,
                    0.9867613911628723
                ]
            ]
        ],
        [
            -0.013077750205993652,
            0.0435738410949707,
            1.05773388671875,
            null,
            null,
            null,
            [
                [
                    0.9880480766296387,
                    0.032187215983867645,
                    0.15074819326400757
                ],
                [
                    -0.019346697255969048,
                    0.996117353439331,
                    -0.08588345348834991
                ],
                [
                    -0.1529272496700287,
                    0.08194050192832947,
                    0.9848344922065735
                ]
            ]
        ],
        [
            -0.0036457743644714357,
            0.039192066192626954,
            1.0532811279296874,
            null,
            null,
            null,
            [
                [
                    0.9906722903251648,
                    -0.017833925783634186,
                    0.13509376347064972
                ],
                [
                    0.025784609839320183,
                    0.9980220198631287,
                    -0.05733386054635048
                ],
                [
                    -0.1338040679693222,
                    0.06028240546584129,
                    0.989172637462616
                ]
            ]
        ],
        [
            0.005008830070495606,
            0.03134131622314453,
            1.0513089599609375,
            null,
            null,
            null,
            [
                [
                    0.9939109086990356,
                    0.0159442238509655,
                    0.10902712494134903
                ],
                [
                    -0.004869216121733189,
                    0.9948642253875732,
                    -0.10110118985176086
                ],
                [
                    -0.11007916182279587,
                    0.09995469450950623,
                    0.9888840317726135
                ]
            ]
        ],
        [
            0.014711860656738282,
            0.02069125175476074,
            1.049881103515625,
            null,
            null,
            null,
            [
                [
                    0.9967706203460693,
                    0.027722863480448723,
                    0.07536415755748749
                ],
                [
                    -0.023319721221923828,
                    0.9980038404464722,
                    -0.058689847588539124
                ],
                [
                    -0.07684077322483063,
                    0.056742843240499496,
                    0.9954274296760559
                ]
            ]
        ],
        [
            0.023584711074829103,
            0.01339111328125,
            1.050176513671875,
            null,
            null,
            null,
            [
                [
                    0.9989548921585083,
                    0.01914416067302227,
                    0.04150412231683731
                ],
                [
                    -0.017022576183080673,
                    0.9985595941543579,
                    -0.05088171735405922
                ],
                [
                    -0.042418427765369415,
                    0.050122037529945374,
                    0.9978418946266174
                ]
            ]
        ],
        [
            0.02480812644958496,
            0.001253262996673584,
            1.0520859375,
            null,
            null,
            null,
            [
                [
                    0.9997361898422241,
                    0.018025580793619156,
                    0.014233038760721684
                ],
                [
                    -0.01688648946583271,
                    0.996929943561554,
                    -0.07645637542009354
                ],
                [
                    -0.015567513182759285,
                    0.0761958658695221,
                    0.9969713091850281
                ]
            ]
        ],
        [
            0.022438329696655275,
            -0.006892195224761963,
            1.05275830078125,
            null,
            null,
            null,
            [
                [
                    0.9986437559127808,
                    0.051099564880132675,
                    0.009973007254302502
                ],
                [
                    -0.050712887197732925,
                    0.9980717897415161,
                    -0.035789210349321365
                ],
                [
                    -0.011782591231167316,
                    0.03523491322994232,
                    0.9993095993995667
                ]
            ]
        ],
        [
            0.025241573333740233,
            -0.022696741104125978,
            1.0711151123046876,
            null,
            null,
            null,
            [
                [
                    0.9974372982978821,
                    -0.006524908822029829,
                    0.07124801725149155
                ],
                [
                    0.012468206696212292,
                    0.9964470267295837,
                    -0.08329394459724426
                ],
                [
                    -0.07045138627290726,
                    0.08396882563829422,
                    0.9939747452735901
                ]
            ]
        ],
        [
            0.03687953567504883,
            -0.04000344467163086,
            1.1393531494140625,
            null,
            null,
            null,
            [
                [
                    0.9723678827285767,
                    0.010524808429181576,
                    0.23321637511253357
                ],
                [
                    0.016955826431512833,
                    0.9931609630584717,
                    -0.11551559716463089
                ],
                [
                    -0.23283718526363373,
                    0.1162780374288559,
                    0.9655393362045288
                ]
            ]
        ],
        [
            0.061084197998046874,
            -0.05666561126708984,
            1.22211181640625,
            null,
            null,
            null,
            [
                [
                    0.9374144673347473,
                    -0.006523861549794674,
                    0.34815454483032227
                ],
                [
                    0.04630766436457634,
                    0.9932795763015747,
                    -0.10607201606035233
                ],
                [
                    -0.3451228141784668,
                    0.11555566638708115,
                    0.9314167499542236
                ]
            ]
        ],
        [
            0.09800062561035157,
            -0.07375409698486328,
            1.31260498046875,
            null,
            null,
            null,
            [
                [
                    0.9874020218849182,
                    0.01198312733322382,
                    0.15777739882469177
                ],
                [
                    -0.002917197998613119,
                    0.9983373880386353,
                    -0.05756690725684166
                ],
                [
                    -0.15820489823818207,
                    0.05638141185045242,
                    0.985795259475708
                ]
            ]
        ],
        [
            0.1382040252685547,
            -0.08198072814941407,
            1.3918685302734375,
            null,
            null,
            null,
            [
                [
                    0.9741497039794922,
                    -0.03535204380750656,
                    0.22312013804912567
                ],
                [
                    0.01867225579917431,
                    0.9969001412391663,
                    0.07642917335033417
                ],
                [
                    -0.22513043880462646,
                    -0.0702873021364212,
                    0.971790075302124
                ]
            ]
        ],
        [
            0.17223016357421875,
            -0.08599627685546875,
            1.45768359375,
            null,
            null,
            null,
            [
                [
                    0.9928316473960876,
                    0.003541248384863138,
                    0.11946893483400345
                ],
                [
                    -0.002601902699097991,
                    0.9999644756317139,
                    -0.008017743937671185
                ],
                [
                    -0.11949308216571808,
                    0.007649423088878393,
                    0.992805540561676
                ]
            ]
        ],
        [
            0.19492793273925782,
            -0.08789290618896485,
            1.503341796875,
            null,
            null,
            null,
            [
                [
                    0.9995903372764587,
                    0.02347341738641262,
                    0.01637720875442028
                ],
                [
                    -0.023553743958473206,
                    0.9997113943099976,
                    0.004729278385639191
                ],
                [
                    -0.016261471435427666,
                    -0.0051130857318639755,
                    0.9998546838760376
                ]
