{
    "radius": 0.8,
    "angular_speed": 10,
    "save_freq": 0.01,
    "pid_gains": {
        "pid_rate": {
            "roll_kp": "50.0",
            "roll_ki": "0.0",
            "roll_kd": "0.0",
            "pitch_kp": "50.0",
            "pitch_ki": "0.0",
            "pitch_kd": "0.0",
            "yaw_kp": "80.0",
            "yaw_ki": "0.0",
            "yaw_kd": "0.0"
        },
        "pid_attitude": {
            "roll_kp": "10.0",
            "roll_ki": "0.5",
            "roll_kd": "0.5",
            "pitch_kp": "13.0",
            "pitch_ki": "0.5",
            "pitch_kd": "1.5",
            "yaw_kp": "8.0",
            "yaw_ki": "0.5",
            "yaw_kd": "0.5"
        },
        "velCtlPid": {
            "vxKp": "15.0",
            "vxKi": "1.0",
            "vxKd": "0.0",
            "vyKp": "10.0",
            "vyKi": "1.0",
            "vyKd": "0.0",
            "vzKp": "12.5",
            "vzKi": "0.5",
            "vzKd": "0.0"
        },
        "posCtlPid": {
            "xKp": "1.5",
            "xKi": "0.20000000298023224",
            "xKd": "0.20000000298023224",
            "yKp": "1.5",
            "yKi": "0.20000000298023224",
            "yKd": "0.20000000298023224",
            "zKp": "5.0",
            "zKi": "0.5",
            "zKd": "0.0"
        }
    },
    "pose": [
        [
            0.07677414703369141,
            0.03745903778076172,
            0.2625835876464844,
            null,
            null,
            null,
            [
                [
                    0.9993453621864319,
                    0.004378775600343943,
                    0.03591182455420494
                ],
                [
                    -0.005465916357934475,
                    0.9995279908180237,
                    0.030230414122343063
                ],
                [
                    -0.03576250374317169,
                    -0.03040691465139389,
                    0.9988976120948792
                ]
            ]
        ],
        [
            0.07686417388916016,
            0.03745931625366211,
            0.26257852172851565,
            null,
            null,
            null,
            [
                [
                    0.9993618130683899,
                    0.006515458691865206,
                    0.035120829939842224
                ],
                [
                    -0.007555756717920303,
                    0.9995341897010803,
                    0.02956967055797577
                ],
                [
                    -0.034911807626485825,
                    -0.029816165566444397,
                    0.9989455342292786
                ]
            ]
        ],
        [
            0.07693562316894531,
            0.03745249557495117,
            0.2625171813964844,
            null,
            null,
            null,
            [
                [
                    0.999369204044342,
                    0.004930525552481413,
                    0.035168714821338654
                ],
                [
                    -0.005937536247074604,
                    0.9995736479759216,
                    0.028586989268660545
                ],
                [
                    -0.03501277044415474,
                    -0.028777772560715675,
                    0.9989724159240723
                ]
            ]
        ],
        [
            0.0770058364868164,
            0.037418212890625,
            0.2624570617675781,
            null,
            null,
            null,
            [
                [
                    0.999371349811554,
                    0.003461606102064252,
                    0.035283397883176804
                ],
                [
                    -0.004501247312873602,
                    0.9995567202568054,
                    0.029428740963339806
                ],
                [
                    -0.03516588732600212,
                    -0.02956906147301197,
                    0.9989439845085144
                ]
            ]
        ],
        [
            0.07694361114501953,
            0.03743841171264648,
            0.2625056457519531,
            null,
            null,
            null,
            [
                [
                    0.9993672966957092,
                    0.0032195448875427246,
                    0.03542133420705795
                ],
                [
                    -0.004271235316991806,
                    0.9995510578155518,
                    0.02965538017451763
                ],
                [
                    -0.03530995547771454,
                    -0.029787909239530563,
                    0.9989323616027832
                ]
            ]
        ],
        [
            0.0768498764038086,
            0.03743755722045899,
            0.2625140686035156,
            null,
            null,
            null,
            [
                [
                    0.9993603229522705,
                    0.0030175442807376385,
                    0.03563486039638519
                ],
                [
                    -0.004075527191162109,
                    0.9995518922805786,
                    0.029654333367943764
                ],
                [
                    -0.03552940860390663,
                    -0.029780594632029533,
                    0.9989247918128967
                ]
            ]
        ],
        [
            0.07677619171142579,
            0.037433097839355466,
            0.2625908508300781,
            null,
            null,
            null,
            [
                [
                    0.999364972114563,
                    0.0023271474055945873,
                    0.035556621849536896
                ],
                [
                    -0.0033729164861142635,
                    0.9995626211166382,
                    0.029379762709140778
                ],
                [
                    -0.035472698509693146,
                    -0.029481034725904465,
                    0.9989356994628906
                ]
            ]
        ],
        [
            0.0766885986328125,
            0.037448318481445315,
            0.26261492919921875,
            null,
            null,
            null,
            [
                [
                    0.9993622303009033,
                    0.002484319033101201,
                    0.03562215343117714
                ],
                [
                    -0.003551006317138672,
                    0.999546229839325,
                    0.029912561178207397
                ],
                [
                    -0.035531677305698395,
                    -0.030019978061318398,
                    0.9989175796508789
                ]
            ]
        ],
        [
            0.0766017074584961,
            0.037463077545166014,
            0.26260601806640627,
            null,
            null,
            null,
            [
                [
                    0.9993821978569031,
                    0.0028325056191533804,
                    0.03503059968352318
                ],
                [
                    -0.003870951244607568,
                    0.9995539784431458,
                    0.029611758887767792
                ],
                [
                    -0.03493110090494156,
                    -0.029729066416621208,
                    0.9989474415779114
                ]
            ]
        ],
        [
            0.07635674285888672,
            0.03747395324707031,
            0.26263299560546877,
            null,
            null,
            null,
            [
                [
                    0.9993922114372253,
                    0.003704940667375922,
                    0.03466179221868515
                ],
                [
                    -0.004749873653054237,
                    0.9995352029800415,
                    0.030112937092781067
                ],
                [
                    -0.034534115344285965,
                    -0.030259275808930397,
                    0.9989453554153442
                ]
            ]
        ],
        [
            0.07639236450195312,
            0.037481250762939455,
            0.26262042236328126,
            null,
            null,
            null,
            [
                [
                    0.9993778467178345,
                    0.005335874855518341,
                    0.03486382216215134
                ],
                [
                    -0.00642376346513629,
                    0.9994935393333435,
                    0.031166808679699898
                ],
                [
                    -0.03467986360192299,
                    -0.03137137368321419,
                    0.9989059567451477
                ]
            ]
        ],
        [
            0.07648707580566406,
            0.03748651885986328,
            0.2626214599609375,
            null,
            null,
            null,
            [
                [
                    0.9994324445724487,
                    0.008432402275502682,
                    0.032613493502140045
                ],
                [
                    -0.009432604536414146,
                    0.9994860887527466,
                    0.030637109652161598
                ],
                [
                    -0.03233838826417923,
                    -0.030927350744605064,
                    0.9989983439445496
                ]
            ]
        ],
        [
            0.07665052795410156,
            0.03746001434326172,
            0.2625220947265625,
            null,
            null,
            null,
            [
                [
                    0.9994133710861206,
                    0.005663677118718624,
                    0.03377699851989746
                ],
                [
                    -0.0066450308077037334,
                    0.9995569586753845,
                    0.029012778773903847
                ],
                [
                    -0.03359771519899368,
                    -0.029220206663012505,
                    0.9990081787109375
                ]
            ]
        ],
        [
            0.07677780151367188,
            0.03741663360595703,
            0.262455078125,
            null,
            null,
            null,
            [
                [
                    0.9993838667869568,
                    0.00447243545204401,
                    0.03481244668364525
                ],
                [
                    -0.005511645693331957,
                    0.9995402693748474,
                    0.02981320396065712
                ],
                [
                    -0.03466310352087021,
                    -0.029986709356307983,
                    0.9989491105079651
                ]
            ]
        ],
        [
            0.07684856414794922,
            0.037404541015625,
            0.26248721313476564,
            null,
            null,
            null,
            [
                [
                    0.9993622899055481,
                    0.00702687120065093,
                    0.03500918671488762
                ],
                [
                    -0.008052675984799862,
                    0.9995397925376892,
                    0.029246697202324867
                ],
                [
                    -0.03478756174445152,
                    -0.02950996346771717,
                    0.998958945274353
                ]
            ]
        ],
        [
            0.07697422027587891,
            0.03737705612182617,
            0.26253457641601563,
            null,
            null,
            null,
            [
                [
                    0.9993443489074707,
                    0.004511523991823196,
                    0.035924281924963
                ],
                [
                    -0.0055623166263103485,
                    0.9995579719543457,
                    0.029204199090600014
                ],
                [
                    -0.03577664867043495,
                    -0.029384871944785118,
                    0.9989277124404907
                ]
            ]
        ],
        [
            0.07702040863037109,
            0.037354049682617185,
            0.2625902709960938,
            null,
            null,
            null,
            [
                [
                    0.9993205666542053,
                    0.0024067505728453398,
                    0.03677838668227196
                ],
                [
                    -0.003472302109003067,
                    0.9995752573013306,
                    0.0289358701556921
                ],
                [
                    -0.03669312223792076,
                    -0.02904391475021839,
                    0.9989044070243835
                ]
            ]
        ],
        [
            0.07702288818359375,
            0.037351696014404294,
            0.26258270263671873,
            null,
            null,
            null,
            [
                [
                    0.9993276000022888,
                    -0.0005203232285566628,
                    0.036661699414253235
                ],
                [
                    -0.0005484154098667204,
                    0.9995753169059753,
                    0.02913528122007847
                ],
                [
                    -0.036661289632320404,
                    -0.029135795310139656,
                    0.9989029169082642
                ]
            ]
        ],
        [
            0.07700730133056641,
            0.037318973541259765,
            0.262590576171875,
            null,
            null,
            null,
            [
                [
                    0.9993329644203186,
                    0.0001046817924361676,
                    0.03651801496744156
                ],
                [
                    -0.0011476860381662846,
                    0.9995919466018677,
                    0.028541570529341698
                ],
                [
                    -0.036500126123428345,
                    -0.028564443811774254,
                    0.9989253282546997
                ]
            ]
        ],
        [
            0.07696694183349609,
            0.03724376678466797,
            0.2625775146484375,
            null,
            null,
            null,
            [
                [
                    0.9993224143981934,
                    -0.0014821084914729,
                    0.03677612170577049
                ],
                [
                    0.0004105608386453241,
                    0.9995756149291992,
                    0.029127510264515877
                ],
                [
                    -0.03680368512868881,
                    -0.02909267507493496,
                    0.9988989233970642
                ]
            ]
        ],
        [
            0.07699290466308593,
            0.03696634292602539,
            0.26270257568359373,
            null,
            null,
            null,
            [
                [
                    0.9991915225982666,
                    -0.005292296409606934,
                    0.03985291346907616
                ],
                [
                    0.004031983204185963,
                    0.999491274356842,
                    0.03163834661245346
                ],
                [
                    -0.040000077337026596,
                    -0.031452082097530365,
                    0.9987045526504517
                ]
            ]
        ],
        [
            0.07724436950683594,
            0.03714241409301758,
            0.2638295288085937,
            null,
            null,
            null,
            [
                [
                    0.999332845211029,
                    -0.0007197621162049472,
                    0.03651462867856026
                ],
                [
                    0.0003277191717643291,
                    0.9999422430992126,
                    0.010741449892520905
                ],
                [
                    -0.036520250141620636,
                    -0.010722316801548004,
                    0.9992753863334656
                ]
            ]
        ],
        [
            0.07770833587646485,
            0.039638099670410154,
            0.26750665283203123,
            null,
            null,
            null,
            [
                [
                    0.9993305206298828,
                    -0.01650511845946312,
                    0.03265077620744705
                ],
                [
                    0.01434837095439434,
                    0.9977676868438721,
                    0.06522080302238464
                ],
                [
                    -0.03365436568856239,
                    -0.0647086575627327,
                    0.9973365664482117
                ]
            ]
        ],
        [
            0.07770833587646485,
            0.039638099670410154,
            0.26750665283203123,
            null,
            null,
            null,
            [
                [
                    0.9993305206298828,
                    -0.01650511845946312,
                    0.03265077620744705
                ],
                [
                    0.01434837095439434,
                    0.9977676868438721,
                    0.06522080302238464
                ],
                [
                    -0.03365436568856239,
                    -0.0647086575627327,
                    0.9973365664482117
                ]
            ]
        ],
        [
            0.07656026458740234,
            0.03865088653564453,
            0.27499301147460936,
            null,
            null,
            null,
            [
                [
                    0.9989916682243347,
                    -0.038798000663518906,
                    0.022591814398765564
                ],
                [
                    0.038419581949710846,
                    0.999117910861969,
                    0.01695031300187111
                ],
                [
                    -0.023229524493217468,
                    -0.01606525294482708,
                    0.9996010661125183
                ]
            ]
        ],
        [
            0.07625924682617187,
            0.03954290771484375,
            0.2820959777832031,
            null,
            null,
            null,
            [
                [
                    0.999642550945282,
                    -0.015696723014116287,
                    0.021642543375492096
                ],
                [
                    0.015479940921068192,
                    0.9998286962509155,
                    0.010147862136363983
                ],
                [
                    -0.02179812453687191,
                    -0.00980920996516943,
                    0.9997142553329468
                ]
            ]
        ],
        [
            0.07538534545898437,
            0.03978032684326172,
            0.28860260009765626,
            null,
            null,
            null,
            [
                [
                    0.999760091304779,
                    0.021059198305010796,
                    0.006024609319865704
                ],
                [
                    -0.021154360845685005,
                    0.9996450543403625,
                    0.01619373820722103
                ],
                [
                    -0.005681443959474564,
                    -0.016317300498485565,
                    0.9998507499694824
                ]
            ]
        ],
        [
            0.07469449615478516,
            0.0426677360534668,
            0.29578094482421874,
            null,
            null,
            null,
            [
                [
                    0.9999706745147705,
                    0.007327873259782791,
                    0.002224224852398038
                ],
                [
                    -0.007387188728898764,
                    0.9995821118354797,
                    0.027947334572672844
                ],
                [
                    -0.002018500817939639,
                    -0.02796294540166855,
                    0.9996069073677063
                ]
            ]
        ],
        [
            0.07348872375488281,
            0.04088029861450195,
            0.3051008605957031,
            null,
            null,
            null,
            [
                [
                    0.9998074173927307,
                    -0.0048051802441477776,
                    -0.019027432426810265
                ],
                [
                    0.004879307933151722,
                    0.9999806880950928,
                    0.003851317334920168
                ],
                [
                    0.019008558243513107,
                    -0.00394341628998518,
                    0.9998115301132202
                ]
            ]
        ],
        [
            0.07317789459228516,
            0.039518798828125,
            0.3113067626953125,
            null,
            null,
            null,
            [
                [
                    0.9997345805168152,
                    -0.00587718840688467,
                    -0.02227650210261345
                ],
                [
                    0.005494233686476946,
                    0.9998367428779602,
                    -0.0172133632004261
                ],
                [
                    0.02237403206527233,
                    0.01708640158176422,
                    0.9996036291122437
                ]
            ]
        ],
        [
            0.0735008316040039,
            0.04052249526977539,
            0.3193265686035156,
            null,
            null,
            null,
            [
                [
                    0.9910897612571716,
                    0.0193927101790905,
                    0.13177649676799774
                ],
                [
                    -0.015322594903409481,
                    0.9993758201599121,
                    -0.03183070942759514
                ],
                [
                    -0.13231152296066284,
                    0.029527930542826653,
                    0.9907682538032532
                ]
            ]
        ],
        [
            0.07355272674560547,
            0.04033082962036133,
            0.32956179809570313,
            null,
            null,
            null,
            [
                [
                    0.9989973902702332,
                    0.018514979630708694,
                    -0.040760695934295654
                ],
                [
                    -0.02509525790810585,
                    0.9855743050575256,
                    -0.16737225651741028
                ],
                [
                    0.03707380220293999,
                    0.16822734475135803,
                    0.9850507974624634
                ]
            ]
        ],
        [
            0.07390871429443359,
            0.042314830780029296,
            0.3396177368164062,
            null,
            null,
            null,
            [
                [
                    0.9852535128593445,
                    -5.064976903668139e-06,
                    -0.17110079526901245
                ],
                [
                    -0.002157964976504445,
                    0.9999200701713562,
                    -0.01245585735887289
                ],
                [
                    0.17108719050884247,
                    0.012641407549381256,
                    0.9851747751235962
                ]
            ]
        ],
        [
            0.07434516906738281,
            0.04001098251342773,
            0.3632227783203125,
            null,
            null,
            null,
            [
                [
                    0.999749481678009,
                    0.0028352034278213978,
                    -0.022202691063284874
                ],
                [
                    -0.004247760400176048,
                    0.9979514479637146,
                    -0.06383464485406876
                ],
                [
                    0.021976223215460777,
                    0.06391296535730362,
                    0.9977134466171265
                ]
            ]
        ],
        [
            0.07390332794189453,
            0.04289026260375976,
            0.37501373291015627,
            null,
            null,
            null,
            [
                [
                    0.999666690826416,
                    0.002215390093624592,
                    -0.025721648707985878
                ],
                [
                    -0.0031716523226350546,
                    0.9993029236793518,
                    -0.037196263670921326
                ],
                [
                    0.025621315464377403,
                    0.03726544603705406,
                    0.9989768862724304
                ]
            ]
        ],
        [
            0.07270307922363281,
            0.04156929016113281,
            0.3872562255859375,
            null,
            null,
            null,
            [
                [
                    0.999814510345459,
                    0.003308763261884451,
                    -0.018974458798766136
                ],
                [
                    -0.004131895489990711,
                    0.9990445375442505,
                    -0.04350726306438446
                ],
                [
                    0.018812375143170357,
                    0.04357759281992912,
                    0.9988729357719421
                ]
            ]
        ],
        [
            0.07087230682373047,
            0.04397866439819336,
            0.39838031005859376,
            null,
            null,
            null,
            [
                [
                    0.9995324611663818,
                    0.017165839672088623,
                    -0.025301437824964523
                ],
                [
                    -0.01830761507153511,
                    0.9987916350364685,
                    -0.04560844600200653
                ],
                [
                    0.02448795549571514,
                    0.04605032876133919,
                    0.998638927936554
                ]
            ]
        ],
        [
            0.06910453033447266,
            0.04602020263671875,
            0.41143072509765627,
            null,
            null,
            null,
            [
                [
                    0.999370813369751,
                    0.004701570607721806,
                    -0.035155367106199265
                ],
                [
                    -0.006107714492827654,
                    0.9991810917854309,
                    -0.039998188614845276
                ],
                [
                    0.03493852540850639,
                    0.04018774256110191,
                    0.9985811114311218
                ]
            ]
        ],
        [
            0.0675916976928711,
            0.04410341644287109,
            0.4229017333984375,
            null,
            null,
            null,
            [
                [
                    0.9992342591285706,
                    0.01935897022485733,
                    -0.034001827239990234
                ],
                [
                    -0.02129947766661644,
                    0.9981085658073425,
                    -0.057667866349220276
                ],
                [
                    0.03282112628221512,
                    0.058347929269075394,
                    0.9977566003799438
                ]
            ]
        ],
        [
            0.06699736022949218,
            0.043356388092041016,
            0.43103952026367187,
            null,
            null,
            null,
            [
                [
                    0.9923262596130371,
                    0.023293662816286087,
                    0.1214330643415451
                ],
                [
                    -0.01386416144669056,
                    0.9968627095222473,
                    -0.0779261589050293
                ],
                [
                    -0.12286727875471115,
                    0.0756446123123169,
                    0.9895359873771667
                ]
            ]
        ],
        [
            0.0666329574584961,
            0.04381410980224609,
            0.44320794677734376,
            null,
            null,
            null,
            [
                [
                    0.9988035559654236,
                    0.029140984639525414,
                    -0.03927116096019745
                ],
                [
                    -0.037713076919317245,
                    0.9702329039573669,
                    -0.23921911418437958
                ],
                [
                    0.031131094321608543,
                    0.24041394889354706,
                    0.9701710939407349
                ]
            ]
        ],
        [
            0.06604595947265625,
            0.04219577789306641,
            0.45554275512695314,
            null,
            null,
            null,
            [
                [
                    0.9777343273162842,
                    0.04733836650848389,
                    -0.20443755388259888
                ],
                [
                    -0.06087154522538185,
                    0.9963151812553406,
                    -0.06042070686817169
                ],
                [
                    0.20082402229309082,
                    0.07151982933282852,
                    0.977013111114502
                ]
            ]
        ],
        [
            0.06606795501708984,
            0.04342295074462891,
            0.4678460693359375,
            null,
            null,
            null,
            [
                [
                    0.9995772242546082,
                    0.028075631707906723,
                    -0.007558909244835377
                ],
                [
                    -0.027074625715613365,
                    0.993560254573822,
                    0.11002267152070999
                ],
                [
                    0.010599187575280666,
                    -0.10977150499820709,
                    0.9939003586769104
                ]
            ]
        ],
        [
            0.06560065460205078,
            0.044638080596923826,
            0.48429248046875,
            null,
            null,
            null,
            [
                [
                    0.999630868434906,
                    0.02045355923473835,
                    -0.017882201820611954
                ],
                [
                    -0.02178221009671688,
                    0.9967490434646606,
                    -0.07756892591714859
                ],
                [
                    0.01623750664293766,
                    0.07792980968952179,
                    0.9968265891075134
                ]
            ]
        ],
        [
            0.0632787857055664,
            0.03898740005493164,
            0.5077690734863282,
            null,
            null,
            null,
            [
                [
                    0.9998595714569092,
                    -0.003731705481186509,
                    -0.016336940228939056
                ],
                [
                    0.002000060398131609,
                    0.9944959878921509,
                    -0.10475564002990723
                ],
                [
                    0.01663793995976448,
                    0.10470825433731079,
                    0.9943637847900391
                ]
            ]
        ],
        [
            0.0632787857055664,
            0.03898740005493164,
            0.5077690734863282,
            null,
            null,
            null,
            [
                [
                    0.9998595714569092,
                    -0.003731705481186509,
                    -0.016336940228939056
                ],
                [
                    0.002000060398131609,
                    0.9944959878921509,
                    -0.10475564002990723
                ],
                [
                    0.01663793995976448,
                    0.10470825433731079,
                    0.9943637847900391
                ]
            ]
        ],
        [
            0.0605416145324707,
            0.03454869079589844,
            0.5328207397460938,
            null,
            null,
            null,
            [
                [
                    0.9996685981750488,
                    -0.02447168156504631,
                    -0.007992519997060299
                ],
                [
                    0.02336251735687256,
                    0.9927812814712524,
                    -0.11764154583215714
                ],
                [
                    0.010813710279762745,
                    0.11741583049297333,
                    0.9930239319801331
                ]
            ]
        ],
        [
            0.05878593826293945,
            0.035894786834716794,
            0.5456209716796875,
            null,
            null,
            null,
            [
                [
                    0.9994588494300842,
                    -0.028514930978417397,
                    -0.016397695988416672
                ],
                [
                    0.026603884994983673,
                    0.9939194321632385,
                    -0.10684759169816971
                ],
                [
                    0.019344739615917206,
                    0.1063535287976265,
                    0.9941402077674866
                ]
            ]
        ],
        [
            0.057343402862548826,
            0.037590347290039065,
            0.5590745239257813,
            null,
            null,
            null,
            [
                [
                    0.999439537525177,
                    -0.02891015075147152,
                    -0.016877152025699615
                ],
                [
                    0.02698095701634884,
                    0.9940964579582214,
                    -0.1050914004445076
                ],
                [
                    0.019815726205706596,
                    0.10457713901996613,
                    0.9943193197250366
                ]
            ]
        ],
        [
            0.056164409637451174,
            0.03429485702514649,
            0.5676913452148438,
            null,
            null,
            null,
            [
                [
                    0.987914502620697,
                    -0.04092671349644661,
                    0.1494990587234497
                ],
                [
                    0.06138598173856735,
                    0.9889540076255798,
                    -0.13491365313529968
                ],
                [
                    -0.14232611656188965,
                    0.14246028661727905,
                    0.9795143604278564
                ]
            ]
        ],
        [
            0.05491735076904297,
            0.030995899200439454,
            0.5801063232421875,
            null,
            null,
            null,
            [
                [
                    0.999359130859375,
                    -0.016606781631708145,
                    -0.03171119838953018
                ],
                [
                    0.00567894522100687,
                    0.9482086896896362,
                    -0.31759727001190186
                ],
                [
                    0.03534310311079025,
                    0.31721362471580505,
                    0.9476953148841858
                ]
            ]
        ],
        [
            0.053095046997070315,
            0.029581907272338868,
            0.5926089477539063,
            null,
            null,
            null,
            [
                [
                    0.9778581261634827,
                    0.01164521649479866,
                    -0.208944633603096
                ],
                [
                    -0.03535974770784378,
                    0.9932886958122253,
                    -0.11012369394302368
                ],
                [
                    0.20625993609428406,
                    0.11507358402013779,
                    0.9717072248458862
                ]
            ]
        ],
        [
            0.05213014221191406,
            0.02737364196777344,
            0.6044567260742187,
            null,
            null,
            null,
            [
                [
                    0.9995571970939636,
                    0.02933283895254135,
                    -0.005000881385058165
                ],
                [
                    -0.029105961322784424,
                    0.9987507462501526,
                    0.04061727970838547
                ],
                [
                    0.006186054553836584,
                    -0.04045373573899269,
                    0.9991622567176819
                ]
            ]
        ],
        [
            0.05084781646728516,
            0.026942440032958984,
            0.6215223999023437,
            null,
            null,
            null,
            [
                [
                    0.9995116591453552,
                    0.025905445218086243,
                    -0.01747555285692215
                ],
                [
                    -0.02760189212858677,
                    0.9940807819366455,
                    -0.10507866740226746
                ],
                [
                    0.01465000119060278,
                    0.10550971329212189,
                    0.9943103790283203
                ]
            ]
        ],
        [
            0.04951555252075195,
            0.027290571212768556,
            0.634294189453125,
            null,
            null,
            null,
            [
                [
                    0.9997778534889221,
                    0.009963755495846272,
                    -0.01857420988380909
                ],
                [
                    -0.012028079479932785,
                    0.9933427572250366,
                    -0.11456652730703354
                ],
                [
                    0.017309043556451797,
                    0.11476448178291321,
                    0.9932419061660767
                ]
            ]
        ],
        [
            0.04846774673461914,
            0.023454900741577148,
            0.6464304809570313,
            null,
            null,
            null,
            [
                [
                    0.999804675579071,
                    0.002617947058752179,
                    -0.019590837880969048
                ],
                [
                    -0.005387537647038698,
                    0.9897531867027283,
                    -0.14268729090690613
                ],
                [
                    0.01901654526591301,
                    0.14276495575904846,
                    0.9895738959312439
                ]
            ]
        ],
        [
            0.04800996780395508,
            0.021355138778686524,
            0.6603709106445312,
            null,
            null,
            null,
            [
                [
                    0.9999318718910217,
                    0.000958286807872355,
                    -0.011632418259978294
                ],
                [
                    -0.0025299086701124907,
                    0.9907253384590149,
                    -0.13585630059242249
                ],
                [
                    0.01139434240758419,
