{
    "radius": 0.8,
    "angular_speed": 15,
    "save_freq": 0.1,
    "pid_gains": {
        "pid_rate": {
            "roll_kp": "50.0",
            "roll_ki": "0.0",
            "roll_kd": "0.0",
            "pitch_kp": "50.0",
            "pitch_ki": "0.0",
            "pitch_kd": "0.0",
            "yaw_kp": "80.0",
            "yaw_ki": "0.0",
            "yaw_kd": "0.0"
        },
        "pid_attitude": {
            "roll_kp": "10.0",
            "roll_ki": "0.5",
            "roll_kd": "0.5",
            "pitch_kp": "13.0",
            "pitch_ki": "0.5",
            "pitch_kd": "1.5",
            "yaw_kp": "8.0",
            "yaw_ki": "0.5",
            "yaw_kd": "0.5"
        },
        "velCtlPid": {
            "vxKp": "15.0",
            "vxKi": "1.0",
            "vxKd": "0.0",
            "vyKp": "10.0",
            "vyKi": "1.0",
            "vyKd": "0.0",
            "vzKp": "12.5",
            "vzKi": "0.5",
            "vzKd": "0.0"
        },
        "posCtlPid": {
            "xKp": "1.5",
            "xKi": "0.20000000298023224",
            "xKd": "0.20000000298023224",
            "yKp": "1.5",
            "yKi": "0.20000000298023224",
            "yKd": "0.20000000298023224",
            "zKp": "5.0",
            "zKi": "0.5",
            "zKd": "0.0"
        }
    },
    "pose": [
        [
            0.3115483093261719,
            0.17390010070800782,
            0.2584471435546875,
            null,
            null,
            null,
            [
                [
                    0.9984147548675537,
                    7.146008283598348e-05,
                    0.056285109370946884
                ],
                [
                    -0.0016954693710431457,
                    0.9995836019515991,
                    0.028806041926145554
                ],
                [
                    -0.05625961348414421,
                    -0.028855806216597557,
                    0.9979990720748901
                ]
            ]
        ],
        [
            0.312758544921875,
            0.1737349853515625,
            0.25845620727539065,
            null,
            null,
            null,
            [
                [
                    0.9979865550994873,
                    -0.0015357136726379395,
                    0.06340718269348145
                ],
                [
                    -0.00019161186355631799,
                    0.9996292591094971,
                    0.027226733043789864
                ],
                [
                    -0.06342548131942749,
                    -0.02718406356871128,
                    0.9976162910461426
                ]
            ]
        ],
        [
            0.3071639709472656,
            0.17453410339355468,
            0.2717704162597656,
            null,
            null,
            null,
            [
                [
                    0.9977317452430725,
                    -0.01619109883904457,
                    0.06533923000097275
                ],
                [
                    0.014294372871518135,
                    0.9994657039642334,
                    0.029392749071121216
                ],
                [
                    -0.06578022241592407,
                    -0.028392095118761063,
                    0.997430145740509
                ]
            ]
        ],
        [
            0.289647216796875,
            0.1675928497314453,
            0.3548615112304688,
            null,
            null,
            null,
            [
                [
                    0.9872429966926575,
                    -0.04760134592652321,
                    -0.15193870663642883
                ],
                [
                    0.023557273671030998,
                    0.9874305129051208,
                    -0.15628845989704132
                ],
                [
                    0.15746845304965973,
                    0.1507154256105423,
                    0.9759551882743835
                ]
            ]
        ],
        [
            0.241415283203125,
            0.15280807495117188,
            0.4776539306640625,
            null,
            null,
            null,
            [
                [
                    0.9926719665527344,
                    -0.06454577296972275,
                    -0.10215805470943451
                ],
                [
                    0.04939064010977745,
                    0.9882737398147583,
                    -0.14448383450508118
                ],
                [
                    0.1102859377861023,
                    0.13837939500808716,
                    0.9842195510864258
                ]
            ]
        ],
        [
            0.1910604248046875,
            0.12933018493652343,
            0.59747119140625,
            null,
            null,
            null,
            [
                [
                    0.9983705878257751,
                    0.006110117770731449,
                    -0.056734777987003326
                ],
                [
                    -0.014417428523302078,
                    0.9890025854110718,
                    -0.14719392359256744
                ],
                [
                    0.055211469531059265,
                    0.14777205884456635,
                    0.9874791502952576
                ]
            ]
        ],
        [
            0.14779612731933595,
            0.0945616455078125,
            0.722989013671875,
            null,
            null,
            null,
            [
                [
                    0.9993636608123779,
                    -0.016364574432373047,
                    0.03169305622577667
                ],
                [
                    0.020412128418684006,
                    0.9910498261451721,
                    -0.131922647356987
                ],
                [
                    -0.02925053983926773,
                    0.13248562812805176,
                    0.9907532334327698
                ]
            ]
        ],
        [
            0.11401533508300782,
            0.06653353118896485,
            0.854440673828125,
            null,
            null,
            null,
            [
                [
                    0.9934741854667664,
                    -0.020845800638198853,
                    0.11213600635528564
                ],
                [
                    0.02449742518365383,
                    0.9992102384567261,
                    -0.03128541633486748
                ],
                [
                    -0.11139527708292007,
                    0.03382829949259758,
                    0.9932002425193787
                ]
            ]
        ],
        [
            0.09410896301269531,
            0.046799156188964845,
            0.98477294921875,
            null,
            null,
            null,
            [
                [
                    0.9880169630050659,
                    0.02255307137966156,
                    0.15268856287002563
                ],
                [
                    -0.029798826202750206,
                    0.9985273480415344,
                    0.045333381742239
                ],
                [
                    -0.151441290974617,
                    -0.04934009164571762,
                    0.9872340559959412
                ]
            ]
        ],
        [
            0.08581352233886719,
            0.046068458557128905,
            1.0885643310546875,
            null,
            null,
            null,
            [
                [
                    0.9881247282028198,
                    0.05399448052048683,
                    0.14385461807250977
                ],
                [
                    -0.056327931582927704,
                    0.9983378648757935,
                    0.012194868177175522
                ],
                [
                    -0.14295704662799835,
                    -0.02015308290719986,
                    0.989523708820343
                ]
            ]
        ],
        [
            0.08691471862792968,
            0.05071769714355469,
            1.1564332275390625,
            null,
            null,
            null,
            [
                [
                    0.9953640699386597,
                    0.054071493446826935,
                    0.07954002916812897
                ],
                [
                    -0.061535995453596115,
                    0.9936114549636841,
                    0.09460219740867615
                ],
                [
                    -0.07391660660505295,
                    -0.09905820339918137,
                    0.9923325181007385
                ]
            ]
        ],
        [
            0.08972407531738281,
            0.057553543090820315,
            1.1843226318359374,
            null,
            null,
            null,
            [
                [
                    0.9940571784973145,
                    0.05353055149316788,
                    0.09478794038295746
                ],
                [
                    -0.05504242703318596,
                    0.9983940124511719,
                    0.013406162150204182
                ],
                [
                    -0.09391807019710541,
                    -0.018543850630521774,
                    0.995407223701477
                ]
            ]
        ],
        [
            0.09074577331542968,
            0.06899689483642578,
            1.1821451416015625,
            null,
            null,
            null,
            [
                [
                    0.9970139861106873,
                    0.06102762371301651,
                    0.0473153330385685
                ],
                [
                    -0.06012946367263794,
                    0.9979865550994873,
                    -0.020180201157927513
                ],
                [
                    -0.04845161736011505,
                    0.017274897545576096,
                    0.9986761212348938
                ]
            ]
        ],
        [
            0.08995822143554688,
            0.07884272766113282,
            1.1643468017578125,
            null,
            null,
            null,
            [
                [
                    0.9964256882667542,
                    0.08433369547128677,
                    -0.004862445406615734
                ],
                [
                    -0.08445055782794952,
                    0.9931515455245972,
                    -0.08073506504297256
                ],
                [
                    -0.0019795414991676807,
                    0.08085712790489197,
                    0.9967237114906311
                ]
            ]
        ],
        [
            0.08601573944091796,
            0.0842177505493164,
            1.14277490234375,
            null,
            null,
            null,
            [
                [
                    0.9935234189033508,
                    0.10461647063493729,
                    -0.044346701353788376
                ],
                [
                    -0.10990072786808014,
                    0.9838667511940002,
                    -0.1411665678024292
                ],
                [
                    0.02886289916932583,
                    0.14512601494789124,
                    0.9889920949935913
                ]
            ]
        ],
        [
            0.07340612030029296,
            0.09050021362304687,
            1.1222052001953124,
            null,
            null,
            null,
            [
                [
                    0.9912207722663879,
                    0.11502077430486679,
                    -0.06520403921604156
                ],
                [
                    -0.12025417387485504,
                    0.9892670512199402,
                    -0.08300361037254333
                ],
                [
                    0.0549570694565773,
                    0.09011596441268921,
                    0.9944137930870056
                ]
            ]
        ],
        [
            0.05744500732421875,
            0.09760963439941406,
            1.1107647705078125,
            null,
            null,
            null,
            [
                [
                    0.9915627241134644,
                    0.12032240629196167,
                    -0.04822683706879616
                ],
                [
                    -0.12306772917509079,
                    0.9906610250473022,
                    -0.05869467183947563
                ],
                [
                    0.040714163333177567,
                    0.0641346201300621,
                    0.9971103668212891
                ]
            ]
        ],
        [
            0.03782394027709961,
            0.09983110046386719,
            1.1066904296875,
            null,
            null,
            null,
            [
                [
                    0.9912610054016113,
                    0.1300949901342392,
                    -0.02183796837925911
                ],
                [
                    -0.1317705512046814,
                    0.9842610359191895,
                    -0.11775719374418259
                ],
                [
                    0.006174639333039522,
                    0.11960572004318237,
                    0.9928022623062134
                ]
            ]
        ],
        [
            0.02260329246520996,
            0.10615938568115234,
            1.1112391357421876,
            null,
            null,
            null,
            [
                [
                    0.9942156076431274,
                    0.10323554277420044,
                    0.029627542942762375
                ],
                [
                    -0.10119637101888657,
                    0.9928311705589294,
                    -0.06360474228858948
                ],
                [
                    -0.03598141670227051,
                    0.06023862212896347,
                    0.9975352883338928
                ]
            ]
        ],
        [
            0.011145817756652831,
            0.11044268035888671,
            1.118502197265625,
            null,
            null,
            null,
            [
                [
                    0.9897745847702026,
                    0.12973648309707642,
                    0.059284757822752
                ],
                [
                    -0.12281115353107452,
                    0.9864888787269592,
                    -0.10842997580766678
                ],
                [
                    -0.07255107909440994,
                    0.10004040598869324,
                    0.9923347234725952
                ]
            ]
        ],
        [
            0.006187684059143066,
            0.10945506286621094,
            1.1239410400390626,
            null,
            null,
            null,
            [
                [
                    0.9902190566062927,
                    0.11006186902523041,
                    0.08574740588665009
                ],
                [
                    -0.09737528860569,
                    0.9853206872940063,
                    -0.14021845161914825
                ],
                [
                    -0.09992139786481857,
                    0.1304973065853119,
                    0.9864006042480469
                ]
            ]
        ],
        [
            0.007285382270812988,
            0.10988968658447265,
            1.1253966064453125,
            null,
            null,
            null,
            [
                [
                    0.9906831383705139,
                    0.0968150645494461,
                    0.09577971696853638
                ],
                [
                    -0.08607465028762817,
                    0.9901373982429504,
                    -0.11054018139839172
                ],
                [
                    -0.1055370345711708,
                    0.10126608610153198,
                    0.9892457127571106
                ]
            ]
        ],
        [
            0.009823832511901855,
            0.11137824249267578,
            1.1240465087890625,
            null,
            null,
            null,
            [
                [
                    0.9902524352073669,
                    0.11630075424909592,
                    0.07664396613836288
                ],
                [
                    -0.10787574201822281,
                    0.9884797930717468,
                    -0.10616275668144226
                ],
                [
                    -0.08810782432556152,
                    0.0968599021434784,
                    0.9913905262947083
                ]
            ]
        ],
        [
            0.01374893856048584,
            0.1071098861694336,
            1.1191280517578126,
            null,
            null,
            null,
            [
                [
                    0.9908563494682312,
                    0.12221084535121918,
                    0.057167716324329376
                ],
                [
                    -0.11289478838443756,
                    0.9830135107040405,
                    -0.14470382034778595
                ],
                [
                    -0.07388101518154144,
                    0.1369267702102661,
                    0.9878221750259399
                ]
            ]
        ],
        [
            0.013709210395812988,
            0.10024737548828125,
            1.111166259765625,
            null,
            null,
            null,
            [
                [
                    0.9935262203216553,
                    0.110423244535923,
                    0.026689564809203148
                ],
                [
                    -0.10650715231895447,
                    0.9871281981468201,
                    -0.11930684000253677
                ],
                [
                    -0.0395202711224556,
                    0.11569184809923172,
                    0.9924986362457275
                ]
            ]
        ],
        [
            0.010468523979187011,
            0.0972350311279297,
            1.1059129638671874,
            null,
            null,
            null,
            [
                [
                    0.9912087917327881,
                    0.13228029012680054,
                    0.002645549364387989
                ],
                [
                    -0.13130977749824524,
                    0.9859932065010071,
                    -0.10283563286066055
                ],
                [
                    -0.01621161960065365,
                    0.10158419609069824,
                    0.9946948289871216
                ]
            ]
        ],
        [
            0.003972377061843872,
            0.08649224090576171,
            1.102878662109375,
            null,
            null,
            null,
            [
                [
                    0.9923762679100037,
                    0.12311167269945145,
                    -0.005735830403864384
                ],
                [
                    -0.12255177646875381,
                    0.9807934165000916,
                    -0.15174096822738647
                ],
                [
                    -0.01305541954934597,
                    0.15128707885742188,
                    0.9884036779403687
                ]
            ]
        ],
        [
            -0.006908578872680664,
            0.07801826477050781,
            1.100849365234375,
            null,
            null,
            null,
            [
                [
                    0.9912287592887878,
                    0.13163229823112488,
                    0.011767512187361717
                ],
                [
                    -0.1296762079000473,
                    0.9859291911125183,
                    -0.10548822581768036
                ],
                [
                    -0.025487592443823814,
                    0.10303699970245361,
                    0.9943509101867676
                ]
            ]
        ],
        [
            -0.01916950225830078,
            0.06932527923583984,
            1.1015743408203125,
            null,
            null,
            null,
            [
                [
                    0.9892853498458862,
                    0.1382274627685547,
                    0.046986255794763565
                ],
                [
                    -0.13250844180583954,
                    0.9852280616760254,
                    -0.10847670584917068
                ],
                [
                    -0.06128663942217827,
                    0.10108833760023117,
                    0.9929879903793335
                ]
            ]
        ],
        [
            -0.027528451919555663,
            0.05588547134399414,
            1.103058837890625,
            null,
            null,
            null,
            [
                [
                    0.9864910840988159,
                    0.15233321487903595,
                    0.06024903431534767
                ],
                [
                    -0.14217939972877502,
                    0.978867769241333,
                    -0.14697936177253723
                ],
                [
                    -0.0813656747341156,
                    0.13642765581607819,
                    0.9873029589653015
                ]
            ]
        ],
        [
            -0.03395408630371094,
            0.04192967987060547,
            1.103885986328125,
            null,
            null,
            null,
            [
                [
                    0.9861700534820557,
                    0.12323663383722305,
                    0.1108214259147644
                ],
                [
                    -0.11009693890810013,
                    0.9869199991226196,
                    -0.11776060611009598
                ],
                [
                    -0.12388429790735245,
                    0.10393088310956955,
                    0.9868389368057251
                ]
            ]
        ],
        [
            -0.034492137908935544,
            0.030211341857910155,
            1.1049095458984375,
            null,
            null,
            null,
            [
                [
                    0.9820539951324463,
                    0.13184145092964172,
                    0.1348622441291809
                ],
                [
                    -0.11778995394706726,
                    0.9872170090675354,
                    -0.10736904293298721
                ],
                [
                    -0.14729398488998413,
                    0.08955677598714828,
                    0.9850299954414368
                ]
            ]
        ],
        [
            -0.0316324520111084,
            0.015473162651062012,
            1.1045562744140625,
            null,
            null,
            null,
            [
                [
                    0.9801536798477173,
                    0.15961898863315582,
                    0.11756088584661484
                ],
                [
                    -0.14354662597179413,
                    0.9804704785346985,
                    -0.1344321072101593
                ],
                [
                    -0.1367228925228119,
                    0.11488865315914154,
                    0.9839245080947876
                ]
            ]
        ],
        [
            -0.02767193031311035,
            9.974586963653565e-05,
            1.1029517822265624,
            null,
            null,
            null,
            [
                [
                    0.9826350212097168,
                    0.1525586098432541,
                    0.10561410337686539
                ],
                [
                    -0.14041846990585327,
                    0.9834862351417542,
                    -0.11418168246746063
                ],
                [
                    -0.12128941714763641,
                    0.0973687469959259,
                    0.9878300428390503
                ]
            ]
        ],
        [
            -0.02131713104248047,
            -0.012326591491699219,
            1.1005966796875,
            null,
            null,
            null,
            [
                [
                    0.9777877926826477,
                    0.18551310896873474,
                    0.09754955768585205
                ],
                [
                    -0.17859630286693573,
                    0.9810227751731873,
                    -0.07548277080059052
                ],
                [
                    -0.10970138758420944,
                    0.056384142488241196,
                    0.9923640489578247
                ]
            ]
        ],
        [
            -0.018019872665405272,
            -0.02333893394470215,
            1.096866455078125,
            null,
            null,
            null,
            [
                [
                    0.9763302206993103,
                    0.20353548228740692,
                    0.0731612890958786
                ],
                [
                    -0.19765733182430267,
                    0.9769805669784546,
                    -0.0802527666091919
                ],
                [
                    -0.08781144767999649,
                    0.06389233469963074,
                    0.994085967540741
                ]
            ]
        ],
        [
            -0.0156561222076416,
            -0.038406997680664065,
            1.0914110107421875,
            null,
            null,
            null,
            [
                [
                    0.9712963104248047,
                    0.23206180334091187,
                    0.05225646123290062
                ],
                [
                    -0.2240750789642334,
                    0.9663368463516235,
                    -0.1264258325099945
                ],
                [
                    -0.07983595132827759,
                    0.11108758300542831,
                    0.9905986785888672
                ]
            ]
        ],
        [
            -0.012153400421142577,
            -0.0544247932434082,
            1.08512890625,
            null,
            null,
            null,
            [
                [
                    0.9745211005210876,
                    0.21232867240905762,
                    0.07228504121303558
                ],
                [
                    -0.20665545761585236,
                    0.9752495884895325,
                    -0.07862411439418793
                ],
                [
                    -0.08719011396169662,
                    0.06168276071548462,
                    0.994280219078064
                ]
            ]
        ],
        [
            -0.013486777305603027,
            -0.06628526306152344,
            1.0812537841796874,
            null,
            null,
            null,
            [
                [
                    0.9788026213645935,
                    0.1953682005405426,
                    0.061454370617866516
                ],
                [
                    -0.18970900774002075,
                    0.9779424667358398,
                    -0.08740121871232986
                ],
                [
                    -0.07717426121234894,
                    0.07389009743928909,
                    0.9942758083343506
                ]
            ]
        ],
        [
            -0.015609269142150878,
            -0.07969688415527344,
            1.080110107421875,
            null,
            null,
            null,
            [
                [
                    0.9800534248352051,
                    0.19105850160121918,
                    0.05469823628664017
                ],
                [
                    -0.18515445291996002,
                    0.9778143167495728,
                    -0.09796440601348877
                ],
                [
                    -0.07220164686441422,
                    0.08588273078203201,
                    0.9936856031417847
                ]
            ]
        ],
        [
            -0.016858562469482422,
            -0.09283284759521485,
            1.0794962158203125,
            null,
            null,
            null,
            [
                [
                    0.9791713953018188,
                    0.1832655370235443,
                    0.08739090710878372
                ],
                [
                    -0.1784549355506897,
                    0.9821128249168396,
                    -0.060068897902965546
                ],
                [
                    -0.09683629125356674,
                    0.04322240501642227,
                    0.994361400604248
                ]
            ]
        ],
        [
            -0.019122541427612303,
            -0.10088903045654297,
            1.0795743408203125,
            null,
            null,
            null,
            [
                [
                    0.9786341786384583,
                    0.18457503616809845,
                    0.09059391915798187
                ],
                [
                    -0.17888383567333221,
                    0.9815565943717957,
                    -0.06743291020393372
                ],
                [
                    -0.10136949270963669,
                    0.049786366522312164,
                    0.9936023354530334
                ]
            ]
        ],
        [
            -0.019380558013916017,
            -0.11049546813964843,
            1.0794466552734374,
            null,
            null,
            null,
            [
                [
                    0.9752532839775085,
                    0.20443323254585266,
                    0.08419099450111389
                ],
                [
                    -0.19608697295188904,
                    0.9757004976272583,
                    -0.09776756912469864
                ],
                [
                    -0.10213213413953781,
                    0.07883938401937485,
                    0.9916417598724365
                ]
            ]
        ],
        [
            -0.017723262786865233,
            -0.11947174072265625,
            1.0782891845703124,
            null,
            null,
            null,
            [
                [
                    0.9790406823158264,
                    0.17605231702327728,
                    0.10239601880311966
                ],
                [
                    -0.16871611773967743,
                    0.9826969504356384,
                    -0.07643000036478043
                ],
                [
                    -0.11407993733882904,
                    0.057552214711904526,
                    0.9918031692504883
                ]
            ]
        ],
        [
            -0.016373140335083008,
            -0.1230818862915039,
            1.0771912841796876,
            null,
            null,
            null,
            [
                [
                    0.9825220108032227,
                    0.1601857841014862,
                    0.09482081979513168
                ],
                [
                    -0.15736007690429688,
                    0.9868623614311218,
                    -0.03661205992102623
                ],
                [
                    -0.0994398295879364,
                    0.02105114236474037,
                    0.9948208928108215
                ]
            ]
        ],
        [
            -0.01415872097015381,
            -0.1265226745605469,
            1.076689453125,
            null,
            null,
            null,
            [
                [
                    0.9834944605827332,
                    0.1638386994600296,
                    0.0767819881439209
                ],
                [
                    -0.15919287502765656,
                    0.9852227568626404,
                    -0.06319591403007507
                ],
                [
                    -0.08600129932165146,
                    0.04992968589067459,
                    0.9950430989265442
                ]
            ]
        ],
        [
            -0.01210991382598877,
            -0.13100494384765626,
            1.07486962890625,
            null,
            null,
            null,
            [
                [
                    0.9850428700447083,
                    0.15414956212043762,
                    0.07699643820524216
                ],
                [
                    -0.1505114585161209,
                    0.9872897267341614,
                    -0.051041845232248306
                ],
                [
                    -0.08388587087392807,
                    0.03868956118822098,
                    0.9957240223884583
                ]
            ]
        ],
        [
            -0.010124898910522461,
            -0.12816119384765626,
            1.073319091796875,
            null,
            null,
            null,
            [
                [
                    0.986735463142395,
                    0.1428815871477127,
                    0.07705844938755035
                ],
                [
                    -0.14209316670894623,
                    0.9897295832633972,
                    -0.015647603198885918
                ],
                [
                    -0.07850278168916702,
                    0.00449056550860405,
                    0.9969037771224976
                ]
            ]
        ],
        [
            -0.007786993026733398,
            -0.12842929077148438,
            1.0724744873046874,
            null,
            null,
            null,
            [
                [
                    0.9829270839691162,
                    0.1692604124546051,
                    0.0721474215388298
                ],
                [
                    -0.1635020673274994,
                    0.983340859413147,
                    -0.07942173629999161
                ],
                [
                    -0.08438846468925476,
                    0.06626952439546585,
                    0.9942268133163452
                ]
            ]
        ],
        [
            -0.005733708381652832,
            -0.12990773010253906,
            1.0718740234375,
            null,
            null,
            null,
            [
                [
                    0.9879665970802307,
                    0.13625597953796387,
                    0.07318653166294098
                ],
                [
                    -0.13170386850833893,
                    0.9892333149909973,
                    -0.06380856782197952
                ],
                [
                    -0.08109285682439804,
                    0.05340178683400154,
                    0.9952749609947205
                ]
            ]
        ],
        [
            0.002949652671813965,
            -0.11947247314453124,
            1.068967041015625,
            null,
            null,
            null,
            [
                [
                    0.9913420081138611,
                    -0.07097014784812927,
                    0.11047271639108658
                ],
                [
                    0.06576354801654816,
                    0.9965774416923523,
                    0.05008549988269806
                ],
                [
                    -0.11364918947219849,
                    -0.04238678142428398,
                    0.9926163554191589
                ]
            ]
        ],
        [
            0.02044799041748047,
            -0.09057511901855468,
            1.06219677734375,
            null,
            null,
            null,
            [
                [
                    0.9460550546646118,
                    -0.2711801528930664,
                    0.17731653153896332
                ],
                [
                    0.22810420393943787,
                    0.9461042284965515,
                    0.2299027144908905
                ],
                [
                    -0.2301049679517746,
                    -0.17705397307872772,
                    0.9569240212440491
                ]
            ]
        ],
        [
            0.04699245071411133,
            -0.05313331604003906,
            1.052872802734375,
            null,
            null,
            null,
            [
                [
                    0.8481265306472778,
                    -0.4746715724468231,
                    0.23530475795269012
                ],
                [
                    0.39587312936782837,
                    0.8629682660102844,
                    0.31395888328552246
                ],
                [
                    -0.35208791494369507,
                    -0.17312602698802948,
                    0.9198160171508789
                ]
            ]
        ],
        [
            0.08101750183105469,
            -0.0008424018621444702,
            1.0441947021484375,
            null,
            null,
            null,
            [
                [
                    0.6634640097618103,
                    -0.7079422473907471,
                    0.2421431690454483
                ],
                [
                    0.6236493587493896,
                    0.7020524740219116,
                    0.3437787890434265
                ],
                [
                    -0.4133727252483368,
                    -0.07707243412733078,
                    0.9072942137718201
                ]
            ]
        ],
        [
            0.12317317962646485,
            0.0651593246459961,
            1.04519873046875,
            null,
            null,
            null,
            [
                [
                    0.4998878240585327,
                    -0.8409410715103149,
                    0.20719613134860992
                ],
                [
                    0.7619320750236511,
                    0.5407452583312988,
                    0.35644641518592834
                ],
                [
                    -0.41179075837135315,
                    -0.02031385339796543,
                    0.9110519886016846
                ]
            ]
        ],
        [
            0.1621919403076172,
            0.13892123413085938,
            1.0568021240234375,
            null,
            null,
            null,
            [
                [
                    0.2461862713098526,
                    -0.9654387831687927,
                    0.08555874228477478
                ],
                [
                    0.9038429856300354,
                    0.2605557441711426,
                    0.3393796682357788
                ],
                [
                    -0.3499431312084198,
                    -0.00621894933283329,
                    0.9367502927780151
                ]
            ]
        ],
        [
            0.20146913146972656,
            0.2390371856689453,
            1.0832498779296875,
            null,
            null,
            null,
            [
                [
                    -0.1590694785118103,
                    -0.966621994972229,
                    -0.2008453607559204
                ],
                [
                    0.947708249092102,
                    -0.20651286840438843,
                    0.24331359565258026
                ],
                [
                    -0.2766694128513336,
                    -0.15163902938365936,
                    0.9489254951477051
                ]
            ]
        ],
        [
            0.2051000518798828,
            0.31544387817382813,
