{
    "radius": 0.75,
    "angular_speed": 13,
    "save_freq": 0.1,
    "pid_gains": {
        "pid_rate": {
            "roll_kp": "50.0",
            "roll_ki": "0.0",
            "roll_kd": "0.0",
            "pitch_kp": "50.0",
            "pitch_ki": "0.0",
            "pitch_kd": "0.0",
            "yaw_kp": "80.0",
            "yaw_ki": "0.0",
            "yaw_kd": "0.0"
        },
        "pid_attitude": {
            "roll_kp": "10.0",
            "roll_ki": "0.5",
            "roll_kd": "0.5",
            "pitch_kp": "13.0",
            "pitch_ki": "0.5",
            "pitch_kd": "1.5",
            "yaw_kp": "8.0",
            "yaw_ki": "0.5",
            "yaw_kd": "0.5"
        },
        "velCtlPid": {
            "vxKp": "15.0",
            "vxKi": "1.0",
            "vxKd": "0.0",
            "vyKp": "10.0",
            "vyKi": "1.0",
            "vyKd": "0.0",
            "vzKp": "12.5",
            "vzKi": "0.5",
            "vzKd": "0.0"
        },
        "posCtlPid": {
            "xKp": "1.5",
            "xKi": "0.20000000298023224",
            "xKd": "0.20000000298023224",
            "yKp": "1.5",
            "yKi": "0.20000000298023224",
            "yKd": "0.20000000298023224",
            "zKp": "5.0",
            "zKi": "0.5",
            "zKd": "0.0"
        }
    },
    "pose": [
        [
            0.058901088714599606,
            0.024096782684326173,
            0.26048410034179686,
            null,
            null,
            null,
            [
                [
                    0.9958899021148682,
                    0.05027799680829048,
                    0.07533524185419083
                ],
                [
                    -0.051141057163476944,
                    0.9986456036567688,
                    0.009570050053298473
                ],
                [
                    -0.07475204020738602,
                    -0.013383439742028713,
                    0.9971123337745667
                ]
            ]
        ],
        [
            0.05914151000976563,
            0.024028032302856446,
            0.2602690734863281,
            null,
            null,
            null,
            [
                [
                    0.9956099987030029,
                    0.055908165872097015,
                    0.07506655156612396
                ],
                [
                    -0.05683442950248718,
                    0.9983308911323547,
                    0.010258585214614868
                ],
                [
                    -0.07436772435903549,
                    -0.01447991468012333,
                    0.9971257448196411
                ]
            ]
        ],
        [
            0.058091163635253906,
            0.024444555282592772,
            0.2752836608886719,
            null,
            null,
            null,
            [
                [
                    0.9971293807029724,
                    0.04784654080867767,
                    0.05868340656161308
                ],
                [
                    -0.04642213135957718,
                    0.9985988736152649,
                    -0.025401227176189423
                ],
                [
                    -0.05981654301285744,
                    0.02260410040616989,
                    0.9979534149169922
                ]
            ]
        ],
        [
            0.05450916290283203,
            0.017602745056152343,
            0.3495217895507812,
            null,
            null,
            null,
            [
                [
                    0.9976162314414978,
                    0.038501061499118805,
                    -0.0572672039270401
                ],
                [
                    -0.042126353830099106,
                    0.9970919489860535,
                    -0.06350642442703247
                ],
                [
                    0.05465560033917427,
                    0.06576749682426453,
                    0.9963369965553284
                ]
            ]
        ],
        [
            0.04363850021362305,
            0.012043489456176757,
            0.4538723449707031,
            null,
            null,
            null,
            [
                [
                    0.9970884919166565,
                    0.07051549851894379,
                    0.02901884727180004
                ],
                [
                    -0.06728007644414902,
                    0.9926671981811523,
                    -0.10042542219161987
                ],
                [
                    -0.03588760644197464,
                    0.09818064421415329,
                    0.9945213198661804
                ]
            ]
        ],
        [
            0.03205661773681641,
            -0.004719241142272949,
            0.564241943359375,
            null,
            null,
            null,
            [
                [
                    0.996983528137207,
                    0.07115133851766586,
                    0.03100549429655075
                ],
                [
                    -0.06336093693971634,
                    0.9768540263175964,
                    -0.2043076902627945
                ],
                [
                    -0.04482460767030716,
                    0.20172685384750366,
                    0.9784155488014221
                ]
            ]
        ],
        [
            0.020486982345581054,
            -0.0237640380859375,
            0.6886975708007812,
            null,
            null,
            null,
            [
                [
                    0.996249258518219,
                    0.05722577124834061,
                    0.06490430980920792
                ],
                [
                    -0.051293421536684036,
                    0.9946516156196594,
                    -0.0896499902009964
                ],
                [
                    -0.06968747079372406,
                    0.08598458021879196,
                    0.9938563108444214
                ]
            ]
        ],
        [
            0.012560894966125488,
            -0.03871053695678711,
            0.8123347778320312,
            null,
            null,
            null,
            [
                [
                    0.9939743280410767,
                    0.04791636765003204,
                    0.09858528524637222
                ],
                [
                    -0.047914013266563416,
                    0.9988486170768738,
                    -0.0023928298614919186
                ],
                [
                    -0.09858643263578415,
                    -0.002345205284655094,
                    0.9951257109642029
                ]
            ]
        ],
        [
            0.00959383773803711,
            -0.050315711975097654,
            0.9331237182617188,
            null,
            null,
            null,
            [
                [
                    0.9921250343322754,
                    0.06989523023366928,
                    0.10393558442592621
                ],
                [
                    -0.0727909579873085,
                    0.9970504641532898,
                    0.02432907745242119
                ],
                [
                    -0.10192853212356567,
                    -0.031703054904937744,
                    0.9942864179611206
                ]
            ]
        ],
        [
            0.010925715446472167,
            -0.04622228240966797,
            1.0455013427734374,
            null,
            null,
            null,
            [
                [
                    0.9909974336624146,
                    0.07781819254159927,
                    0.10894228518009186
                ],
                [
                    -0.08818792551755905,
                    0.9916732311248779,
                    0.0938459113240242
                ],
                [
                    -0.1007322296500206,
                    -0.10260845720767975,
                    0.9896082878112793
                ]
            ]
        ],
        [
            0.017290349960327148,
            -0.03605818557739258,
            1.118945068359375,
            null,
            null,
            null,
            [
                [
                    0.9920111298561096,
                    0.07746126502752304,
                    0.09956767410039902
                ],
                [
                    -0.09115142375230789,
                    0.9857680201530457,
                    0.1412544846534729
                ],
                [
                    -0.08720888197422028,
                    -0.14920175075531006,
                    0.9849535226821899
                ]
            ]
        ],
        [
            0.020789422988891602,
            -0.022913867950439454,
            1.1607215576171874,
            null,
            null,
            null,
            [
                [
                    0.9926036596298218,
                    0.09197518229484558,
                    0.07923689484596252
                ],
                [
                    -0.09471246600151062,
                    0.9950061440467834,
                    0.03150143474340439
                ],
                [
                    -0.07594384998083115,
                    -0.03877316415309906,
                    0.9963579773902893
                ]
            ]
        ],
        [
            0.02320883560180664,
            -0.009479355812072755,
            1.1705362548828124,
            null,
            null,
            null,
            [
                [
                    0.9936638474464417,
                    0.094309501349926,
                    0.061138004064559937
                ],
                [
                    -0.0924365222454071,
                    0.9951789379119873,
                    -0.03277819976210594
                ],
                [
                    -0.06393454968929291,
                    0.026919126510620117,
                    0.997590959072113
                ]
            ]
        ],
        [
            0.024235387802124024,
            0.003576808214187622,
            1.1582442626953124,
            null,
            null,
            null,
            [
                [
                    0.9933021068572998,
                    0.10288260132074356,
                    0.05259403586387634
                ],
                [
                    -0.09831604361534119,
                    0.9916816353797913,
                    -0.08307518810033798
                ],
                [
                    -0.06070353090763092,
                    0.07734792679548264,
                    0.9951544404029846
                ]
            ]
        ],
        [
            0.02525278091430664,
            0.012681170463562012,
            1.1355294189453125,
            null,
            null,
            null,
            [
                [
                    0.9942120313644409,
                    0.10323604196310043,
                    0.02974468283355236
                ],
                [
                    -0.10040243715047836,
                    0.9913332462310791,
                    -0.08472137898206711
                ],
                [
                    -0.0382331907749176,
                    0.0812445729970932,
                    0.9959605932235718
                ]
            ]
        ],
        [
            0.02620105743408203,
            0.025376453399658203,
            1.1101646728515624,
            null,
            null,
            null,
            [
                [
                    0.9952384829521179,
                    0.06724635511636734,
                    0.07055678963661194
                ],
                [
                    -0.0642070323228836,
                    0.9969440698623657,
                    -0.04449664056301117
                ],
                [
                    -0.07333341240882874,
                    0.03975452855229378,
                    0.9965147972106934
                ]
            ]
        ],
        [
            0.024553808212280273,
            0.0293024959564209,
            1.0892994384765624,
            null,
            null,
            null,
            [
                [
                    0.9960442781448364,
                    0.07982274889945984,
                    0.03904000297188759
                ],
                [
                    -0.07631083577871323,
                    0.9935048222541809,
                    -0.08440878987312317
                ],
                [
                    -0.045524172484874725,
                    0.08109571784734726,
                    0.9956661462783813
                ]
            ]
        ],
        [
            0.022712310791015624,
            0.03418367004394531,
            1.079667236328125,
            null,
            null,
            null,
            [
                [
                    0.9951021671295166,
                    0.07993416488170624,
                    0.05815693736076355
                ],
                [
                    -0.07805871963500977,
                    0.9963743090629578,
                    -0.033838581293821335
                ],
                [
                    -0.060650937259197235,
                    0.029133189469575882,
                    0.9977337718009949
                ]
            ]
        ],
        [
            0.02146181869506836,
            0.036727127075195314,
            1.0798931884765626,
            null,
            null,
            null,
            [
                [
                    0.9965783357620239,
                    0.05584165081381798,
                    0.060936689376831055
                ],
                [
                    -0.05250997841358185,
                    0.9971062541007996,
                    -0.054970987141132355
                ],
                [
                    -0.06383002549409866,
                    0.05158311128616333,
                    0.9966267943382263
                ]
            ]
        ],
        [
            0.01812645721435547,
            0.03562530517578125,
            1.0863133544921875,
            null,
            null,
            null,
            [
                [
                    0.9960739612579346,
                    0.06350581347942352,
                    0.061673883348703384
                ],
                [
                    -0.060672398656606674,
                    0.997061014175415,
                    -0.0467778705060482
                ],
                [
                    -0.0644632950425148,
                    0.04285231605172157,
                    0.9969995617866516
                ]
            ]
        ],
        [
            0.012279985427856445,
            0.03933475875854492,
            1.0940302734375,
            null,
            null,
            null,
            [
                [
                    0.9937071800231934,
                    0.09225045144557953,
                    0.0635291263461113
                ],
                [
                    -0.08943546563386917,
                    0.9949381351470947,
                    -0.045818816870450974
                ],
                [
                    -0.06743435561656952,
                    0.039848729968070984,
                    0.9969276189804077
                ]
            ]
        ],
        [
            0.013078185081481933,
            0.04406755065917969,
            1.1003966064453126,
            null,
            null,
            null,
            [
                [
                    0.9946520328521729,
                    0.06718990951776505,
                    0.07843984663486481
                ],
                [
                    -0.06280279159545898,
                    0.9963901042938232,
                    -0.05711933970451355
                ],
                [
                    -0.08199452608823776,
                    0.0518876276910305,
                    0.9952811598777771
                ]
            ]
        ],
        [
            0.012169273376464843,
            0.04718400573730469,
            1.101960205078125,
            null,
            null,
            null,
            [
                [
                    0.9945080876350403,
                    0.043548185378313065,
                    0.09516946971416473
                ],
                [
                    -0.03971760720014572,
                    0.9983370304107666,
                    -0.041781120002269745
                ],
                [
                    -0.09683070331811905,
                    0.03777175769209862,
                    0.9945839047431946
                ]
            ]
        ],
        [
            0.011748820304870606,
            0.05732246398925781,
            1.0997362060546876,
            null,
            null,
            null,
            [
                [
                    0.9914091229438782,
                    0.08976782113313675,
                    0.09512998163700104
                ],
                [
                    -0.08810539543628693,
                    0.9958781599998474,
                    -0.02154233679175377
                ],
                [
                    -0.0966716781258583,
                    0.012975805439054966,
                    0.9952317476272583
                ]
            ]
        ],
        [
            0.016534801483154296,
            0.06310547256469727,
            1.0958070068359376,
            null,
            null,
            null,
            [
                [
                    0.9925282597541809,
                    0.08588095754384995,
                    0.08667267858982086
                ],
                [
                    -0.07852207869291306,
                    0.9932807683944702,
                    -0.08501550555229187
                ],
                [
                    -0.09339151531457901,
                    0.07757457345724106,
                    0.9926027655601501
                ]
            ]
        ],
        [
            0.021112752914428712,
            0.0666670150756836,
            1.0904227294921875,
            null,
            null,
            null,
            [
                [
                    0.994087278842926,
                    0.06768366694450378,
                    0.08490810543298721
                ],
                [
                    -0.061200544238090515,
                    0.9951691031455994,
                    -0.0767655000090599
                ],
                [
                    -0.08969369530677795,
                    0.07111518830060959,
                    0.9934272170066833
                ]
            ]
        ],
        [
            0.023714445114135743,
            0.07321608734130859,
            1.08483154296875,
            null,
            null,
            null,
            [
                [
                    0.9923922419548035,
                    0.11141834408044815,
                    0.05237940698862076
                ],
                [
                    -0.10706066340208054,
                    0.9910520911216736,
                    -0.07971081137657166
                ],
                [
                    -0.06079196557402611,
                    0.07349661737680435,
                    0.9954409003257751
                ]
            ]
        ],
        [
            0.03098232078552246,
            0.07550318145751952,
            1.081329345703125,
            null,
            null,
            null,
            [
                [
                    0.9933040738105774,
                    0.0978195071220398,
                    0.06146865338087082
                ],
                [
                    -0.09087736159563065,
                    0.9900898933410645,
                    -0.10706678777933121
                ],
                [
                    -0.07133271545171738,
                    0.10076376795768738,
                    0.9923498630523682
                ]
            ]
        ],
        [
            0.03491958236694336,
            0.07622662353515625,
            1.0784627685546875,
            null,
            null,
            null,
            [
                [
                    0.9967661499977112,
                    0.06228678300976753,
                    0.050770144909620285
                ],
                [
                    -0.058263618499040604,
                    0.9953116178512573,
                    -0.0772019773721695
                ],
                [
                    -0.05534077808260918,
                    0.07399426400661469,
                    0.9957219958305359
                ]
            ]
        ],
        [
            0.03324172973632813,
            0.0807046890258789,
            1.0776854248046874,
            null,
            null,
            null,
            [
                [
                    0.9912556409835815,
                    0.12920212745666504,
                    0.026814855635166168
                ],
                [
                    -0.1273469179868698,
                    0.9899119138717651,
                    -0.06210634112358093
                ],
                [
                    -0.03456861525774002,
                    0.058148473501205444,
                    0.9977092742919922
                ]
            ]
        ],
        [
            0.03562276077270508,
            0.08103874969482422,
            1.0799517822265625,
            null,
            null,
            null,
            [
                [
                    0.9939621090888977,
                    0.10449705272912979,
                    0.03346192464232445
                ],
                [
                    -0.1007186770439148,
                    0.9899168610572815,
                    -0.0996011421084404
                ],
                [
                    -0.04353255033493042,
                    0.09562951326370239,
                    0.994464635848999
                ]
            ]
        ],
        [
            0.0358100471496582,
            0.08438835144042969,
            1.08075,
            null,
            null,
            null,
            [
                [
                    0.9952804446220398,
                    0.08021813631057739,
                    0.05460622161626816
                ],
                [
                    -0.07736629247665405,
                    0.995620608329773,
                    -0.05247895047068596
                ],
                [
                    -0.05857684090733528,
                    0.04800659418106079,
                    0.9971279501914978
                ]
            ]
        ],
        [
            0.029904802322387694,
            0.09015460968017579,
            1.0795299072265625,
            null,
            null,
            null,
            [
                [
                    0.9929624199867249,
                    0.11293110251426697,
                    0.03566746413707733
                ],
                [
                    -0.10953936725854874,
                    0.9902651309967041,
                    -0.08588391542434692
                ],
                [
                    -0.04501921311020851,
                    0.08137250691652298,
                    0.99566650390625
                ]
            ]
        ],
        [
            0.02905174446105957,
            0.09219208526611328,
            1.0773770751953125,
            null,
            null,
            null,
            [
                [
                    0.9947848320007324,
                    0.08309552818536758,
                    0.059146445244550705
                ],
                [
                    -0.07586599886417389,
                    0.9904118776321411,
                    -0.1154499351978302
                ],
                [
                    -0.06817271560430527,
                    0.11036063730716705,
                    0.9915508031845093
                ]
            ]
        ],
        [
            0.028450998306274414,
            0.09695476531982422,
            1.07290283203125,
            null,
            null,
            null,
            [
                [
                    0.9968669414520264,
                    0.03144950047135353,
                    0.07257572561502457
                ],
                [
                    -0.024641921743750572,
                    0.995374321937561,
                    -0.09285897016525269
                ],
                [
                    -0.07516038417816162,
                    0.0907796323299408,
                    0.9930307269096375
                ]
            ]
        ],
        [
            0.024790069580078126,
            0.10300238037109374,
            1.069147216796875,
            null,
            null,
            null,
            [
                [
                    0.9932118058204651,
                    0.0867319107055664,
                    0.07751026749610901
                ],
                [
                    -0.07806134968996048,
                    0.9910113215446472,
                    -0.10864164680242538
                ],
                [
                    -0.08623625338077545,
                    0.10185360908508301,
                    0.9910545945167542
                ]
            ]
        ],
        [
            0.02543524742126465,
            0.1038828125,
            1.067412109375,
            null,
            null,
            null,
            [
                [
                    0.9938021898269653,
                    0.07219558209180832,
                    0.08452780544757843
                ],
                [
                    -0.060435958206653595,
                    0.989103376865387,
                    -0.1342458724975586
                ],
                [
                    -0.09329870343208313,
                    0.1283053159713745,
                    0.9873363375663757
                ]
            ]
        ],
        [
            0.027478670120239256,
            0.10854487609863281,
            1.0664510498046875,
            null,
            null,
            null,
            [
                [
                    0.9968200325965881,
                    0.0338270366191864,
                    0.07214915752410889
                ],
                [
                    -0.027258390560746193,
                    0.9955542087554932,
                    -0.0901595801115036
                ],
                [
                    -0.07487823069095612,
                    0.08790620416402817,
                    0.9933105111122131
                ]
            ]
        ],
        [
            0.026744873046875,
            0.11094748687744141,
            1.0669488525390625,
            null,
            null,
            null,
            [
                [
                    0.9939820766448975,
                    0.09068364650011063,
                    0.06145010516047478
                ],
                [
                    -0.08146073669195175,
                    0.9869610667228699,
                    -0.1388234943151474
                ],
                [
                    -0.07323788106441498,
                    0.1329822987318039,
                    0.9884088039398193
                ]
            ]
        ],
        [
            0.028208803176879883,
            0.10821077728271485,
            1.0673621826171875,
            null,
            null,
            null,
            [
                [
                    0.9933127760887146,
                    0.10488823801279068,
                    0.04825122654438019
                ],
                [
                    -0.09663953632116318,
                    0.9840133190155029,
                    -0.14959482848644257
                ],
                [
                    -0.06317058950662613,
                    0.14393147826194763,
                    0.9875693321228027
                ]
            ]
        ],
        [
            0.030911386489868162,
            0.10817793273925781,
            1.068569091796875,
            null,
            null,
            null,
            [
                [
                    0.9971652030944824,
                    0.05694084241986275,
                    0.049185846000909805
                ],
                [
                    -0.05067930370569229,
                    0.9914411902427673,
                    -0.1203162744641304
                ],
                [
                    -0.055615782737731934,
                    0.1174824982881546,
                    0.9915164113044739
                ]
            ]
        ],
        [
            0.027085601806640627,
            0.10345442962646484,
            1.0677164306640625,
            null,
            null,
            null,
            [
                [
                    0.9959327578544617,
                    0.0811430960893631,
                    0.03916319087147713
                ],
                [
                    -0.07480768114328384,
                    0.9869605898857117,
                    -0.14252212643623352
                ],
                [
                    -0.05021721124649048,
                    0.13901275396347046,
                    0.9890165328979492
                ]
            ]
        ],
        [
            0.02748831558227539,
            0.09621639251708984,
            1.06598974609375,
            null,
            null,
            null,
            [
                [
                    0.9922093749046326,
                    0.10828178375959396,
                    0.061608921736478806
                ],
                [
                    -0.09864876419305801,
                    0.984897255897522,
                    -0.14228790998458862
                ],
                [
                    -0.0760856494307518,
                    0.13510175049304962,
                    0.9879060983657837
                ]
            ]
        ],
        [
            0.02893149757385254,
            0.09147157287597656,
            1.065325927734375,
            null,
            null,
            null,
            [
                [
                    0.9952154755592346,
                    0.0626065731048584,
                    0.07501053065061569
                ],
                [
                    -0.05417609587311745,
                    0.9924997687339783,
                    -0.10958617925643921
                ],
                [
                    -0.0813087522983551,
                    0.10499808192253113,
                    0.9911429286003113
                ]
            ]
        ],
        [
            0.027558204650878906,
            0.082373291015625,
            1.0630889892578126,
            null,
            null,
            null,
            [
                [
                    0.9947401881217957,
                    0.07534029334783554,
                    0.06939594447612762
                ],
                [
                    -0.06522154062986374,
                    0.988278329372406,
                    -0.13802950084209442
                ],
                [
                    -0.07898169010877609,
                    0.1327773779630661,
                    0.9879939556121826
                ]
            ]
        ],
        [
            0.027375810623168944,
            0.0694950180053711,
            1.0596168212890624,
            null,
            null,
            null,
            [
                [
                    0.9926303625106812,
                    0.09007923305034637,
                    0.08105958998203278
                ],
                [
                    -0.08024912327528,
                    0.9898504018783569,
                    -0.11728715151548386
                ],
                [
                    -0.09080200642347336,
                    0.10991783440113068,
                    0.9897843599319458
                ]
            ]
        ],
        [
            0.027095367431640625,
            0.06041023635864258,
            1.0573671875,
            null,
            null,
            null,
            [
                [
                    0.9960400462150574,
                    0.05293406546115875,
                    0.07142981141805649
                ],
                [
                    -0.04595284163951874,
                    0.9943133592605591,
                    -0.0960688591003418
                ],
                [
                    -0.07610893249511719,
                    0.0924060270190239,
                    0.9928084015846252
                ]
            ]
        ],
        [
            0.021206878662109376,
            0.04427673721313476,
            1.0566175537109375,
            null,
            null,
            null,
            [
                [
                    0.9961283206939697,
                    0.0616520494222641,
                    0.0626688301563263
                ],
                [
                    -0.051086023449897766,
                    0.9861029982566833,
                    -0.15808558464050293
                ],
                [
                    -0.07154422253370285,
                    0.15427203476428986,
                    0.9854347109794617
                ]
            ]
        ],
        [
            0.015665871620178223,
            0.032631946563720704,
            1.0564200439453124,
            null,
            null,
            null,
            [
                [
                    0.993853747844696,
                    0.09099417179822922,
                    0.06304557621479034
                ],
                [
                    -0.08367396146059036,
                    0.9903634190559387,
                    -0.11035843938589096
                ],
                [
                    -0.07248000055551529,
                    0.10440487414598465,
                    0.9918902516365051
                ]
            ]
        ],
        [
            0.010561504364013673,
            0.02238999938964844,
            1.0595045166015624,
            null,
            null,
            null,
            [
                [
                    0.9964640736579895,
                    0.02938186004757881,
                    0.07871532440185547
                ],
                [
                    -0.02142849937081337,
                    0.9947522878646851,
                    -0.10004334151744843
                ],
                [
                    -0.08124171197414398,
                    0.0980028435587883,
                    0.9918645024299622
                ]
            ]
        ],
        [
            0.011033946037292481,
            0.018124431610107423,
            1.061682373046875,
            null,
            null,
            null,
            [
                [
                    0.9692649841308594,
                    -0.20905843377113342,
                    0.12969174981117249
                ],
                [
                    0.21007131040096283,
                    0.9776678085327148,
                    0.005975228734314442
                ],
                [
                    -0.12804462015628815,
                    0.02145293541252613,
                    0.9915363788604736
                ]
            ]
        ],
        [
            0.020021047592163086,
            0.04061090469360352,
            1.054805419921875,
            null,
            null,
            null,
            [
                [
                    0.836455762386322,
                    -0.5074304938316345,
                    0.20701701939105988
                ],
                [
                    0.4527808427810669,
                    0.8526880145072937,
                    0.2606005072593689
                ],
                [
                    -0.30875757336616516,
                    -0.1242474690079689,
                    0.9429906010627747
                ]
            ]
        ],
        [
            0.03196937561035156,
            0.06306248474121094,
            1.047618408203125,
            null,
            null,
            null,
            [
                [
                    0.7131410837173462,
                    -0.6562557220458984,
                    0.2464919239282608
                ],
                [
                    0.5810128450393677,
                    0.7500566840171814,
                    0.3159732222557068
                ],
                [
                    -0.3922421336174011,
                    -0.08211849629878998,
                    0.9161891937255859
                ]
            ]
        ],
        [
            0.06188456344604492,
            0.1208001251220703,
            1.0370177001953125,
            null,
            null,
            null,
            [
                [
                    0.5071260333061218,
                    -0.824874758720398,
                    0.24980957806110382
                ],
                [
                    0.7649063467979431,
                    0.5643175840377808,
                    0.31058645248413086
                ],
                [
                    -0.3971668779850006,
                    0.03357445076107979,
                    0.9171320796012878
                ]
            ]
        ],
        [
            0.08833175659179687,
            0.18387022399902345,
            1.0362802734375,
            null,
            null,
            null,
            [
                [
                    0.38296112418174744,
                    -0.9109148979187012,
                    0.15354084968566895
                ],
                [
                    0.8650795817375183,
                    0.41194143891334534,
                    0.2862543761730194
                ],
                [
                    -0.3240032196044922,
                    0.023200754076242447,
                    0.9457714557647705
                ]
            ]
        ],
        [
            0.11347776794433594,
            0.25118350219726565,
            1.049489990234375,
            null,
            null,
            null,
            [
                [
                    0.22379526495933533,
                    -0.9740210771560669,
                    0.034621961414813995
                ],
                [
                    0.9519344568252563,
                    0.22606688737869263,
                    0.20667502284049988
                ],
                [
                    -0.20913270115852356,
                    -0.013295051641762257,
                    0.9777969121932983
                ]
            ]
        ],
        [
            0.12435643768310548,
            0.30931927490234373,
            1.0672921142578125,
            null,
            null,
            null,
            [
                [
                    0.08748523145914078,
                    -0.9927209615707397,
                    -0.08277343213558197
                ],
                [
                    0.9877188205718994,
                    0.07564559578895569,
                    0.13670864701271057
                ],
                [
                    -0.12945209443569183,
                    -0.09371686726808548,
                    0.9871470332145691
                ]
            ]
        ],
        [
            0.12468267822265625,
            0.35294790649414065,
            1.0850931396484376,
