{
    "radius": 0.5,
    "angular_speed": 10,
    "save_freq": 0.1,
    "pid_gains": {
        "pid_rate": {
            "roll_kp": "50.0",
            "roll_ki": "0.0",
            "roll_kd": "0.0",
            "pitch_kp": "50.0",
            "pitch_ki": "0.0",
            "pitch_kd": "0.0",
            "yaw_kp": "80.0",
            "yaw_ki": "0.0",
            "yaw_kd": "0.0"
        },
        "pid_attitude": {
            "roll_kp": "10.0",
            "roll_ki": "0.5",
            "roll_kd": "0.5",
            "pitch_kp": "13.0",
            "pitch_ki": "0.5",
            "pitch_kd": "1.5",
            "yaw_kp": "8.0",
            "yaw_ki": "0.5",
            "yaw_kd": "0.5"
        },
        "velCtlPid": {
            "vxKp": "15.0",
            "vxKi": "1.0",
            "vxKd": "0.0",
            "vyKp": "10.0",
            "vyKi": "1.0",
            "vyKd": "0.0",
            "vzKp": "12.5",
            "vzKi": "0.5",
            "vzKd": "0.0"
        },
        "posCtlPid": {
            "xKp": "1.5",
            "xKi": "0.20000000298023224",
            "xKd": "0.20000000298023224",
            "yKp": "1.5",
            "yKi": "0.20000000298023224",
            "yKd": "0.20000000298023224",
            "zKp": "5.0",
            "zKi": "0.5",
            "zKd": "0.0"
        }
    },
    "pose": [
        [
            0.4576830139160156,
            0.21058953857421875,
            0.25915972900390627,
            null,
            null,
            null,
            [
                [
                    0.9995023012161255,
                    0.02350928634405136,
                    0.02103556878864765
                ],
                [
                    -0.024089056998491287,
                    0.9993246793746948,
                    0.02774621546268463
                ],
                [
                    -0.020369069650769234,
                    -0.028239132836461067,
                    0.9993936419487
                ]
            ]
        ],
        [
            0.4582627258300781,
            0.21025108337402343,
            0.2589855651855469,
            null,
            null,
            null,
            [
                [
                    0.9994734525680542,
                    0.022805791348218918,
                    0.023081453517079353
                ],
                [
                    -0.0233644749969244,
                    0.9994332790374756,
                    0.024231787770986557
                ],
                [
                    -0.02251574769616127,
                    -0.024758314713835716,
                    0.9994398951530457
                ]
            ]
        ],
        [
            0.4504743347167969,
            0.2080637969970703,
            0.27161834716796873,
            null,
            null,
            null,
            [
                [
                    0.9976403713226318,
                    -0.007057710085064173,
                    -0.06829246878623962
                ],
                [
                    0.00928385742008686,
                    0.9994339942932129,
                    0.032334987074136734
                ],
                [
                    0.06802559643983841,
                    -0.032892704010009766,
                    0.9971411824226379
                ]
            ]
        ],
        [
            0.4258690185546875,
            0.20669270324707031,
            0.3540221862792969,
            null,
            null,
            null,
            [
                [
                    0.9707257747650146,
                    0.023910678923130035,
                    -0.23899735510349274
                ],
                [
                    -0.022682620212435722,
                    0.9997115731239319,
                    0.007887865416705608
                ],
                [
                    0.23911702632904053,
                    -0.002235868014395237,
                    0.9709881544113159
                ]
            ]
        ],
        [
            0.3869127197265625,
            0.20354751586914063,
            0.4257989501953125,
            null,
            null,
            null,
            [
                [
                    0.9829639196395874,
                    0.04274971783161163,
                    -0.17875778675079346
                ],
                [
                    -0.028445644304156303,
                    0.9962401986122131,
                    0.08183109760284424
                ],
                [
                    0.1815839558839798,
                    -0.07535213232040405,
                    0.9804842472076416
                ]
            ]
        ],
        [
            0.3121409606933594,
            0.19467864990234374,
            0.5510274047851562,
            null,
            null,
            null,
            [
                [
                    0.981801450252533,
                    -0.005512772127985954,
                    -0.18983031809329987
                ],
                [
                    -0.011059478856623173,
                    0.9962224960327148,
                    -0.08613039553165436
                ],
                [
                    0.1895880401134491,
                    0.08666236698627472,
                    0.9780316948890686
                ]
            ]
        ],
        [
            0.24600601196289062,
            0.17917765808105468,
            0.6611294555664062,
            null,
            null,
            null,
            [
                [
                    0.9918390512466431,
                    0.03644741699099541,
                    -0.12217560410499573
                ],
                [
                    -0.04957827553153038,
                    0.9931058287620544,
                    -0.10622028261423111
                ],
                [
                    0.11746185272932053,
                    0.11141068488359451,
                    0.986808180809021
                ]
            ]
        ],
        [
            0.18894143676757813,
            0.1610094757080078,
            0.7843028564453125,
            null,
            null,
            null,
            [
                [
                    0.9987272620201111,
                    0.03770812600851059,
                    -0.03349583223462105
                ],
                [
                    -0.04080541059374809,
                    0.9944291114807129,
                    -0.09718877822160721
                ],
                [
                    0.029644425958395004,
                    0.09843189269304276,
                    0.994702160358429
                ]
            ]
        ],
        [
            0.1493941650390625,
            0.1385618133544922,
            0.9074517822265625,
            null,
            null,
            null,
            [
                [
                    0.9964961409568787,
                    0.04668034613132477,
                    0.06940007954835892
                ],
                [
                    -0.05240336060523987,
                    0.9951648712158203,
                    0.08307058364152908
                ],
                [
                    -0.0651867613196373,
                    -0.0864163190126419,
                    0.994124174118042
                ]
            ]
        ],
        [
            0.12585381317138672,
            0.11761965942382813,
            1.031162353515625,
            null,
            null,
            null,
            [
                [
                    0.9912862181663513,
                    0.05404134839773178,
                    0.12012971937656403
                ],
                [
                    -0.06448575854301453,
                    0.9943068623542786,
                    0.08482629805803299
                ],
                [
                    -0.11486167460680008,
                    -0.09183379262685776,
                    0.9891275763511658
                ]
            ]
        ],
        [
            0.11803081512451172,
            0.09849720764160157,
            1.1266949462890625,
            null,
            null,
            null,
            [
                [
                    0.9984334707260132,
                    0.05573008954524994,
                    0.004980459343641996
                ],
                [
                    -0.05559631809592247,
                    0.998168408870697,
                    -0.023851575329899788
                ],
                [
                    -0.006300587672740221,
                    0.02353731542825699,
                    0.9997031092643738
                ]
            ]
        ],
        [
            0.11493283081054688,
            0.08268721771240234,
            1.18227001953125,
            null,
            null,
            null,
            [
                [
                    0.9954057931900024,
                    0.046307485550642014,
                    0.0838027149438858
                ],
                [
                    -0.04564324766397476,
                    0.9989094734191895,
                    -0.009825872257351875
                ],
                [
                    -0.08416634052991867,
                    0.005955702159553766,
                    0.9964339137077332
                ]
            ]
        ],
        [
            0.11366289520263671,
            0.07246720123291016,
            1.194985107421875,
            null,
            null,
            null,
            [
                [
                    0.998386561870575,
                    0.054122503846883774,
                    0.017176920548081398
                ],
                [
                    -0.05424733832478523,
                    0.9985038042068481,
                    0.006886410992592573
                ],
                [
                    -0.016778510063886642,
                    -0.007807102054357529,
                    0.9998287558555603
                ]
            ]
        ],
        [
            0.1107127685546875,
            0.06786737823486329,
            1.18618115234375,
            null,
            null,
            null,
            [
                [
                    0.9966641664505005,
                    0.07237552851438522,
                    -0.03771350532770157
                ],
                [
                    -0.07223839312791824,
                    0.9973748922348022,
                    0.004988125991076231
                ],
                [
                    0.03797552362084389,
                    -0.0022471232805401087,
                    0.9992761611938477
                ]
            ]
        ],
        [
            0.1107127685546875,
            0.06786737823486329,
            1.18618115234375,
            null,
            null,
            null,
            [
                [
                    0.9966641664505005,
                    0.07237552851438522,
                    -0.03771350532770157
                ],
                [
                    -0.07223839312791824,
                    0.9973748922348022,
                    0.004988125991076231
                ],
                [
                    0.03797552362084389,
                    -0.0022471232805401087,
                    0.9992761611938477
                ]
            ]
        ],
        [
            0.1107127685546875,
            0.06786737823486329,
            1.18618115234375,
            null,
            null,
            null,
            [
                [
                    0.9966641664505005,
                    0.07237552851438522,
                    -0.03771350532770157
                ],
                [
                    -0.07223839312791824,
                    0.9973748922348022,
                    0.004988125991076231
                ],
                [
                    0.03797552362084389,
                    -0.0022471232805401087,
                    0.9992761611938477
                ]
            ]
        ],
        [
            0.03794052124023437,
            0.04778881454467773,
            1.086373291015625,
            null,
            null,
            null,
            [
                [
                    0.9707648158073425,
                    0.08156225085258484,
                    -0.22575052082538605
                ],
                [
                    -0.09196177870035172,
                    0.9951143860816956,
                    -0.03592235967516899
                ],
                [
                    0.2217176854610443,
                    0.0556325800716877,
                    0.9735226035118103
                ]
            ]
        ],
        [
            0.0005743216276168823,
            0.039934520721435544,
            1.0731217041015626,
            null,
            null,
            null,
            [
                [
                    0.9780267477035522,
                    0.11349423974752426,
                    -0.17487908899784088
                ],
                [
                    -0.12538911402225494,
                    0.9903810620307922,
                    -0.0585053525865078
                ],
                [
                    0.16655690968036652,
                    0.07914773374795914,
                    0.9828501343727112
                ]
            ]
        ],
        [
            -0.04336289978027344,
            0.03030435562133789,
            1.0757447509765625,
            null,
            null,
            null,
            [
                [
                    0.9912471771240234,
                    0.10793513804674149,
                    -0.0760197713971138
                ],
                [
                    -0.11648162454366684,
                    0.9860618114471436,
                    -0.11880287528038025
                ],
                [
                    0.062137193977832794,
                    0.1266179233789444,
                    0.9900034666061401
                ]
            ]
        ],
        [
            -0.07062699127197265,
            0.02057171821594238,
            1.0893160400390625,
            null,
            null,
            null,
            [
                [
                    0.9944263100624084,
                    0.10137151926755905,
                    0.028985247015953064
                ],
                [
                    -0.09956714510917664,
                    0.9933340549468994,
                    -0.05808458477258682
                ],
                [
                    -0.03468015789985657,
                    0.054874859750270844,
                    0.9978907704353333
                ]
            ]
        ],
        [
            -0.083967529296875,
            0.017594570159912108,
            1.103893798828125,
            null,
            null,
            null,
            [
                [
                    0.9896141886711121,
                    0.10657242685556412,
                    0.09646786004304886
                ],
                [
                    -0.1056242436170578,
                    0.9942945241928101,
                    -0.014897502027451992
                ],
                [
                    -0.097505122423172,
                    0.004553434904664755,
                    0.9952245950698853
                ]
            ]
        ],
        [
            -0.0863272933959961,
            0.012262039184570313,
            1.11172802734375,
            null,
            null,
            null,
            [
                [
                    0.9905827641487122,
                    0.0854913517832756,
                    0.10694374889135361
                ],
                [
                    -0.08124915510416031,
                    0.9957475066184998,
                    -0.0434226430952549
                ],
                [
                    -0.11020123213529587,
                    0.034324634820222855,
                    0.9933164119720459
                ]
            ]
        ],
        [
            -0.0843513412475586,
            0.009010668754577636,
            1.11102490234375,
            null,
            null,
            null,
            [
                [
                    0.9937228560447693,
                    0.08489830791950226,
                    0.07285010069608688
                ],
                [
                    -0.08102702349424362,
                    0.99521803855896,
                    -0.05454939976334572
                ],
                [
                    -0.07713288068771362,
                    0.04830415919423103,
                    0.9958500266075134
                ]
            ]
        ],
        [
            -0.0820877685546875,
            0.007940385818481445,
            1.1055556640625,
            null,
            null,
            null,
            [
                [
                    0.9962171316146851,
                    0.08570563793182373,
                    0.014349769800901413
                ],
                [
                    -0.08507238328456879,
                    0.995568037033081,
                    -0.04008634388446808
                ],
                [
                    -0.01772179827094078,
                    0.038713935762643814,
                    0.9990931749343872
                ]
            ]
        ],
        [
            -0.08483240509033203,
            0.007850828170776368,
            1.097519775390625,
            null,
            null,
            null,
            [
                [
                    0.9959076046943665,
                    0.06929677724838257,
                    -0.05801752582192421
                ],
                [
                    -0.07348527759313583,
                    0.9945858716964722,
                    -0.07347701489925385
                ],
                [
                    0.052611690014600754,
                    0.07743974775075912,
                    0.9956079125404358
                ]
            ]
        ],
        [
            -0.09697334289550781,
            0.005177535057067871,
            1.09031494140625,
            null,
            null,
            null,
            [
                [
                    0.9894818663597107,
                    0.09692469984292984,
                    -0.10738346725702286
                ],
                [
                    -0.10523636639118195,
                    0.9916423559188843,
                    -0.07463756948709488
                ],
                [
                    0.09925176948308945,
                    0.08515316992998123,
                    0.9914121627807617
                ]
            ]
        ],
        [
            -0.11700506591796875,
            0.00613420295715332,
            1.086432861328125,
            null,
            null,
            null,
            [
                [
                    0.9891354441642761,
                    0.09579312056303024,
                    -0.11151135712862015
                ],
                [
                    -0.09948929399251938,
                    0.9946430325508118,
                    -0.028054773807525635
                ],
                [
                    0.10822654515504837,
                    0.03884415701031685,
                    0.993367075920105
                ]
            ]
        ],
        [
            -0.1446993408203125,
            0.007506649017333985,
            1.0825823974609374,
            null,
            null,
            null,
            [
                [
                    0.9935979247093201,
                    0.08015921711921692,
                    -0.07960976660251617
                ],
                [
                    -0.0855795368552208,
                    0.9940637946128845,
                    -0.06718111783266068
                ],
                [
                    0.0737520083785057,
                    0.07356398552656174,
                    0.9945597052574158
                ]
            ]
        ],
        [
            -0.16900787353515626,
            0.006119229316711426,
            1.0802421875,
            null,
            null,
            null,
            [
                [
                    0.9971518516540527,
                    0.07523336261510849,
                    -0.005308636464178562
                ],
                [
                    -0.07542028278112411,
                    0.994814395904541,
                    -0.06823529303073883
                ],
                [
                    0.00014753756113350391,
                    0.06844132393598557,
                    0.9976551532745361
                ]
            ]
        ],
        [
            -0.18457810974121094,
            0.006925168514251709,
            1.0790213623046876,
            null,
            null,
            null,
            [
                [
                    0.9940859079360962,
                    0.08239332586526871,
                    0.07074278593063354
                ],
                [
                    -0.07886651903390884,
                    0.9955652952194214,
                    -0.051282092928886414
                ],
                [
                    -0.07465436309576035,
                    0.04539956897497177,
                    0.9961754679679871
                ]
            ]
        ],
        [
            -0.18826609802246094,
            0.003984965562820434,
            1.0755633544921874,
            null,
            null,
            null,
            [
                [
                    0.9878732562065125,
                    0.08726751059293747,
                    0.128416508436203
                ],
                [
                    -0.07497590035200119,
                    0.9923946857452393,
                    -0.0976286455988884
                ],
                [
                    -0.1359596699476242,
                    0.08681658655405045,
                    0.986903190612793
                ]
            ]
        ],
        [
            -0.17916575622558595,
            -0.000965974748134613,
            1.07161865234375,
            null,
            null,
            null,
            [
                [
                    0.9813187122344971,
                    0.09614769369363785,
                    0.16664108633995056
                ],
                [
                    -0.08067381381988525,
                    0.9919824600219727,
                    -0.09727557003498077
                ],
                [
                    -0.17465785145759583,
                    0.08201476186513901,
                    0.981207549571991
                ]
            ]
        ],
        [
            -0.16212930297851563,
            -0.0028339591026306154,
            1.0704456787109375,
            null,
            null,
            null,
            [
                [
                    0.983683168888092,
                    0.09368959814310074,
                    0.15358932316303253
                ],
                [
                    -0.08472974598407745,
                    0.9943532943725586,
                    -0.06389336287975311
                ],
                [
                    -0.15870818495750427,
                    0.04983723908662796,
                    0.9860669374465942
                ]
            ]
        ],
        [
            -0.14222567749023438,
            -0.0065484318733215335,
            1.0703065185546874,
            null,
            null,
            null,
            [
                [
                    0.9934322834014893,
                    0.057683587074279785,
                    0.0988173633813858
                ],
                [
                    -0.049813371151685715,
                    0.9955219626426697,
                    -0.08034078776836395
                ],
                [
                    -0.10300920158624649,
                    0.07489071041345596,
                    0.99185711145401
                ]
            ]
        ],
        [
            -0.12630091857910156,
            -0.011190739631652832,
            1.0729716796875,
            null,
            null,
            null,
            [
                [
                    0.9963598847389221,
                    0.07926710695028305,
                    0.03136409446597099
                ],
                [
                    -0.07599597424268723,
                    0.9926227331161499,
                    -0.09447065740823746
                ],
                [
                    -0.03862112760543823,
                    0.09174322336912155,
                    0.9950334429740906
                ]
            ]
        ],
        [
            -0.11765413665771485,
            -0.010509697914123536,
            1.076484619140625,
            null,
            null,
            null,
            [
                [
                    0.9955072402954102,
                    0.07824037224054337,
                    -0.05332748964428902
                ],
                [
                    -0.07938094437122345,
                    0.9966514110565186,
                    -0.019613277167081833
                ],
                [
                    0.051614366471767426,
                    0.02375834621489048,
                    0.998384416103363
                ]
            ]
        ],
        [
            -0.11987741851806641,
            -0.010467062950134278,
            1.077494384765625,
            null,
            null,
            null,
            [
                [
                    0.9923381209373474,
                    0.08838214725255966,
                    -0.08633420616388321
                ],
                [
                    -0.09398733824491501,
                    0.9935673475265503,
                    -0.06316850334405899
                ],
                [
                    0.08019588142633438,
                    0.0707988366484642,
                    0.994261622428894
                ]
            ]
        ],
        [
            -0.12764220428466796,
            -0.012277108192443847,
            1.0773875732421876,
            null,
            null,
            null,
            [
                [
                    0.9939988851547241,
                    0.08599965274333954,
                    -0.06760381907224655
                ],
                [
                    -0.09085480123758316,
                    0.9932315945625305,
                    -0.07236277312040329
                ],
                [
                    0.060923077166080475,
                    0.07807064801454544,
                    0.9950845837593079
                ]
            ]
        ],
        [
            -0.1398863525390625,
            -0.009602197647094727,
            1.076538330078125,
            null,
            null,
            null,
            [
                [
                    0.9961971640586853,
                    0.08641833811998367,
                    -0.011096294037997723
                ],
                [
                    -0.08682862669229507,
                    0.995237410068512,
                    -0.044309020042419434
                ],
                [
                    0.0072143347933888435,
                    0.045103996992111206,
                    0.9989562630653381
                ]
            ]
        ],
        [
            -0.14787423706054686,
            -0.005699835777282715,
            1.074879150390625,
            null,
            null,
            null,
            [
                [
                    0.9936982989311218,
                    0.0950867161154747,
                    0.059347964823246
                ],
                [
                    -0.091133251786232,
                    0.9936422109603882,
                    -0.06610521674156189
                ],
                [
                    -0.06525637209415436,
                    0.06028006970882416,
                    0.9960461258888245
                ]
            ]
        ],
        [
            -0.1464091339111328,
            -0.006075658321380615,
            1.0717908935546876,
            null,
            null,
            null,
            [
                [
                    0.9875220060348511,
                    0.09878644347190857,
                    0.12264394015073776
                ],
                [
                    -0.09010183811187744,
                    0.9931454062461853,
                    -0.07445745170116425
                ],
                [
                    -0.1291586458683014,
                    0.06247792765498161,
                    0.9896537661552429
                ]
            ]
        ],
        [
            -0.1329707794189453,
            -0.005354312419891358,
            1.068254150390625,
            null,
            null,
            null,
            [
                [
                    0.9798412322998047,
                    0.10052695125341415,
                    0.17264270782470703
                ],
                [
                    -0.09237693250179291,
                    0.9942243099212646,
                    -0.05463080853223801
                ],
                [
                    -0.17713744938373566,
                    0.03758131340146065,
                    0.9834683537483215
                ]
            ]
        ],
        [
            -0.11066687774658203,
            -0.008239413261413574,
            1.063822021484375,
            null,
            null,
            null,
            [
                [
                    0.980818510055542,
                    0.10679058730602264,
                    0.1630670428276062
                ],
                [
                    -0.08992964029312134,
                    0.9901281595230103,
                    -0.10751228779554367
                ],
                [
                    -0.17293857038021088,
                    0.09078548103570938,
                    0.9807396531105042
                ]
            ]
        ],
        [
            -0.08172162628173828,
            -0.0159710168838501,
            1.0602325439453124,
            null,
            null,
            null,
            [
                [
                    0.9853430390357971,
                    0.11232355982065201,
                    0.1283840835094452
                ],
                [
                    -0.09825094789266586,
                    0.9889350533485413,
                    -0.11114943027496338
                ],
                [
                    -0.13944822549819946,
                    0.09690646827220917,
                    0.9854761958122253
                ]
            ]
        ],
        [
            -0.0547962532043457,
            -0.019820829391479493,
            1.059079345703125,
            null,
            null,
            null,
            [
                [
                    0.9911800026893616,
                    0.1136544793844223,
                    0.06815319508314133
                ],
                [
                    -0.1101173609495163,
                    0.9924724102020264,
                    -0.05359714478254318
                ],
                [
                    -0.07373172044754028,
                    0.04561956971883774,
                    0.9962341785430908
                ]
            ]
        ],
        [
            -0.035235034942626954,
            -0.02648580551147461,
            1.058403076171875,
            null,
            null,
            null,
            [
                [
                    0.990959882736206,
                    0.1340746283531189,
                    -0.00474286824464798
                ],
                [
                    -0.1340847760438919,
                    0.9886243939399719,
                    -0.0681399255990982
                ],
                [
                    -0.004446919541805983,
                    0.06815987825393677,
                    0.9976645112037659
                ]
            ]
        ],
        [
            -0.025591753005981446,
            -0.03577108764648437,
            1.0581146240234376,
            null,
            null,
            null,
            [
                [
                    0.9888439178466797,
                    0.14015688002109528,
                    -0.0504361093044281
                ],
                [
                    -0.1432502567768097,
                    0.9876099824905396,
                    -0.06407701969146729
                ],
                [
                    0.04083037003874779,
                    0.0705871507525444,
                    0.9966696500778198
                ]
            ]
        ],
        [
            -0.024086009979248046,
            -0.03919670104980469,
            1.054319580078125,
            null,
            null,
            null,
            [
                [
                    0.9865067601203918,
                    0.15220274031162262,
                    -0.060322441160678864
                ],
                [
                    -0.15271955728530884,
                    0.988261342048645,
                    -0.00402491819113493
                ],
                [
                    0.05900173261761665,
                    0.013183025643229485,
                    0.9981708526611328
                ]
            ]
        ],
        [
            -0.030669660568237306,
            -0.041702285766601566,
            1.049881103515625,
            null,
            null,
            null,
            [
                [
                    0.9872913956642151,
                    0.15217658877372742,
                    -0.04580438509583473
                ],
                [
                    -0.15293055772781372,
                    0.9881458878517151,
                    -0.013412557542324066
                ],
                [
                    0.043220341205596924,
                    0.020246991887688637,
                    0.9988603591918945
                ]
            ]
        ],
        [
            -0.03939401626586914,
            -0.046388343811035154,
            1.048522216796875,
            null,
            null,
            null,
            [
                [
                    0.9915467500686646,
                    0.12974657118320465,
                    0.0009324933052994311
                ],
                [
                    -0.12954562902450562,
                    0.9903631210327148,
                    -0.04897797480225563
                ],
                [
                    -0.00727823143824935,
                    0.04844314977526665,
                    0.9987994432449341
                ]
            ]
        ],
        [
            -0.03622586822509766,
            -0.042706790924072265,
            1.04896435546875,
            null,
            null,
            null,
            [
                [
                    0.9873058795928955,
                    -0.11609511822462082,
                    0.10839318484067917
                ],
                [
                    0.11489629000425339,
                    0.993227481842041,
                    0.017262017354369164
                ],
                [
                    -0.10966312885284424,
                    -0.004588916897773743,
                    0.9939582347869873
                ]
            ]
        ],
        [
            -0.02185194396972656,
            -0.02562321662902832,
            1.045890869140625,
            null,
            null,
            null,
            [
                [
                    0.8952590823173523,
                    -0.36957162618637085,
                    0.2488534301519394
                ],
                [
                    0.35253989696502686,
                    0.9291228652000427,
                    0.11156322062015533
                ],
                [
                    -0.27244600653648376,
                    -0.012147216126322746,
                    0.9620943665504456
                ]
            ]
        ],
        [
            0.012418562889099122,
            0.0008615639805793762,
            1.0392816162109375,
            null,
            null,
            null,
            [
                [
                    0.7575684189796448,
                    -0.5608135461807251,
                    0.3340332806110382
                ],
                [
                    0.5381228923797607,
                    0.8262146711349487,
                    0.16671250760555267
                ],
                [
                    -0.3694778382778168,
                    0.05345480889081955,
                    0.9277007579803467
                ]
            ]
        ],
        [
            0.05807472610473633,
            0.045257633209228515,
            1.0289775390625,
            null,
            null,
            null,
            [
                [
                    0.600308895111084,
                    -0.7498354911804199,
                    0.2781653106212616
                ],
                [
                    0.7108787894248962,
                    0.6596348285675049,
                    0.2439943253993988
                ],
                [
                    -0.36644312739372253,
                    0.051269855350255966,
                    0.9290268421173096
                ]
            ]
        ],
        [
            0.10319256591796876,
            0.09605473327636718,
            1.026566162109375,
            null,
            null,
            null,
            [
                [
                    0.4773886501789093,
                    -0.862837016582489,
                    0.166169673204422
                ],
                [
                    0.8341776728630066,
                    0.504454493522644,
                    0.22287508845329285
                ],
                [
                    -0.27612993121147156,
                    0.03221699222922325,
                    0.9605802297592163
                ]
            ]
        ],
        [
            0.14543003845214844,
            0.15150698852539063,
            1.0356407470703124,
            null,
            null,
            null,
            [
                [
                    0.34584906697273254,
                    -0.9381334781646729,
                    0.017144815996289253
                ],
                [
                    0.9188719391822815,
                    0.34233325719833374,
                    0.19616906344890594
                ],
                [
                    -0.18990200757980347,
                    -0.05209099501371384,
                    0.9804201722145081
                ]
            ]
        ],
        [
            0.16815823364257812,
            0.19568496704101562,
            1.05132373046875,
            null,
            null,
            null,
            [
                [
                    0.150445818901062,
                    -0.9805856347084045,
                    -0.12576919794082642
                ],
                [
                    0.9858371019363403,
                    0.13926789164543152,
                    0.09343282133340836
                ],
                [
                    -0.07410327345132828,
                    -0.13804450631141663,
                    0.9876499176025391
                ]
            ]
        ],
        [
            0.18205368041992187,
