{
    "radius": 0.3,
    "angular_speed": 12,
    "save_freq": 0.1,
    "pid_gains": {
        "pid_rate": {
            "roll_kp": "50.0",
            "roll_ki": "0.0",
            "roll_kd": "0.0",
            "pitch_kp": "50.0",
            "pitch_ki": "0.0",
            "pitch_kd": "0.0",
            "yaw_kp": "80.0",
            "yaw_ki": "0.0",
            "yaw_kd": "0.0"
        },
        "pid_attitude": {
            "roll_kp": "10.0",
            "roll_ki": "0.5",
            "roll_kd": "0.5",
            "pitch_kp": "13.0",
            "pitch_ki": "0.5",
            "pitch_kd": "1.5",
            "yaw_kp": "8.0",
            "yaw_ki": "0.5",
            "yaw_kd": "0.5"
        },
        "velCtlPid": {
            "vxKp": "15.0",
            "vxKi": "1.0",
            "vxKd": "0.0",
            "vyKp": "10.0",
            "vyKi": "1.0",
            "vyKd": "0.0",
            "vzKp": "12.5",
            "vzKi": "0.5",
            "vzKd": "0.0"
        },
        "posCtlPid": {
            "xKp": "1.5",
            "xKi": "0.20000000298023224",
            "xKd": "0.20000000298023224",
            "yKp": "1.5",
            "yKi": "0.20000000298023224",
            "yKd": "0.20000000298023224",
            "zKp": "5.0",
            "zKi": "0.5",
            "zKd": "0.0"
        }
    },
    "pose": [
        [
            -0.008195831298828124,
            -0.12431931304931641,
            0.2624779968261719,
            null,
            null,
            null,
            [
                [
                    0.9983521699905396,
                    -0.023751063272356987,
                    0.05223790928721428
                ],
                [
                    0.022520774975419044,
                    0.9994578957557678,
                    0.024015560746192932
                ],
                [
                    -0.05277998745441437,
                    -0.022799549624323845,
                    0.9983458518981934
                ]
            ]
        ],
        [
            -0.008124104499816895,
            -0.12430595397949219,
            0.26243939208984374,
            null,
            null,
            null,
            [
                [
                    0.9983384013175964,
                    -0.021386370062828064,
                    0.05350727587938309
                ],
                [
                    0.01997329108417034,
                    0.9994410872459412,
                    0.026805948466062546
                ],
                [
                    -0.05405065044760704,
                    -0.025692692026495934,
                    0.9982076287269592
                ]
            ]
        ],
        [
            -0.008475939750671386,
            -0.11906201934814453,
            0.27743280029296874,
            null,
            null,
            null,
            [
                [
                    0.9989588856697083,
                    -0.015567566268146038,
                    -0.04288100823760033
                ],
                [
                    0.019048169255256653,
                    0.9964507222175598,
                    0.08199495822191238
                ],
                [
                    0.04145234823226929,
                    -0.08272639662027359,
                    0.9957098364830017
                ]
            ]
        ],
        [
            -0.009614540100097655,
            -0.11573544311523437,
            0.36455984497070315,
            null,
            null,
            null,
            [
                [
                    0.9994246363639832,
                    -0.018290821462869644,
                    0.02856297232210636
                ],
                [
                    0.014008142985403538,
                    0.9895473122596741,
                    0.14352668821811676
                ],
                [
                    -0.030889634042978287,
                    -0.14304399490356445,
                    0.9892341494560242
                ]
            ]
        ],
        [
            -0.018791337966918946,
            -0.10977120971679688,
            0.4935816345214844,
            null,
            null,
            null,
            [
                [
                    0.9996338486671448,
                    -0.023504966869950294,
                    0.013403433375060558
                ],
                [
                    0.02378094010055065,
                    0.9995004534721375,
                    -0.020816190168261528
                ],
                [
                    -0.012907454743981361,
                    0.02112731523811817,
                    0.9996934533119202
                ]
            ]
        ],
        [
            -0.03030179786682129,
            -0.11611437225341797,
            0.6205851440429687,
            null,
            null,
            null,
            [
                [
                    0.9994407296180725,
                    -0.010645197704434395,
                    0.031700558960437775
                ],
                [
                    0.012956948019564152,
                    0.9972010254859924,
                    -0.07363589107990265
                ],
                [
                    -0.03082796186208725,
                    0.07400544732809067,
                    0.9967812299728394
                ]
            ]
        ],
        [
            -0.04271825408935547,
            -0.12858767700195312,
            0.7488731079101563,
            null,
            null,
            null,
            [
                [
                    0.997581958770752,
                    -0.034893229603767395,
                    0.060105305165052414
                ],
                [
                    0.04068111628293991,
                    0.9943612217903137,
                    -0.09793265163898468
                ],
                [
                    -0.05634919926524162,
                    0.1001409962773323,
                    0.9933763146400452
                ]
            ]
        ],
        [
            -0.04941727828979492,
            -0.13950167846679687,
            0.8746757202148437,
            null,
            null,
            null,
            [
                [
                    0.9709566831588745,
                    -0.03283959999680519,
                    0.236990824341774
                ],
                [
                    0.04118289798498154,
                    0.9986909031867981,
                    -0.03033958189189434
                ],
                [
                    -0.23568423092365265,
                    0.03921838849782944,
                    0.9710380434989929
                ]
            ]
        ],
        [
            -0.05198939895629883,
            -0.145845703125,
            0.9995106811523438,
            null,
            null,
            null,
            [
                [
                    0.9932829141616821,
                    -0.0035927037242799997,
                    0.11565539240837097
                ],
                [
                    0.016101310029625893,
                    0.9940851926803589,
                    -0.10740271210670471
                ],
                [
                    -0.11458545178174973,
                    0.10854347795248032,
                    0.9874656796455383
                ]
            ]
        ],
        [
            -0.046190914154052735,
            -0.14310166931152343,
            1.0979381103515624,
            null,
            null,
            null,
            [
                [
                    0.9857345819473267,
                    -0.027494344860315323,
                    0.16604623198509216
                ],
                [
                    -0.0030237187165766954,
                    0.983514666557312,
                    0.1808031052350998
                ],
                [
                    -0.1682799756526947,
                    -0.1787259578704834,
                    0.9694012999534607
                ]
            ]
        ],
        [
            -0.03648683166503906,
            -0.13076254272460938,
            1.158375732421875,
            null,
            null,
            null,
            [
                [
                    0.9875337481498718,
                    -0.06166018918156624,
                    0.14482800662517548
                ],
                [
                    0.042734041810035706,
                    0.9905486702919006,
                    0.13033466041088104
                ],
                [
                    -0.15149565041065216,
                    -0.12252078205347061,
                    0.9808351993560791
                ]
            ]
        ],
        [
            -0.022838788986206053,
            -0.11381569671630859,
            1.1814736328125,
            null,
            null,
            null,
            [
                [
                    0.9925617575645447,
                    -0.04726559296250343,
                    0.11219225823879242
                ],
                [
                    0.033189672976732254,
                    0.9917058944702148,
                    0.12416872382164001
                ],
                [
                    -0.11713062971830368,
                    -0.11952150613069534,
                    0.9858980774879456
                ]
            ]
        ],
        [
            -0.005372786998748779,
            -0.09368146514892578,
            1.17927392578125,
            null,
            null,
            null,
            [
                [
                    0.9951497316360474,
                    -0.022951489314436913,
                    0.09565699100494385
                ],
                [
                    0.014700537547469139,
                    0.9961794018745422,
                    0.08608430624008179
                ],
                [
                    -0.097267284989357,
                    -0.08426056802272797,
                    0.9916850328445435
                ]
            ]
        ],
        [
            0.012166690826416016,
            -0.07467041015625,
            1.1656549072265625,
            null,
            null,
            null,
            [
                [
                    0.9960740804672241,
                    -0.01659294031560421,
                    0.08695460855960846
                ],
                [
                    0.01666017435491085,
                    0.9998611807823181,
                    -4.7491044824710116e-05
                ],
                [
                    -0.08694175630807877,
                    0.001495983568020165,
                    0.9962122440338135
                ]
            ]
        ],
        [
            0.025898792266845702,
            -0.05977897644042969,
            1.1493909912109375,
            null,
            null,
            null,
            [
                [
                    0.9993861317634583,
                    -0.006914945784956217,
                    0.034344110637903214
                ],
                [
                    0.009540407918393612,
                    0.99699467420578,
                    -0.07688035070896149
                ],
                [
                    -0.03370927274227142,
                    0.07716081291437149,
                    0.9964486360549927
                ]
            ]
        ],
        [
            0.03381821060180664,
            -0.04983698654174805,
            1.133203125,
            null,
            null,
            null,
            [
                [
                    0.9996642470359802,
                    -0.012240205891430378,
                    -0.022838445380330086
                ],
                [
                    0.010382666252553463,
                    0.9967607855796814,
                    -0.07975049316883087
                ],
                [
                    0.023740630596876144,
                    0.07948659360408783,
                    0.9965531826019287
                ]
            ]
        ],
        [
            0.031303606033325194,
            -0.04721863555908203,
            1.118375732421875,
            null,
            null,
            null,
            [
                [
                    0.9972577095031738,
                    -0.0287371426820755,
                    -0.06820037961006165
                ],
                [
                    0.02153027430176735,
                    0.9943287372589111,
                    -0.1041480228304863
                ],
                [
                    0.07080651074647903,
                    0.10239404439926147,
                    0.9922206997871399
                ]
            ]
        ],
        [
            0.02094259452819824,
            -0.04687553024291992,
            1.108626953125,
            null,
            null,
            null,
            [
                [
                    0.9982582926750183,
                    -0.021971404552459717,
                    -0.054751139134168625
                ],
                [
                    0.01761077344417572,
                    0.9967276453971863,
                    -0.07889162749052048
                ],
                [
                    0.056305333971977234,
                    0.07779001444578171,
                    0.9953785538673401
                ]
            ]
        ],
        [
            0.007071497440338134,
            -0.04881219863891602,
            1.10695849609375,
            null,
            null,
            null,
            [
                [
                    0.9999949336051941,
                    0.0014710178365930915,
                    0.002832310274243355
                ],
                [
                    -0.0014405128313228488,
                    0.9999412894248962,
                    -0.010742459446191788
                ],
                [
                    -0.002847946248948574,
                    0.010738324373960495,
                    0.9999383091926575
                ]
            ]
        ],
        [
            -0.001900936484336853,
            -0.03744361114501953,
            1.11003125,
            null,
            null,
            null,
            [
                [
                    0.9970049858093262,
                    -0.006991967558860779,
                    0.07702095806598663
                ],
                [
                    0.001499026082456112,
                    0.9974648356437683,
                    0.07114563882350922
                ],
                [
                    -0.07732314616441727,
                    -0.07081709802150726,
                    0.9944878220558167
                ]
            ]
        ],
        [
            -0.0003920835256576538,
            -0.025065099716186524,
            1.114846923828125,
            null,
            null,
            null,
            [
                [
                    0.9899207949638367,
                    -0.03077627532184124,
                    0.13823768496513367
                ],
                [
                    0.024706033989787102,
                    0.9986626505851746,
                    0.04541525989770889
                ],
                [
                    -0.13945052027702332,
                    -0.04154220595955849,
                    0.9893572926521301
                ]
            ]
        ],
        [
            0.010767044067382813,
            -0.013649469375610351,
            1.1151026611328125,
            null,
            null,
            null,
            [
                [
                    0.9869019985198975,
                    -0.012846079654991627,
                    0.16080859303474426
                ],
                [
                    0.012014808133244514,
                    0.999908983707428,
                    0.006140663754194975
                ],
                [
                    -0.16087284684181213,
                    -0.0041281492449343204,
                    0.9869664907455444
                ]
            ]
        ],
        [
            0.02977398681640625,
            0.0006035532355308532,
            1.1133585205078125,
            null,
            null,
            null,
            [
                [
                    0.9858260750770569,
                    -0.01170360203832388,
                    0.16736166179180145
                ],
                [
                    0.017902472987771034,
                    0.99920654296875,
                    -0.03557810187339783
                ],
                [
                    -0.166812464594841,
                    0.03807000815868378,
                    0.9852533936500549
                ]
            ]
        ],
        [
            0.05104341125488281,
            0.013345823287963868,
            1.1105545654296876,
            null,
            null,
            null,
            [
                [
                    0.9943555593490601,
                    -0.024423858150839806,
                    0.10324995964765549
                ],
                [
                    0.031167002394795418,
                    0.9974496960639954,
                    -0.06420837342739105
                ],
                [
                    -0.10141842812299728,
                    0.06706394255161285,
                    0.9925808310508728
                ]
            ]
        ],
        [
            0.06777459716796876,
            0.02417873001098633,
            1.1061441650390624,
            null,
            null,
            null,
            [
                [
                    0.9991023540496826,
                    -0.022584525868296623,
                    0.03583863750100136
                ],
                [
                    0.023560170084238052,
                    0.9993566870689392,
                    -0.027038544416427612
                ],
                [
                    -0.0352049320936203,
                    0.027858639135956764,
                    0.9989917278289795
                ]
            ]
        ],
        [
            0.07789594268798829,
            0.035479904174804684,
            1.1006341552734376,
            null,
            null,
            null,
            [
                [
                    0.9993810653686523,
                    -0.031410202383995056,
                    -0.015840092673897743
                ],
                [
                    0.030896635726094246,
                    0.9990202188491821,
                    -0.03168639913201332
                ],
                [
                    0.016819849610328674,
                    0.031177381053566933,
                    0.9993723630905151
                ]
            ]
        ],
        [
            0.07748225402832032,
            0.04228762054443359,
            1.0978289794921876,
            null,
            null,
            null,
            [
                [
                    0.9982327222824097,
                    -0.002538815140724182,
                    -0.05937135964632034
                ],
                [
                    -0.0011364382226020098,
                    0.9980887174606323,
                    -0.06178724020719528
                ],
                [
                    0.05941474810242653,
                    0.06174551695585251,
                    0.9963219165802002
                ]
            ]
        ],
        [
            0.06891815948486328,
            0.056341968536376956,
            1.096170166015625,
            null,
            null,
            null,
            [
                [
                    0.9973090291023254,
                    0.017669763416051865,
                    -0.07115085422992706
                ],
                [
                    -0.01747172512114048,
                    0.999841570854187,
                    0.00340480450540781
                ],
                [
                    0.07119974493980408,
                    -0.0021525139454752207,
                    0.9974597692489624
                ]
            ]
        ],
        [
            0.057863643646240234,
            0.06932289886474609,
            1.096737548828125,
            null,
            null,
            null,
            [
                [
                    0.9972546696662903,
                    -0.025224635377526283,
                    -0.06961903721094131
                ],
                [
                    0.023020870983600616,
                    0.9992138147354126,
                    -0.032277557998895645
                ],
                [
                    0.07037848979234695,
                    0.030586253851652145,
                    0.9970512986183167
                ]
            ]
        ],
        [
            0.04643365478515625,
            0.08178626251220703,
            1.0998197021484375,
            null,
            null,
            null,
            [
                [
                    0.9993395209312439,
                    -0.025328265503048897,
                    0.02605774812400341
                ],
                [
                    0.02610560692846775,
                    0.9992108345031738,
                    -0.029936933889985085
                ],
                [
                    -0.025278933346271515,
                    0.030597414821386337,
                    0.9992120862007141
                ]
            ]
        ],
        [
            0.037120059967041014,
            0.09996491241455079,
            1.101778564453125,
            null,
            null,
            null,
            [
                [
                    0.997512936592102,
                    -0.008269069716334343,
                    0.06999652832746506
                ],
                [
                    0.01051468588411808,
                    0.9994397759437561,
                    -0.031774405390024185
                ],
                [
                    -0.06969457119703293,
                    0.03243137151002884,
                    0.9970410466194153
                ]
            ]
        ],
        [
            0.03768332672119141,
            0.11420665740966797,
            1.102420654296875,
            null,
            null,
            null,
            [
                [
                    0.9928057193756104,
                    -0.0306770708411932,
                    0.11573968827724457
                ],
                [
                    0.04088098183274269,
                    0.9953826665878296,
                    -0.08684530109167099
                ],
                [
                    -0.11254111677408218,
                    0.090952068567276,
                    0.9894757270812988
                ]
            ]
        ],
        [
            0.04350363922119141,
            0.12745982360839844,
            1.0985181884765625,
            null,
            null,
            null,
            [
                [
                    0.9895995855331421,
                    -0.0630372166633606,
                    0.1293017417192459
                ],
                [
                    0.07130473107099533,
                    0.9956280589103699,
                    -0.06033565476536751
                ],
                [
                    -0.12493305653333664,
                    0.06892796605825424,
                    0.9897679686546326
                ]
            ]
        ],
        [
            0.048874107360839844,
            0.13873126220703125,
            1.093958740234375,
            null,
            null,
            null,
            [
                [
                    0.9950574636459351,
                    0.007649127393960953,
                    0.0990055575966835
                ],
                [
                    0.0011491558980196714,
                    0.9960749745368958,
                    -0.08850595355033875
                ],
                [
                    -0.09929394721984863,
                    0.08818227797746658,
                    0.9911430478096008
                ]
            ]
        ],
        [
            0.0616484260559082,
            0.14551081848144531,
            1.0892772216796875,
            null,
            null,
            null,
            [
                [
                    0.997836172580719,
                    -0.002094455063343048,
                    0.06571556627750397
                ],
                [
                    0.009074430912733078,
                    0.9943143129348755,
                    -0.10609738528728485
                ],
                [
                    -0.06511971354484558,
                    0.10646414011716843,
                    0.9921818375587463
                ]
            ]
        ],
        [
            0.07279844665527344,
            0.15604598999023436,
            1.0862242431640625,
            null,
            null,
            null,
            [
                [
                    0.9964198470115662,
                    -0.0790063738822937,
                    0.030090896412730217
                ],
                [
                    0.08027676492929459,
                    0.9958162903785706,
                    -0.04365210235118866
                ],
                [
                    -0.02651621215045452,
                    0.04591142386198044,
                    0.9985935091972351
                ]
            ]
        ],
        [
            0.07300580596923828,
            0.16357363891601562,
            1.0848619384765625,
            null,
            null,
            null,
            [
                [
                    0.9994091987609863,
                    0.02836555615067482,
                    -0.019407156854867935
                ],
                [
                    -0.030099280178546906,
                    0.9949447512626648,
                    -0.09580674022436142
                ],
                [
                    0.01659143716096878,
                    0.09633427858352661,
                    0.9952107667922974
                ]
            ]
        ],
        [
            0.0722418212890625,
            0.16563575744628906,
            1.0842567138671875,
            null,
            null,
            null,
            [
                [
                    0.9988123774528503,
                    0.030359631404280663,
                    -0.03810706362128258
                ],
                [
                    -0.03421418368816376,
                    0.9938884377479553,
                    -0.1049533411860466
                ],
                [
                    0.0346878245472908,
                    0.10613249242305756,
                    0.9937467575073242
                ]
            ]
        ],
        [
            0.06733528137207032,
            0.17193035888671876,
            1.085705322265625,
            null,
            null,
            null,
            [
                [
                    0.9981216192245483,
                    -0.042239006608724594,
                    -0.04437436908483505
                ],
                [
                    0.03880107030272484,
                    0.99637770652771,
                    -0.07567018270492554
                ],
                [
                    0.047409866005182266,
                    0.0738062709569931,
                    0.9961450099945068
                ]
            ]
        ],
        [
            0.05336384963989258,
            0.1735299835205078,
            1.08631640625,
            null,
            null,
            null,
            [
                [
                    0.9994391202926636,
                    -0.005352813750505447,
                    -0.03305657580494881
                ],
                [
                    0.001449994626455009,
                    0.9931334853172302,
                    -0.11697754263877869
                ],
                [
                    0.033455751836299896,
                    0.11686400324106216,
                    0.9925842881202698
                ]
            ]
        ],
        [
            0.04388031768798828,
            0.17246946716308595,
            1.085612548828125,
            null,
            null,
            null,
            [
                [
                    0.9992279410362244,
                    0.03918797895312309,
                    0.0027917837724089622
                ],
                [
                    -0.03859531879425049,
                    0.9924250245094299,
                    -0.11663170158863068
                ],
                [
                    -0.00734119676053524,
                    0.11643391102552414,
                    0.9931713342666626
                ]
            ]
        ],
        [
            0.040310810089111325,
            0.17559954833984376,
            1.084150390625,
            null,
            null,
            null,
            [
                [
                    0.9980335831642151,
                    -0.04313774034380913,
                    0.04547576233744621
                ],
                [
                    0.046419739723205566,
                    0.9961941242218018,
                    -0.07377323508262634
                ],
                [
                    -0.042120274156332016,
                    0.07573913782835007,
                    0.9962376356124878
                ]
            ]
        ],
        [
            0.03635501480102539,
            0.1739608612060547,
            1.079799072265625,
            null,
            null,
            null,
            [
                [
                    0.9965262413024902,
                    -0.00782914087176323,
                    0.08291034400463104
                ],
                [
                    0.018375776708126068,
                    0.9917044639587402,
                    -0.12721873819828033
                ],
                [
                    -0.08122654259204865,
                    0.12830036878585815,
                    0.9884033799171448
                ]
            ]
        ],
        [
            0.04035960388183594,
            0.16972427368164061,
            1.0741583251953124,
            null,
            null,
            null,
            [
                [
                    0.9943524599075317,
                    0.015016297809779644,
                    0.10506067425012589
                ],
                [
                    -0.004006077069789171,
                    0.9945446848869324,
                    -0.10423430055379868
                ],
                [
                    -0.10605274885892868,
                    0.1032247543334961,
                    0.9889881014823914
                ]
            ]
        ],
        [
            0.049385406494140624,
            0.16880374145507812,
            1.0711671142578125,
            null,
            null,
            null,
            [
                [
                    0.9961822628974915,
                    -0.027912190183997154,
                    0.08271533250808716
                ],
                [
                    0.03663374483585358,
                    0.9937044978141785,
                    -0.10587414354085922
                ],
                [
                    -0.07923941314220428,
                    0.10850011557340622,
                    0.9909332990646362
                ]
            ]
        ],
        [
            0.05436666870117188,
            0.1618944854736328,
            1.0710113525390625,
            null,
            null,
            null,
            [
                [
                    0.9985028505325317,
                    -0.012993613258004189,
                    0.0531345009803772
                ],
                [
                    0.020265286788344383,
                    0.990127444267273,
                    -0.1386973112821579
                ],
                [
                    -0.05080774798989296,
                    0.13956643640995026,
                    0.9889083504676819
                ]
            ]
        ],
        [
            0.06163613510131836,
            0.15569439697265625,
            1.072580078125,
            null,
            null,
            null,
            [
                [
                    0.9988366365432739,
                    0.04477019980549812,
                    0.017918134108185768
                ],
                [
                    -0.04263554513454437,
                    0.9934903383255005,
                    -0.10563691705465317
                ],
                [
                    -0.022530879825353622,
                    0.10475006699562073,
                    0.994243323802948
                ]
            ]
        ],
        [
            0.06696162414550781,
            0.14889556884765626,
            1.07531591796875,
            null,
            null,
            null,
            [
                [
                    0.9991408586502075,
                    -0.02176918275654316,
                    -0.0352659672498703
                ],
                [
                    0.01721329428255558,
                    0.9920457005500793,
                    -0.12469582259654999
                ],
                [
                    0.03769997879862785,
                    0.12398163974285126,
                    0.9915680885314941
                ]
            ]
        ],
        [
            0.06331546401977539,
            0.13724588012695313,
            1.0755352783203125,
            null,
            null,
            null,
            [
                [
                    0.9989355206489563,
                    -0.02738115005195141,
                    -0.03712235018610954
                ],
                [
                    0.022057674825191498,
                    0.9903379678726196,
                    -0.1369093507528305
                ],
                [
                    0.040512409061193466,
                    0.13594478368759155,
                    0.9898877739906311
                ]
            ]
        ],
        [
            0.05284445953369141,
            0.12445417785644532,
            1.0728311767578125,
            null,
            null,
            null,
            [
                [
                    0.9989089965820312,
                    0.029687609523534775,
                    -0.03604797273874283
                ],
                [
                    -0.033696867525577545,
                    0.9926475882530212,
                    -0.11625540256500244
                ],
                [
                    0.03233158588409424,
                    0.11734326928853989,
                    0.9925649762153625
                ]
            ]
        ],
        [
            0.04643475723266602,
            0.11630866241455078,
            1.055236328125,
            null,
            null,
            null,
            [
                [
                    0.9998096823692322,
                    -0.01945427618920803,
                    0.0014419782673940063
                ],
                [
                    0.01950683258473873,
                    0.997706949710846,
                    -0.06481004506349564
                ],
                [
                    -0.00017783927614800632,
                    0.06482584029436111,
                    0.9978965520858765
                ]
            ]
        ],
        [
            0.03708548355102539,
            0.11611654663085938,
            1.0023399047851562,
            null,
            null,
            null,
            [
                [
                    0.998026430606842,
                    -0.028052080422639847,
                    0.056181177496910095
                ],
                [
                    0.0268633421510458,
                    0.9994012713432312,
                    0.021803757175803185
                ],
                [
                    -0.05675918236374855,
                    -0.02025151252746582,
                    0.998182475566864
                ]
            ]
        ],
        [
            0.03303607559204102,
            0.11595048522949218,
            0.9346658325195313,
            null,
            null,
            null,
            [
                [
                    0.9920732975006104,
                    -0.015537428669631481,
                    0.12469623982906342
                ],
                [
                    0.014236995950341225,
                    0.9998346567153931,
                    0.011313220486044884
                ],
                [
                    -0.12485139816999435,
                    -0.00944824330508709,
                    0.99213045835495
                ]
            ]
        ],
        [
            0.03857405471801758,
            0.11031169128417968,
            0.861867919921875,
            null,
            null,
            null,
            [
                [
                    0.9849927425384521,
                    -0.024080637842416763,
                    0.17090778052806854
                ],
                [
                    0.03315410763025284,
                    0.9981768727302551,
                    -0.050435494631528854
                ],
                [
                    -0.16938167810440063,
                    0.05534489080309868,
                    0.9839953184127808
                ]
            ]
        ],
        [
            0.04890255737304688,
            0.105990966796875,
            0.8040824584960937,
            null,
            null,
            null,
            [
                [
                    0.9883248805999756,
                    -0.004422470927238464,
                    0.15229716897010803
                ],
                [
                    0.008082221262156963,
                    0.9996930360794067,
                    -0.02341965213418007
                ],
                [
                    -0.1521468609571457,
                    0.02437712252140045,
                    0.9880572557449341
                ]
            ]
        ],
        [
            0.07024944305419922,
            0.09182469177246094,
            0.7772885131835937,
            null,
            null,
            null,
            [
                [
                    0.991633415222168,
                    -0.013614129275083542,
                    0.12836593389511108
                ],
                [
                    0.03087630309164524,
                    0.9905726313591003,
                    -0.13346369564533234
                ],
                [
                    -0.12533879280090332,
                    0.13631051778793335,
                    0.9827052354812622
                ]
            ]
        ],
        [
            0.09274977874755859,
            0.07858970642089844,
            0.788361328125,
            null,
            null,
            null,
            [
                [
                    0.9974821209907532,
                    -0.001968687865883112,
                    0.07089102268218994
                ],
                [
                    0.009885826148092747,
                    0.9937148094177246,
                    -0.11150382459163666
                ],
                [
                    -0.07022594660520554,
                    0.11192388832569122,
                    0.9912322163581848
                ]
            ]
        ],
