{
    "radius": 0.9,
    "angular_speed": 12,
    "save_freq": 0.1,
    "pid_gains": {
        "pid_rate": {
            "roll_kp": "50.0",
            "roll_ki": "0.0",
            "roll_kd": "0.0",
            "pitch_kp": "50.0",
            "pitch_ki": "0.0",
            "pitch_kd": "0.0",
            "yaw_kp": "80.0",
            "yaw_ki": "0.0",
            "yaw_kd": "0.0"
        },
        "pid_attitude": {
            "roll_kp": "10.0",
            "roll_ki": "0.5",
            "roll_kd": "0.5",
            "pitch_kp": "13.0",
            "pitch_ki": "0.5",
            "pitch_kd": "1.5",
            "yaw_kp": "8.0",
            "yaw_ki": "0.5",
            "yaw_kd": "0.5"
        },
        "velCtlPid": {
            "vxKp": "15.0",
            "vxKi": "1.0",
            "vxKd": "0.0",
            "vyKp": "10.0",
            "vyKi": "1.0",
            "vyKd": "0.0",
            "vzKp": "12.5",
            "vzKi": "0.5",
            "vzKd": "0.0"
        },
        "posCtlPid": {
            "xKp": "1.5",
            "xKi": "0.20000000298023224",
            "xKd": "0.20000000298023224",
            "yKp": "1.5",
            "yKi": "0.20000000298023224",
            "yKd": "0.20000000298023224",
            "zKp": "5.0",
            "zKi": "0.5",
            "zKd": "0.0"
        }
    },
    "pose": [
        [
            0.0578553466796875,
            0.11539006805419921,
            0.26203146362304686,
            null,
            null,
            null,
            [
                [
                    0.9986104965209961,
                    0.014325191266834736,
                    0.05071305111050606
                ],
                [
                    -0.015264843590557575,
                    0.9997180104255676,
                    0.018190227448940277
                ],
                [
                    -0.05043817311525345,
                    -0.018939079716801643,
                    0.9985476136207581
                ]
            ]
        ],
        [
            0.05749184799194336,
            0.11537663269042969,
            0.2620503234863281,
            null,
            null,
            null,
            [
                [
                    0.9987053871154785,
                    0.013651740737259388,
                    0.04900171607732773
                ],
                [
                    -0.014567009173333645,
                    0.9997251629829407,
                    0.018370026722550392
                ],
                [
                    -0.04873746261000633,
                    -0.019060052931308746,
                    0.9986297488212585
                ]
            ]
        ],
        [
            0.05845508575439453,
            0.12273960876464844,
            0.27939199829101563,
            null,
            null,
            null,
            [
                [
                    0.9987573623657227,
                    0.02867227792739868,
                    0.040762726217508316
                ],
                [
                    -0.03198716416954994,
                    0.9960241317749023,
                    0.08314300328493118
                ],
                [
                    -0.03821675851941109,
                    -0.0843435674905777,
                    0.9957035779953003
                ]
            ]
        ],
        [
            0.05837445449829102,
            0.1219081802368164,
            0.37254876708984375,
            null,
            null,
            null,
            [
                [
                    0.985974907875061,
                    0.011979338712990284,
                    0.1664630025625229
                ],
                [
                    -0.008220972493290901,
                    0.999695897102356,
                    -0.023248545825481415
                ],
                [
                    -0.1666908860206604,
                    0.021553995087742805,
                    0.9857735633850098
                ]
            ]
        ],
        [
            0.052213626861572264,
            0.12047367858886719,
            0.49614984130859374,
            null,
            null,
            null,
            [
                [
                    0.9993377923965454,
                    0.03591058775782585,
                    0.0058695306070148945
                ],
                [
                    -0.033483926206827164,
                    0.9707000255584717,
                    -0.2379501461982727
                ],
                [
                    -0.014242482371628284,
                    0.23759602010250092,
                    0.9712596535682678
                ]
            ]
        ],
        [
            0.04072817611694336,
            0.11907134246826172,
            0.6232144775390625,
            null,
            null,
            null,
            [
                [
                    0.997967004776001,
                    0.06189437210559845,
                    0.015195879153907299
                ],
                [
                    -0.062487587332725525,
                    0.9971494078636169,
                    0.042288776487112045
                ],
                [
                    -0.012535125017166138,
                    -0.04315235838294029,
                    0.9989898800849915
                ]
            ]
        ],
        [
            0.02850334358215332,
            0.10846556854248048,
            0.7519959106445312,
            null,
            null,
            null,
            [
                [
                    0.9985198378562927,
                    0.05148771032691002,
                    0.017525462433695793
                ],
                [
                    -0.04963267222046852,
                    0.994378924369812,
                    -0.09352608770132065
                ],
                [
                    -0.02224239520728588,
                    0.09251781553030014,
                    0.9954625964164734
                ]
            ]
        ],
        [
            0.015605252265930175,
            0.09037810516357422,
            0.8833925170898438,
            null,
            null,
            null,
            [
                [
                    0.9995095729827881,
                    0.0192636139690876,
                    0.024688849225640297
                ],
                [
                    -0.01674807444214821,
                    0.9950128197669983,
                    -0.09833111613988876
                ],
                [
                    -0.026459934189915657,
                    0.0978693962097168,
                    0.9948474764823914
                ]
            ]
        ],
        [
            0.004929219722747803,
            0.07305742645263671,
            1.0128961181640626,
            null,
            null,
            null,
            [
                [
                    0.9989405274391174,
                    -3.514878699206747e-05,
                    0.04601961374282837
                ],
                [
                    0.0031256135553121567,
                    0.9977423548698425,
                    -0.0670851469039917
                ],
                [
                    -0.04591336101293564,
                    0.06715790927410126,
                    0.9966853857040405
                ]
            ]
        ],
        [
            -0.0013246196508407593,
            0.05457495880126953,
            1.119939208984375,
            null,
            null,
            null,
            [
                [
                    0.9922148585319519,
                    0.08077827841043472,
                    0.09478707611560822
                ],
                [
                    -0.07752198725938797,
                    0.9962831139564514,
                    -0.037553343921899796
                ],
                [
                    -0.09746826440095901,
                    0.029912902042269707,
                    0.9947890043258667
                ]
            ]
        ],
        [
            0.0037230904102325438,
            0.04207992172241211,
            1.183497802734375,
            null,
            null,
            null,
            [
                [
                    0.9787972569465637,
                    0.0032299652229994535,
                    0.20480599999427795
                ],
                [
                    -0.0032125278376042843,
                    0.9999947547912598,
                    -0.0004176386573817581
                ],
                [
                    -0.20480628311634064,
                    -0.0002491614141035825,
                    0.978802502155304
                ]
            ]
        ],
        [
            0.009903048515319824,
            0.033420528411865234,
            1.2064061279296876,
            null,
            null,
            null,
            [
                [
                    0.9893304109573364,
                    0.0044690934009850025,
                    0.1456204652786255
                ],
                [
                    -0.009569048881530762,
                    0.9993643760681152,
                    0.03434062749147415
                ],
                [
                    -0.14537443220615387,
                    -0.03536767512559891,
                    0.9887443780899048
                ]
            ]
        ],
        [
            0.015251193046569824,
            0.028559398651123048,
            1.1982662353515625,
            null,
            null,
            null,
            [
                [
                    0.9917281270027161,
                    -0.0013865588698536158,
                    0.12834857404232025
                ],
                [
                    0.0019330164650455117,
                    0.9999895691871643,
                    -0.004133138339966536
                ],
                [
                    -0.12834151089191437,
                    0.004347049165517092,
                    0.9917204976081848
                ]
            ]
        ],
        [
            0.021120574951171874,
            0.028532773971557616,
            1.1732393798828125,
            null,
            null,
            null,
            [
                [
                    0.997529149055481,
                    0.014101221226155758,
                    0.06882426887750626
                ],
                [
                    -0.014112064614892006,
                    0.9999003410339355,
                    -0.0003286722057964653
                ],
                [
                    -0.06882204115390778,
                    -0.0006433923845179379,
                    0.9976287484169006
                ]
            ]
        ],
        [
            0.021191667556762696,
            0.02201803398132324,
            1.14733056640625,
            null,
            null,
            null,
            [
                [
                    0.9989728331565857,
                    0.04228577762842178,
                    0.016286110505461693
                ],
                [
                    -0.041322167962789536,
                    0.997600793838501,
                    -0.05554431304335594
                ],
                [
                    -0.018595771864056587,
                    0.054814279079437256,
                    0.998323380947113
                ]
            ]
        ],
        [
            0.015362032890319824,
            0.019140214920043946,
            1.1278856201171874,
            null,
            null,
            null,
            [
                [
                    0.9980495572090149,
                    0.06091269478201866,
                    -0.01366498228162527
                ],
                [
                    -0.0615045465528965,
                    0.9969446063041687,
                    -0.04815242812037468
                ],
                [
                    0.010690135881304741,
                    0.04889896884560585,
                    0.9987465143203735
                ]
            ]
        ],
        [
            0.005872750759124756,
            0.016274795532226563,
            1.1175653076171874,
            null,
            null,
            null,
            [
                [
                    0.9973307251930237,
                    0.07233590632677078,
                    -0.00994865968823433
                ],
                [
                    -0.07290011644363403,
                    0.9941515922546387,
                    -0.07967530936002731
                ],
                [
                    0.00412709079682827,
                    0.08018788695335388,
                    0.9967712163925171
                ]
            ]
        ],
        [
            -0.002547399282455444,
            0.015747960090637208,
            1.1149691162109374,
            null,
            null,
            null,
            [
                [
                    0.99603271484375,
                    0.08510579913854599,
                    0.025995688512921333
                ],
                [
                    -0.08453439921140671,
                    0.9961700439453125,
                    -0.02234283834695816
                ],
                [
                    -0.027797631919384003,
                    0.020056668668985367,
                    0.9994123578071594
                ]
            ]
        ],
        [
            -0.009375357627868652,
            0.020102666854858398,
            1.1167420654296876,
            null,
            null,
            null,
            [
                [
                    0.9919800162315369,
                    0.10927528142929077,
                    0.06351788341999054
                ],
                [
                    -0.10784270614385605,
                    0.9938390254974365,
                    -0.025571240112185478
                ],
                [
                    -0.06592085212469101,
                    0.018516220152378082,
                    0.997653067111969
                ]
            ]
        ],
        [
            -0.008050633430480956,
            0.02251141929626465,
            1.1201358642578125,
            null,
            null,
            null,
            [
                [
                    0.9885358810424805,
                    0.1080067977309227,
                    0.10550501197576523
                ],
                [
                    -0.10319193452596664,
                    0.9933993220329285,
                    -0.05009191855788231
                ],
                [
                    -0.11021887511014938,
                    0.03863039240241051,
                    0.9931563138961792
                ]
            ]
        ],
        [
            2.5261973962187767e-05,
            0.032297225952148435,
            1.1206231689453126,
            null,
            null,
            null,
            [
                [
                    0.9882820248603821,
                    0.06740619987249374,
                    0.13694904744625092
                ],
                [
                    -0.06509275734424591,
                    0.9976516962051392,
                    -0.021306542679667473
                ],
                [
                    -0.13806365430355072,
                    0.012142481282353401,
                    0.9903489351272583
                ]
            ]
        ],
        [
            0.008892913818359376,
            0.044352733612060546,
            1.118590087890625,
            null,
            null,
            null,
            [
                [
                    0.9894761443138123,
                    0.08761925250291824,
                    0.11515139788389206
                ],
                [
                    -0.08164426684379578,
                    0.9951079487800598,
                    -0.05562726780772209
                ],
                [
                    -0.11946208775043488,
                    0.04564040154218674,
                    0.9917891621589661
                ]
            ]
        ],
        [
            0.021136701583862303,
            0.05294095230102539,
            1.1130411376953124,
            null,
            null,
            null,
            [
                [
                    0.9941177368164062,
                    0.07940144091844559,
                    0.07365665584802628
                ],
                [
                    -0.07215670496225357,
                    0.9927345514297485,
                    -0.0962885320186615
                ],
                [
                    -0.080766960978508,
                    0.09040731936693192,
                    0.9926244020462036
                ]
            ]
        ],
        [
            0.03025406074523926,
            0.06575450134277344,
            1.105879150390625,
            null,
            null,
            null,
            [
                [
                    0.9986236691474915,
                    0.0335465706884861,
                    0.040315836668014526
                ],
                [
                    -0.030240559950470924,
                    0.9963370561599731,
                    -0.0799872875213623
                ],
                [
                    -0.042851462960243225,
                    0.07865802198648453,
                    0.9959802627563477
                ]
            ]
        ],
        [
            0.03296672058105469,
            0.07848832702636718,
            1.09738525390625,
            null,
            null,
            null,
            [
                [
                    0.9996054768562317,
                    0.024955904111266136,
                    -0.012887416407465935
                ],
                [
                    -0.026152173057198524,
                    0.9943389296531677,
                    -0.10298635810613632
                ],
                [
                    0.010244341567158699,
                    0.10328276455402374,
                    0.9945992827415466
                ]
            ]
        ],
        [
            0.027440324783325195,
            0.08528644561767579,
            1.0911934814453126,
            null,
            null,
            null,
            [
                [
                    0.9982320666313171,
                    0.056026533246040344,
                    -0.019843610003590584
                ],
                [
                    -0.05781819671392441,
                    0.9927151203155518,
                    -0.10570614784955978
                ],
                [
                    0.013776701875030994,
                    0.10666658729314804,
                    0.9941993951797485
                ]
            ]
        ],
        [
            0.017799543380737304,
            0.09134414672851562,
            1.089445556640625,
            null,
            null,
            null,
            [
                [
                    0.9998704791069031,
                    0.009937135502696037,
                    -0.01265809964388609
                ],
                [
                    -0.011190609075129032,
                    0.9946030974388123,
                    -0.1031477227807045
                ],
                [
                    0.01156479213386774,
                    0.10327602177858353,
                    0.9945855140686035
                ]
            ]
        ],
        [
            0.0031570165157318113,
            0.08872017669677734,
            1.0914244384765626,
            null,
            null,
            null,
            [
                [
                    0.9997037649154663,
                    0.017254160717129707,
                    0.017166391015052795
                ],
                [
                    -0.015368670225143433,
                    0.994408130645752,
                    -0.10448095202445984
                ],
                [
                    -0.018873130902647972,
                    0.10418617725372314,
                    0.9943787455558777
                ]
            ]
        ],
        [
            -0.007346452713012696,
            0.08802581787109375,
            1.096008056640625,
            null,
            null,
            null,
            [
                [
                    0.9954380989074707,
                    0.04416147992014885,
                    0.08457399159669876
                ],
                [
                    -0.03704068809747696,
                    0.99577796459198,
                    -0.08398938924074173
                ],
                [
                    -0.08792601525783539,
                    0.08047355711460114,
                    0.992871105670929
                ]
            ]
        ],
        [
            -0.009866091728210449,
            0.07966020965576172,
            1.0984801025390625,
            null,
            null,
            null,
            [
                [
                    0.9910354614257812,
                    0.04623662307858467,
                    0.12534309923648834
                ],
                [
                    -0.029925048351287842,
                    0.9911895990371704,
                    -0.1290256530046463
                ],
                [
                    -0.13020449876785278,
                    0.12411809712648392,
                    0.983687698841095
                ]
            ]
        ],
        [
            -0.0074559469223022465,
            0.06730614471435546,
            1.09939697265625,
            null,
            null,
            null,
            [
                [
                    0.9876974821090698,
                    0.06503131240606308,
                    0.14221329987049103
                ],
                [
                    -0.04720177873969078,
                    0.990990936756134,
                    -0.1253354400396347
                ],
                [
                    -0.14908280968666077,
                    0.11708078533411026,
                    0.9818688035011292
                ]
            ]
        ],
        [
            0.0001234472244977951,
            0.060250400543212894,
            1.0990986328125,
            null,
            null,
            null,
            [
                [
                    0.986129105091095,
                    0.08379777520895004,
                    0.14327354729175568
                ],
                [
                    -0.07299799472093582,
                    0.9941943287849426,
                    -0.07905033230781555
                ],
                [
                    -0.1490659862756729,
                    0.06749515235424042,
                    0.9865210056304932
                ]
            ]
        ],
        [
            0.012496459007263183,
            0.04827091217041016,
            1.0969351806640626,
            null,
            null,
            null,
            [
                [
                    0.9913933873176575,
                    0.05820654332637787,
                    0.11726551502943039
                ],
                [
                    -0.04858942702412605,
                    0.9953420758247375,
                    -0.08326563984155655
                ],
                [
                    -0.12156590819358826,
                    0.07685113698244095,
                    0.9896037578582764
                ]
            ]
        ],
        [
            0.02146622657775879,
            0.03149923706054687,
            1.0953846435546875,
            null,
            null,
            null,
            [
                [
                    0.9945349097251892,
                    0.06725122034549713,
                    0.07986004650592804
                ],
                [
                    -0.06099831312894821,
                    0.995060920715332,
                    -0.07831340283155441
                ],
                [
                    -0.08473227918148041,
                    0.07301408052444458,
                    0.9937250018119812
                ]
            ]
        ],
        [
            0.02396127510070801,
            0.019850671768188475,
            1.094150390625,
            null,
            null,
            null,
            [
                [
                    0.9964637160301208,
                    0.079874686896801,
                    0.026078836992383003
                ],
                [
                    -0.07832774519920349,
                    0.9953675866127014,
                    -0.05575087293982506
                ],
                [
                    -0.030411111190915108,
                    0.05351102724671364,
                    0.9981040954589844
                ]
            ]
        ],
        [
            0.023013320922851563,
            0.006505296230316162,
            1.094048095703125,
            null,
            null,
            null,
            [
                [
                    0.9977877140045166,
                    0.06621988862752914,
                    0.00588260730728507
                ],
                [
                    -0.06550393253564835,
                    0.9943840503692627,
                    -0.08312379568815231
                ],
                [
                    -0.011354018934071064,
                    0.08255457133054733,
                    0.9965218901634216
                ]
            ]
        ],
        [
            0.017903419494628908,
            -0.009249978065490723,
            1.093044189453125,
            null,
            null,
            null,
            [
                [
                    0.9970852136611938,
                    0.07599057257175446,
                    0.006822188384830952
                ],
                [
                    -0.07545517385005951,
                    0.995384156703949,
                    -0.05930303782224655
                ],
                [
                    -0.01129717007279396,
                    0.058615412563085556,
                    0.9982166886329651
                ]
            ]
        ],
        [
            0.009546131134033202,
            -0.0200762882232666,
            1.0913951416015626,
            null,
            null,
            null,
            [
                [
                    0.9922834038734436,
                    0.12087595462799072,
                    0.027615269646048546
                ],
                [
                    -0.11940721422433853,
                    0.991597056388855,
                    -0.049771081656217575
                ],
                [
                    -0.033399347215890884,
                    0.04608955606818199,
                    0.9983788132667542
                ]
            ]
        ],
        [
            0.005971806526184082,
            -0.03333197784423828,
            1.0898583984375,
            null,
            null,
            null,
            [
                [
                    0.9904589056968689,
                    0.12511184811592102,
                    0.05777718126773834
                ],
                [
                    -0.12127793580293655,
                    0.99044269323349,
                    -0.06568853557109833
                ],
                [
                    -0.06544340401887894,
                    0.058054693043231964,
                    0.9961660504341125
                ]
            ]
        ],
        [
            0.0061582536697387695,
            -0.04214539337158203,
            1.0858505859375,
            null,
            null,
            null,
            [
                [
                    0.9905471801757812,
                    0.09798376262187958,
                    0.09599747508764267
                ],
                [
                    -0.09565896540880203,
                    0.9950050115585327,
                    -0.028538396582007408
                ],
                [
                    -0.09831426292657852,
                    0.019085608422756195,
                    0.9949724078178406
                ]
            ]
        ],
        [
            0.005754422187805175,
            -0.05267456817626953,
            1.0818486328125,
            null,
            null,
            null,
            [
                [
                    0.9879560470581055,
                    0.120291568338871,
                    0.09732820838689804
                ],
                [
                    -0.1145736426115036,
                    0.9914551973342896,
                    -0.06236603856086731
                ],
                [
                    -0.10399866104125977,
                    0.050463657826185226,
                    0.9932963848114014
                ]
            ]
        ],
        [
            0.0101895751953125,
            -0.06679776763916015,
            1.079682861328125,
            null,
            null,
            null,
            [
                [
                    0.9841008186340332,
                    0.1454109400510788,
                    0.10198620706796646
                ],
                [
                    -0.13824056088924408,
                    0.9876152276992798,
                    -0.07420030981302261
                ],
                [
                    -0.1115126684308052,
                    0.05892195552587509,
                    0.9920147061347961
                ]
            ]
        ],
        [
            0.015135636329650879,
            -0.0742816390991211,
            1.0779085693359376,
            null,
            null,
            null,
            [
                [
                    0.989835262298584,
                    0.11411196738481522,
                    0.08487988263368607
                ],
                [
                    -0.11159095168113708,
                    0.9931761622428894,
                    -0.03389059007167816
                ],
                [
                    -0.08816799521446228,
                    0.02407427504658699,
                    0.9958146810531616
                ]
            ]
        ],
        [
            0.015854606628417967,
            -0.08244860076904297,
            1.0772999267578125,
            null,
            null,
            null,
            [
                [
                    0.9888160824775696,
                    0.13894307613372803,
                    0.054199740290641785
                ],
                [
                    -0.13738557696342468,
                    0.9900168776512146,
                    -0.03149310126900673
                ],
                [
                    -0.05803440511226654,
                    0.02369462139904499,
                    0.998033344745636
                ]
            ]
        ],
        [
            0.012898223876953125,
            -0.09490155792236328,
            1.0779306640625,
            null,
            null,
            null,
            [
                [
                    0.9897990226745605,
                    0.14161933958530426,
                    0.015553494915366173
                ],
                [
                    -0.14119035005569458,
                    0.989643931388855,
                    -0.02588833123445511
                ],
                [
                    -0.01905870996415615,
                    0.023428240790963173,
                    0.9995438456535339
                ]
            ]
        ],
        [
            0.00580301284790039,
            -0.09975234222412109,
            1.0763798828125,
            null,
            null,
            null,
            [
                [
                    0.9936427474021912,
                    0.11222568899393082,
                    0.00891224853694439
                ],
                [
                    -0.11197971552610397,
                    0.9934089183807373,
                    -0.02447890117764473
                ],
                [
                    -0.011600668542087078,
                    0.023325292393565178,
                    0.9996606111526489
                ]
            ]
        ],
        [
            -0.0043232784271240235,
            -0.10530238342285156,
            1.0756546630859376,
            null,
            null,
            null,
            [
                [
                    0.9936717748641968,
                    0.11205876618623734,
                    0.0076970974914729595
                ],
                [
                    -0.11173158884048462,
                    0.9931396842002869,
                    -0.03449082747101784
                ],
                [
                    -0.011509292759001255,
                    0.03341254964470863,
                    0.9993754029273987
                ]
            ]
        ],
        [
            -0.014882455825805664,
            -0.10322979736328125,
            1.073767578125,
            null,
            null,
            null,
            [
                [
                    0.9936586618423462,
                    0.10381805896759033,
                    0.04317663609981537
                ],
                [
                    -0.10427381843328476,
                    0.9945128560066223,
                    0.008434949442744255
                ],
                [
                    -0.04206401854753494,
                    -0.012883653864264488,
                    0.9990318417549133
                ]
            ]
        ],
        [
            -0.021851291656494142,
            -0.09859769439697266,
            1.071646728515625,
            null,
            null,
            null,
            [
                [
                    0.9928765296936035,
                    0.09219152480363846,
                    0.07547774910926819
                ],
                [
                    -0.09204814583063126,
                    0.9957399964332581,
                    -0.005383608862757683
                ],
                [
                    -0.07565253973007202,
                    -0.001602328266017139,
                    0.9971329569816589
                ]
            ]
        ],
        [
            -0.024984043121337892,
            -0.09563922119140625,
            1.069662353515625,
            null,
            null,
            null,
            [
                [
                    0.9895956516265869,
                    0.0973808690905571,
                    0.10591241717338562
                ],
                [
                    -0.09409008920192719,
                    0.9949252605438232,
                    -0.03564777225255966
                ],
                [
                    -0.10884635150432587,
                    0.02531156875193119,
                    0.9937362670898438
                ]
            ]
        ],
        [
            -0.012965834617614747,
            -0.07931379699707031,
            1.053082275390625,
            null,
            null,
            null,
            [
                [
                    0.982048749923706,
                    -0.05517982318997383,
                    0.1803758591413498
                ],
                [
                    0.043461140245199203,
                    0.9967184662818909,
                    0.06828957051038742
                ],
                [
                    -0.18355214595794678,
                    -0.05922434478998184,
                    0.9812242984771729
                ]
            ]
        ],
        [
            0.011947656631469726,
            -0.0363834342956543,
            0.9878677978515625,
            null,
            null,
            null,
            [
                [
                    0.9124521613121033,
                    -0.21191857755184174,
                    0.3500308692455292
                ],
                [
                    0.11051157116889954,
                    0.9512774348258972,
                    0.28785133361816406
                ],
                [
                    -0.3939775228500366,
                    -0.22396808862686157,
                    0.8914145827293396
                ]
            ]
        ],
        [
            0.05085830307006836,
            0.008513054847717284,
            0.8933546142578125,
            null,
            null,
            null,
            [
                [
                    0.8030067086219788,
                    -0.40641945600509644,
                    0.4358938932418823
                ],
                [
                    0.26965123414993286,
                    0.9000234603881836,
                    0.34241199493408203
                ],
                [
                    -0.5314776301383972,
                    -0.15741980075836182,
                    0.8323163390159607
                ]
            ]
        ],
        [
            0.10294969177246094,
            0.06071131134033203,
            0.8156841430664062,
            null,
            null,
            null,
            [
                [
                    0.7600858211517334,
                    -0.5109326839447021,
                    0.4015187621116638
                ],
                [
                    0.39871853590011597,
                    0.8545989394187927,
                    0.33269232511520386
                ],
                [
                    -0.5131208896636963,
                    -0.09278176724910736,
                    0.853286862373352
                ]
            ]
        ],
        [
            0.1762490234375,
            0.13537904357910155,
            0.7442350463867188,
            null,
            null,
            null,
            [
                [
                    0.6918123364448547,
                    -0.672490119934082,
                    0.2629689872264862
                ],
                [
                    0.5895695686340332,
                    0.7363326549530029,
                    0.33199700713157654
                ],
                [
                    -0.41689735651016235,
                    -0.07464112341403961,
                    0.9058837294578552
                ]
            ]
        ],
        [
            0.2342138214111328,
            0.2101400909423828,
            0.6957816162109375,
            null,
            null,
            null,
            [
                [
                    0.4510177969932556,
                    -0.888469934463501,
                    0.08487684279680252
                ],
                [
                    0.823970377445221,
                    0.45104095339775085,
                    0.34297946095466614
                ],
                [
                    -0.343009889125824,
                    -0.0847538486123085,
                    0.9355003833770752
                ]
            ]
        ],
        [
            0.26596270751953127,
            0.28480633544921874,
            0.6673839721679687,
            null,
            null,
            null,
            [
                [
                    0.16573446989059448,
                    -0.9773745536804199,
                    -0.13141965866088867
                ],
                [
                    0.9385218620300293,
                    0.11539743095636368,
                    0.32536160945892334
                ],
                [
                    -0.3028346598148346,
                    -0.17726384103298187,
                    0.9364126920700073
                ]
            ]
        ],
