{
    "radius": 0.4,
    "angular_speed": 11,
    "save_freq": 0.1,
    "pid_gains": {
        "pid_rate": {
            "roll_kp": "50.0",
            "roll_ki": "0.0",
            "roll_kd": "0.0",
            "pitch_kp": "50.0",
            "pitch_ki": "0.0",
            "pitch_kd": "0.0",
            "yaw_kp": "80.0",
            "yaw_ki": "0.0",
            "yaw_kd": "0.0"
        },
        "pid_attitude": {
            "roll_kp": "10.0",
            "roll_ki": "0.5",
            "roll_kd": "0.5",
            "pitch_kp": "13.0",
            "pitch_ki": "0.5",
            "pitch_kd": "1.5",
            "yaw_kp": "8.0",
            "yaw_ki": "0.5",
            "yaw_kd": "0.5"
        },
        "velCtlPid": {
            "vxKp": "15.0",
            "vxKi": "1.0",
            "vxKd": "0.0",
            "vyKp": "10.0",
            "vyKi": "1.0",
            "vyKd": "0.0",
            "vzKp": "12.5",
            "vzKi": "0.5",
            "vzKd": "0.0"
        },
        "posCtlPid": {
            "xKp": "1.5",
            "xKi": "0.20000000298023224",
            "xKd": "0.20000000298023224",
            "yKp": "1.5",
            "yKi": "0.20000000298023224",
            "yKd": "0.20000000298023224",
            "zKp": "5.0",
            "zKi": "0.5",
            "zKd": "0.0"
        }
    },
    "pose": [
        [
            0.04288377380371094,
            0.0805955810546875,
            0.2612272033691406,
            null,
            null,
            null,
            [
                [
                    0.9969655871391296,
                    -0.058290719985961914,
                    0.05159258469939232
                ],
                [
                    0.05779192969202995,
                    0.9982668161392212,
                    0.011108741164207458
                ],
                [
                    -0.052150700241327286,
                    -0.008093398064374924,
                    0.9986064434051514
                ]
            ]
        ],
        [
            0.042944908142089844,
            0.08056609344482422,
            0.2610624694824219,
            null,
            null,
            null,
            [
                [
                    0.9971564412117004,
                    -0.05693258345127106,
                    0.04937354102730751
                ],
                [
                    0.056504786014556885,
                    0.99835205078125,
                    0.010018534027040005
                ],
                [
                    -0.049862559884786606,
                    -0.007200203835964203,
                    0.9987301230430603
                ]
            ]
        ],
        [
            0.04098690414428711,
            0.08973601531982422,
            0.2765555114746094,
            null,
            null,
            null,
            [
                [
                    0.996274471282959,
                    -0.08295866847038269,
                    0.023559799417853355
                ],
                [
                    0.08194600045681,
                    0.9957884550094604,
                    0.04111142084002495
                ],
                [
                    -0.026871126145124435,
                    -0.0390276275575161,
                    0.9988767504692078
                ]
            ]
        ],
        [
            0.03875710678100586,
            0.0929478759765625,
            0.37255401611328126,
            null,
            null,
            null,
            [
                [
                    0.9987654685974121,
                    -0.04960595816373825,
                    0.0026091549079865217
                ],
                [
                    0.049514275044202805,
                    0.989953339099884,
                    -0.1324412077665329
                ],
                [
                    0.003986931871622801,
                    0.13240690529346466,
                    0.9911874532699585
                ]
            ]
        ],
        [
            0.02839942741394043,
            0.0893716812133789,
            0.4986440734863281,
            null,
            null,
            null,
            [
                [
                    0.9969344735145569,
                    -0.06884121894836426,
                    0.03718206658959389
                ],
                [
                    0.0728900134563446,
                    0.9899019598960876,
                    -0.12157775461673737
                ],
                [
                    -0.028437038883566856,
                    0.12391526252031326,
                    0.991885244846344
                ]
            ]
        ],
        [
            0.016690967559814453,
            0.08060446166992187,
            0.6220545043945312,
            null,
            null,
            null,
            [
                [
                    0.9976173043251038,
                    -0.05715864151716232,
                    0.03863469138741493
                ],
                [
                    0.060784876346588135,
                    0.9930962324142456,
                    -0.10032462328672409
                ],
                [
                    -0.032633550465106964,
                    0.10243397951126099,
                    0.9942043423652649
                ]
            ]
        ],
        [
            0.009360602378845215,
            0.05946418380737305,
            0.7636672973632812,
            null,
            null,
            null,
            [
                [
                    0.9961177110671997,
                    -0.046088866889476776,
                    0.07500199973583221
                ],
                [
                    0.0548580065369606,
                    0.9913285970687866,
                    -0.1194077655673027
                ],
                [
                    -0.06884825229644775,
                    0.12305864691734314,
                    0.9900083541870117
                ]
            ]
        ],
        [
            0.00429033613204956,
            0.04510787582397461,
            0.8952000732421875,
            null,
            null,
            null,
            [
                [
                    0.9955006241798401,
                    -0.059769775718450546,
                    0.07352589815855026
                ],
                [
                    0.06419103592634201,
                    0.9961733222007751,
                    -0.059314604848623276
                ],
                [
                    -0.06969931721687317,
                    0.06376742571592331,
                    0.9955278635025024
                ]
            ]
        ],
        [
            0.0030728495121002198,
            0.02794776725769043,
            1.0216229858398438,
            null,
            null,
            null,
            [
                [
                    0.9956467747688293,
                    -0.02813057415187359,
                    0.0888601616024971
                ],
                [
                    0.022554293274879456,
                    0.997749388217926,
                    0.06314589828252792
                ],
                [
                    -0.09043650329113007,
                    -0.060866836458444595,
                    0.9940404891967773
                ]
            ]
        ],
        [
            0.0052995443344116214,
            0.013156878471374511,
            1.1263822021484375,
            null,
            null,
            null,
            [
                [
                    0.9955986738204956,
                    -0.03551577776670456,
                    0.08672879636287689
                ],
                [
                    0.03848697990179062,
                    0.9987196922302246,
                    -0.03282967954874039
                ],
                [
                    -0.08545178174972534,
                    0.03602311387658119,
                    0.9956908822059631
                ]
            ]
        ],
        [
            0.010192533493041993,
            0.0027664163112640383,
            1.1871483154296876,
            null,
            null,
            null,
            [
                [
                    0.9950794577598572,
                    -0.06945876032114029,
                    0.0706564411520958
                ],
                [
                    0.07212133705615997,
                    0.9967511892318726,
                    -0.035854607820510864
                ],
                [
                    -0.0679364800453186,
                    0.04077402129769325,
                    0.9968560934066772
                ]
            ]
        ],
        [
            0.016263269424438478,
            -0.0067706117630004885,
            1.2094329833984374,
            null,
            null,
            null,
            [
                [
                    0.9946219325065613,
                    -0.08244358003139496,
                    0.06269156187772751
                ],
                [
                    0.08225326240062714,
                    0.9965956211090088,
                    0.005614934954792261
                ],
                [
                    -0.0629410520195961,
                    -0.0004281520377844572,
                    0.9980171322822571
                ]
            ]
        ],
        [
            0.02276557922363281,
            -0.01585004997253418,
            1.2020771484375,
            null,
            null,
            null,
            [
                [
                    0.9965392351150513,
                    -0.08116160333156586,
                    0.017953915521502495
                ],
                [
                    0.0814410001039505,
                    0.9965589046478271,
                    -0.015419474802911282
                ],
                [
                    -0.016640665009617805,
                    0.016828296706080437,
                    0.9997199177742004
                ]
            ]
        ],
        [
            0.028498620986938478,
            -0.023238506317138672,
            1.1794664306640625,
            null,
            null,
            null,
            [
                [
                    0.9981458187103271,
                    -0.05880502611398697,
                    0.015713125467300415
                ],
                [
                    0.05919188633561134,
                    0.9979232549667358,
                    -0.02540740557014942
                ],
                [
                    -0.01418641023337841,
                    0.02629038505256176,
                    0.9995536804199219
                ]
            ]
        ],
        [
            0.03206148147583008,
            -0.030507225036621094,
            1.1556470947265625,
            null,
            null,
            null,
            [
                [
                    0.9978703260421753,
                    -0.06396905332803726,
                    -0.012759571895003319
                ],
                [
                    0.06384945660829544,
                    0.997913658618927,
                    -0.009570091031491756
                ],
                [
                    0.013345140963792801,
                    0.008735017850995064,
                    0.9998728036880493
                ]
            ]
        ],
        [
            0.03129319953918457,
            -0.037530860900878905,
            1.134748291015625,
            null,
            null,
            null,
            [
                [
                    0.9975935816764832,
                    -0.06484635174274445,
                    -0.02453518845140934
                ],
                [
                    0.0631941631436348,
                    0.9960111379623413,
                    -0.06299495697021484
                ],
                [
                    0.028522314503788948,
                    0.06129288673400879,
                    0.9977121949195862
                ]
            ]
        ],
        [
            0.02590888977050781,
            -0.04241739654541016,
            1.121710205078125,
            null,
            null,
            null,
            [
                [
                    0.9992404580116272,
                    -0.03817778080701828,
                    -0.007809893228113651
                ],
                [
                    0.03778930380940437,
                    0.9982731342315674,
                    -0.044975150376558304
                ],
                [
                    0.00951345730572939,
                    0.04464585706591606,
                    0.9989575743675232
                ]
            ]
        ],
        [
            0.020036935806274414,
            -0.0407005615234375,
            1.1175450439453125,
            null,
            null,
            null,
            [
                [
                    0.9986259937286377,
                    -0.05161688104271889,
                    0.009043158032000065
                ],
                [
                    0.051837265491485596,
                    0.9983139634132385,
                    -0.02611829712986946
                ],
                [
                    -0.0076797655783593655,
                    0.026551183313131332,
                    0.9996179342269897
                ]
            ]
        ],
        [
            0.014676513671875,
            -0.04039366149902344,
            1.119798828125,
            null,
            null,
            null,
            [
                [
                    0.9980403184890747,
                    -0.040363095700740814,
                    0.0478159636259079
                ],
                [
                    0.04202411696314812,
                    0.9985291361808777,
                    -0.034257031977176666
                ],
                [
                    -0.04636291414499283,
                    0.03619932383298874,
                    0.9982685446739197
                ]
            ]
        ],
        [
            0.013862765312194825,
            -0.033063236236572265,
            1.1223275146484375,
            null,
            null,
            null,
            [
                [
                    0.9967055916786194,
                    -0.03720388934016228,
                    0.07206834852695465
                ],
                [
                    0.03684030845761299,
                    0.9993008971214294,
                    0.006368069443851709
                ],
                [
                    -0.07225488126277924,
                    -0.0036920702550560236,
                    0.9973793625831604
                ]
            ]
        ],
        [
            0.01846035575866699,
            -0.02400200080871582,
            1.1225399169921875,
            null,
            null,
            null,
            [
                [
                    0.9938115477561951,
                    -0.06582266092300415,
                    0.08947629481554031
                ],
                [
                    0.0677221417427063,
                    0.9975352883338928,
                    -0.018358174711465836
                ],
                [
                    -0.08804737776517868,
                    0.024304091930389404,
                    0.9958197474479675
                ]
            ]
        ],
        [
            0.024423192977905274,
            -0.018412443161010743,
            1.120283447265625,
            null,
            null,
            null,
            [
                [
                    0.9941350221633911,
                    -0.06796634942293167,
                    0.08411982655525208
                ],
                [
                    0.07376215606927872,
                    0.9949669241905212,
                    -0.0678231492638588
                ],
                [
                    -0.07908675074577332,
                    0.07363022863864899,
                    0.9941447973251343
                ]
            ]
        ],
        [
            0.03181013488769531,
            -0.005674507141113281,
            1.1142763671875,
            null,
            null,
            null,
            [
                [
                    0.997070848941803,
                    -0.046036235988140106,
                    0.06107717752456665
                ],
                [
                    0.04764283820986748,
                    0.998548686504364,
                    -0.025113489478826523
                ],
                [
                    -0.05983240529894829,
                    0.02794981747865677,
                    0.9978170394897461
                ]
            ]
        ],
        [
            0.04036566162109375,
            0.006898839473724366,
            1.1069825439453125,
            null,
            null,
            null,
            [
                [
                    0.9971312880516052,
                    -0.06762798875570297,
                    0.03399527445435524
                ],
                [
                    0.0691756084561348,
                    0.9965145587921143,
                    -0.04662091284990311
                ],
                [
                    -0.030723905190825462,
                    0.048838816583156586,
                    0.9983339905738831
                ]
            ]
        ],
        [
            0.04355548858642578,
            0.01786146354675293,
            1.1015726318359376,
            null,
            null,
            null,
            [
                [
                    0.9979668855667114,
                    -0.06278184801340103,
                    0.010980159975588322
                ],
                [
                    0.06338834017515182,
                    0.9956404566764832,
                    -0.06842485815286636
                ],
                [
                    -0.006636452861130238,
                    0.06898175179958344,
                    0.9975958466529846
                ]
            ]
        ],
        [
            0.04235906600952148,
            0.03589287948608398,
            1.0975885009765625,
            null,
            null,
            null,
            [
                [
                    0.9994454979896545,
                    -0.02739621326327324,
                    -0.018924210220575333
                ],
                [
                    0.026559732854366302,
                    0.9987167119979858,
                    -0.04312204197049141
                ],
                [
                    0.020081305876374245,
                    0.0425955094397068,
                    0.9988905787467957
                ]
            ]
        ],
        [
            0.04390998077392578,
            0.05445494842529297,
            1.0952108154296876,
            null,
            null,
            null,
            [
                [
                    0.9970043301582336,
                    -0.07461638748645782,
                    -0.02036556601524353
                ],
                [
                    0.07290995121002197,
                    0.9945489168167114,
                    -0.07454290241003036
                ],
                [
                    0.025816673412919044,
                    0.07283474504947662,
                    0.997009813785553
                ]
            ]
        ],
        [
            0.04179476165771484,
            0.07006880950927734,
            1.0948134765625,
            null,
            null,
            null,
            [
                [
                    0.9971991777420044,
                    -0.07479014247655869,
                    -0.0005298248725011945
                ],
                [
                    0.07447279244661331,
                    0.9935718178749084,
                    -0.08525744825601578
                ],
                [
                    0.006902836263179779,
                    0.08497919887304306,
                    0.9963588118553162
                ]
            ]
        ],
        [
            0.039911514282226564,
            0.08776044464111328,
            1.094584716796875,
            null,
            null,
            null,
            [
                [
                    0.9998173117637634,
                    0.006818823516368866,
                    0.017857087776064873
                ],
                [
                    -0.005129513330757618,
                    0.9956533908843994,
                    -0.09299438446760178
                ],
                [
                    -0.01841358281672001,
                    0.09288579225540161,
                    0.9955064654350281
                ]
            ]
        ],
        [
            0.046217403411865234,
            0.09981446838378906,
            1.0938062744140624,
            null,
            null,
            null,
            [
                [
                    0.9969911575317383,
                    -0.058680493384599686,
                    0.05064840242266655
                ],
                [
                    0.06481131166219711,
                    0.9894731044769287,
                    -0.12939274311065674
                ],
                [
                    -0.04252240061759949,
                    0.13228601217269897,
                    0.9902990460395813
                ]
            ]
        ],
        [
            0.053635200500488284,
            0.10889931488037109,
            1.0909114990234374,
            null,
            null,
            null,
            [
                [
                    0.994782030582428,
                    -0.08538595587015152,
                    0.05583902820944786
                ],
                [
                    0.09018393605947495,
                    0.9918544292449951,
                    -0.08995358645915985
                ],
                [
                    -0.04770341515541077,
                    0.09451999515295029,
                    0.9943794012069702
                ]
            ]
        ],
        [
            0.059255626678466795,
            0.11720743560791015,
            1.08831494140625,
            null,
            null,
            null,
            [
                [
                    0.9986692070960999,
                    -0.009044152684509754,
                    0.05077416077256203
                ],
                [
                    0.014653480611741543,
                    0.99368816614151,
                    -0.11121625453233719
                ],
                [
                    -0.04944782704114914,
                    0.11181227117776871,
                    0.9924983382225037
                ]
            ]
        ],
        [
            0.06824775695800782,
            0.11784188079833985,
            1.0857808837890626,
            null,
            null,
            null,
            [
                [
                    0.9986996650695801,
                    -0.045409511774778366,
                    0.023173462599515915
                ],
                [
                    0.048080090433359146,
                    0.9900869727134705,
                    -0.13197004795074463
                ],
                [
                    -0.016951046884059906,
                    0.13291262090206146,
                    0.9909827709197998
                ]
            ]
        ],
        [
            0.07391839599609375,
            0.11805965423583985,
            1.082150390625,
            null,
            null,
            null,
            [
                [
                    0.9975069165229797,
                    -0.06824649125337601,
                    -0.01795477792620659
                ],
                [
                    0.06616827100515366,
                    0.992965042591095,
                    -0.098194919526577
                ],
                [
                    0.024529924616217613,
                    0.09676207602024078,
                    0.995005190372467
                ]
            ]
        ],
        [
            0.06925672912597657,
            0.11481317901611328,
            1.0786348876953125,
            null,
            null,
            null,
            [
                [
                    0.998982310295105,
                    -0.02786671184003353,
                    -0.03546566888689995
                ],
                [
                    0.023428762331604958,
                    0.9925072193145752,
                    -0.11991862952709198
                ],
                [
                    0.03854167088866234,
                    0.11896567046642303,
                    0.992150068283081
                ]
            ]
        ],
        [
            0.06138449096679687,
            0.10212239074707032,
            1.0750721435546875,
            null,
            null,
            null,
            [
                [
                    0.9971974492073059,
                    -0.03807449713349342,
                    -0.06440159678459167
                ],
                [
                    0.029994795098900795,
                    0.9920676946640015,
                    -0.12207373976707458
                ],
                [
                    0.06853863596916199,
                    0.11979990452528,
                    0.9904294013977051
                ]
            ]
        ],
        [
            0.0516332015991211,
            0.09188716888427734,
            1.0756195068359375,
            null,
            null,
            null,
            [
                [
                    0.9950736165046692,
                    -0.09393568336963654,
                    -0.03169599920511246
                ],
                [
                    0.09027939289808273,
                    0.990697979927063,
                    -0.1018190085887909
                ],
                [
                    0.04096560180187225,
                    0.09845591336488724,
                    0.9942978620529175
                ]
            ]
        ],
        [
            0.03823703765869141,
            0.07609424591064454,
            1.0788551025390625,
            null,
            null,
            null,
            [
                [
                    0.9970669746398926,
                    -0.07519371062517166,
                    0.014260883443057537
                ],
                [
                    0.07634513080120087,
                    0.9902719259262085,
                    -0.11633101850748062
                ],
                [
                    -0.005374792031943798,
                    0.11707856506109238,
                    0.9931080937385559
                ]
            ]
        ],
        [
            0.02943312644958496,
            0.0631144027709961,
            1.0827557373046874,
            null,
            null,
            null,
            [
                [
                    0.9987173080444336,
                    -0.02581724151968956,
                    0.04355744644999504
                ],
                [
                    0.02849864400923252,
                    0.9976626038551331,
                    -0.06210634857416153
                ],
                [
                    -0.04185221716761589,
                    0.0632680132985115,
                    0.9971186518669128
                ]
            ]
        ],
        [
            0.029378515243530273,
            0.05653026580810547,
            1.08649951171875,
            null,
            null,
            null,
            [
                [
                    0.9938662052154541,
                    -0.07671505212783813,
                    0.07965367287397385
                ],
                [
                    0.080696240067482,
                    0.9955812096595764,
                    -0.04802297055721283
                ],
                [
                    -0.07561761140823364,
                    0.05415616184473038,
                    0.9956651329994202
                ]
            ]
        ],
        [
            0.03168465042114258,
            0.04761587905883789,
            1.088064697265625,
            null,
            null,
            null,
            [
                [
                    0.9935824871063232,
                    -0.061577390879392624,
                    0.09487909078598022
                ],
                [
                    0.0696016401052475,
                    0.9940552711486816,
                    -0.08372387290000916
                ],
                [
                    -0.08915956318378448,
                    0.08979031443595886,
                    0.9919618368148804
                ]
            ]
        ],
        [
            0.0414062614440918,
            0.03902080535888672,
            1.0869461669921876,
            null,
            null,
            null,
            [
                [
                    0.996126651763916,
                    -0.02954825386404991,
                    0.08281653374433517
                ],
                [
                    0.036611005663871765,
                    0.9956992268562317,
                    -0.0851040855050087
                ],
                [
                    -0.07994567602872849,
                    0.08780644088983536,
                    0.9929243326187134
                ]
            ]
        ],
        [
            0.05284851837158203,
            0.038166881561279294,
            1.0848494873046874,
            null,
            null,
            null,
            [
                [
                    0.9968183040618896,
                    -0.06939104199409485,
                    0.03921905532479286
                ],
                [
                    0.07218874245882034,
                    0.9945591688156128,
                    -0.07510527968406677
                ],
                [
                    -0.033794037997722626,
                    0.07769748568534851,
                    0.9964040517807007
                ]
            ]
        ],
        [
            0.05964679718017578,
            0.028658205032348633,
            1.0814251708984375,
            null,
            null,
            null,
            [
                [
                    0.9994140267372131,
                    -0.0342172309756279,
                    -0.0008541718707419932
                ],
                [
                    0.03384442254900932,
                    0.9916346073150635,
                    -0.12456074357032776
                ],
                [
                    0.0051091499626636505,
                    0.12445884943008423,
                    0.992211639881134
                ]
            ]
        ],
        [
            0.06342668151855468,
            0.020327844619750977,
            1.076647705078125,
            null,
            null,
            null,
            [
                [
                    0.9989518523216248,
                    -0.009896666742861271,
                    -0.044691041111946106
                ],
                [
                    0.005016625858843327,
                    0.9941366910934448,
                    -0.1080143079161644
                ],
                [
                    0.04549798369407654,
                    0.10767689347267151,
                    0.9931443333625793
                ]
            ]
        ],
        [
            0.0633033218383789,
            0.012056021690368653,
            1.0736251220703126,
            null,
            null,
            null,
            [
                [
                    0.997613787651062,
                    -0.043866075575351715,
                    -0.053315285593271255
                ],
                [
                    0.03751326724886894,
                    0.9926788210868835,
                    -0.11481086164712906
                ],
                [
                    0.05796125903725624,
                    0.11253686249256134,
                    0.9919556379318237
                ]
            ]
        ],
        [
            0.056453319549560545,
            -0.002316936492919922,
            1.071942626953125,
            null,
            null,
            null,
            [
                [
                    0.9982157945632935,
                    -0.034590594470500946,
                    -0.04866931214928627
                ],
                [
                    0.028409594669938087,
                    0.9920732378959656,
                    -0.12240761518478394
                ],
                [
                    0.05251767113804817,
                    0.12080653756856918,
                    0.9912858605384827
                ]
            ]
        ],
        [
            0.04745327758789063,
            -0.010876283645629883,
            1.0713463134765624,
            null,
            null,
            null,
            [
                [
                    0.9995837807655334,
                    0.018236247822642326,
                    -0.022353600710630417
                ],
                [
                    -0.0197491142898798,
                    0.997390627861023,
                    -0.0694398507475853
                ],
                [
                    0.021028950810432434,
                    0.06985241174697876,
                    0.99733567237854
                ]
            ]
        ],
        [
            0.042024974822998044,
            -0.018351808547973632,
            1.07095556640625,
            null,
            null,
            null,
            [
                [
                    0.9996640682220459,
                    -0.02539597637951374,
                    0.005173578858375549
                ],
                [
                    0.025705359876155853,
                    0.9970171451568604,
                    -0.07277362793684006
                ],
                [
                    -0.003309989348053932,
                    0.07288216799497604,
                    0.9973350763320923
                ]
            ]
        ],
        [
            0.036161365509033205,
            -0.029358610153198243,
            1.0706259765625,
            null,
            null,
            null,
            [
                [
                    0.9981033802032471,
                    -0.04530545324087143,
                    0.041678737848997116
                ],
                [
                    0.04901285842061043,
                    0.9944855570793152,
                    -0.09271583706140518
                ],
                [
                    -0.03724836930632591,
                    0.09458278119564056,
                    0.9948199391365051
                ]
            ]
        ],
        [
            0.03308983612060547,
            -0.036861408233642576,
            1.092592529296875,
            null,
            null,
            null,
            [
                [
                    0.9745479226112366,
                    0.22329850494861603,
                    0.019851969555020332
                ],
                [
                    -0.21858635544776917,
                    0.9661586284637451,
                    -0.1369582563638687
                ],
                [
                    -0.049762725830078125,
                    0.12913301587104797,
                    0.9903779029846191
                ]
            ]
        ],
        [
            0.04296004486083985,
            -0.04591712188720703,
            1.1725142822265624,
            null,
            null,
            null,
            [
                [
                    0.8239634037017822,
                    0.5664873719215393,
                    -0.013280650600790977
                ],
                [
                    -0.5650521516799927,
                    0.8196694254875183,
                    -0.09411732107400894
                ],
                [
                    -0.04243053123354912,
                    0.08505348861217499,
                    0.9954725503921509
                ]
            ]
        ],
        [
            0.05159295272827148,
            -0.06510202026367187,
            1.2745816650390625,
            null,
            null,
            null,
            [
                [
                    0.7615968585014343,
                    0.6419756412506104,
                    0.08852933347225189
                ],
                [
                    -0.6254976987838745,
                    0.7639263272285461,
                    -0.15864810347557068
                ],
                [
                    -0.16947811841964722,
                    0.0654510110616684,
                    0.9833582043647766
                ]
            ]
        ],
        [
            0.0655072021484375,
            -0.08157920837402344,
            1.3609349365234376,
            null,
            null,
            null,
            [
                [
                    0.7555131912231445,
                    0.641327440738678,
                    0.13378678262233734
                ],
                [
                    -0.6213821172714233,
                    0.7661905884742737,
                    -0.16381771862506866
                ],
                [
                    -0.2075669765472412,
                    0.04063374176621437,
                    0.9773765206336975
                ]
            ]
        ],
        [
            0.07444371795654296,
            -0.0933070297241211,
            1.422421142578125,
            null,
            null,
            null,
            [
                [
                    0.7530767917633057,
                    0.6562013626098633,
                    0.04769862815737724
                ],
                [
                    -0.6519502997398376,
                    0.7540199756622314,
                    -0.08009196072816849
                ],
                [
                    -0.08852216601371765,
                    0.02921825833618641,
                    0.9956455826759338
                ]
            ]
        ],
        [
            0.078509521484375,
            -0.09935115051269532,
            1.4533177490234375,
            null,
            null,
            null,
            [
                [
                    0.73914635181427,
                    0.6733789443969727,
                    0.01494794525206089
                ],
                [
                    -0.6724435091018677,
                    0.7390246391296387,
                    -0.0407722070813179
                ],
                [
                    -0.0385020449757576,
                    0.020084980875253677,
                    0.9990566372871399
                ]
            ]
        ],
        [
            0.0728747787475586,
            -0.10351155090332032,
            1.462298095703125,
            null,
            null,
            null,
            [
                [
                    0.7027127146720886,
                    0.7109235525131226,
                    -0.027974333614110947
                ],
                [
                    -0.711387574672699,
                    0.7014724612236023,
                    -0.043175358325242996
                ],
                [
                    -0.011071155779063702,
                    0.05024046450853348,
                    0.9986757636070251
                ]
            ]
        ],
        [
