{
    "radius": 0.7,
    "angular_speed": 10,
    "save_freq": 0.01,
    "pid_gains": {
        "pid_rate": {
            "roll_kp": "50.0",
            "roll_ki": "0.0",
            "roll_kd": "0.0",
            "pitch_kp": "50.0",
            "pitch_ki": "0.0",
            "pitch_kd": "0.0",
            "yaw_kp": "80.0",
            "yaw_ki": "0.0",
            "yaw_kd": "0.0"
        },
        "pid_attitude": {
            "roll_kp": "10.0",
            "roll_ki": "0.5",
            "roll_kd": "0.5",
            "pitch_kp": "13.0",
            "pitch_ki": "0.5",
            "pitch_kd": "1.5",
            "yaw_kp": "8.0",
            "yaw_ki": "0.5",
            "yaw_kd": "0.5"
        },
        "velCtlPid": {
            "vxKp": "15.0",
            "vxKi": "1.0",
            "vxKd": "0.0",
            "vyKp": "10.0",
            "vyKi": "1.0",
            "vyKd": "0.0",
            "vzKp": "12.5",
            "vzKi": "0.5",
            "vzKd": "0.0"
        },
        "posCtlPid": {
            "xKp": "1.5",
            "xKi": "0.20000000298023224",
            "xKd": "0.20000000298023224",
            "yKp": "1.5",
            "yKi": "0.20000000298023224",
            "yKd": "0.20000000298023224",
            "zKp": "5.0",
            "zKi": "0.5",
            "zKd": "0.0"
        }
    },
    "pose": [
        [
            0.06815848541259766,
            0.03627769088745117,
            0.2628937683105469,
            null,
            null,
            null,
            [
                [
                    0.9985045194625854,
                    -0.04208095744252205,
                    0.03489895164966583
                ],
                [
                    0.041034527122974396,
                    0.9987018704414368,
                    0.03017769567668438
                ],
                [
                    -0.03612355515360832,
                    -0.02870050258934498,
                    0.9989351034164429
                ]
            ]
        ],
        [
            0.06815848541259766,
            0.03627769088745117,
            0.2628937683105469,
            null,
            null,
            null,
            [
                [
                    0.9985045194625854,
                    -0.04208095744252205,
                    0.03489895164966583
                ],
                [
                    0.041034527122974396,
                    0.9987018704414368,
                    0.03017769567668438
                ],
                [
                    -0.03612355515360832,
                    -0.02870050258934498,
                    0.9989351034164429
                ]
            ]
        ],
        [
            0.06815848541259766,
            0.03627769088745117,
            0.2628937683105469,
            null,
            null,
            null,
            [
                [
                    0.9985045194625854,
                    -0.04208095744252205,
                    0.03489895164966583
                ],
                [
                    0.041034527122974396,
                    0.9987018704414368,
                    0.03017769567668438
                ],
                [
                    -0.03612355515360832,
                    -0.02870050258934498,
                    0.9989351034164429
                ]
            ]
        ],
        [
            0.06814837646484374,
            0.03626156616210938,
            0.2628907165527344,
            null,
            null,
            null,
            [
                [
                    0.9984861016273499,
                    -0.04235655441880226,
                    0.035090889781713486
                ],
                [
                    0.04130442440509796,
                    0.9986905455589294,
                    0.030184369534254074
                ],
                [
                    -0.03632344678044319,
                    -0.028689265251159668,
                    0.9989281892776489
                ]
            ]
        ],
        [
            0.06814837646484374,
            0.03626156616210938,
            0.2628907165527344,
            null,
            null,
            null,
            [
                [
                    0.9984861016273499,
                    -0.04235655441880226,
                    0.035090889781713486
                ],
                [
                    0.04130442440509796,
                    0.9986905455589294,
                    0.030184369534254074
                ],
                [
                    -0.03632344678044319,
                    -0.028689265251159668,
                    0.9989281892776489
                ]
            ]
        ],
        [
            0.06814837646484374,
            0.03626156616210938,
            0.2628907165527344,
            null,
            null,
            null,
            [
                [
                    0.9984861016273499,
                    -0.04235655441880226,
                    0.035090889781713486
                ],
                [
                    0.04130442440509796,
                    0.9986905455589294,
                    0.030184369534254074
                ],
                [
                    -0.03632344678044319,
                    -0.028689265251159668,
                    0.9989281892776489
                ]
            ]
        ],
        [
            0.06814837646484374,
            0.03626156616210938,
            0.2628907165527344,
            null,
            null,
            null,
            [
                [
                    0.9984861016273499,
                    -0.04235655441880226,
                    0.035090889781713486
                ],
                [
                    0.04130442440509796,
                    0.9986905455589294,
                    0.030184369534254074
                ],
                [
                    -0.03632344678044319,
                    -0.028689265251159668,
                    0.9989281892776489
                ]
            ]
        ],
        [
            0.06814837646484374,
            0.03626156616210938,
            0.2628907165527344,
            null,
            null,
            null,
            [
                [
                    0.9984861016273499,
                    -0.04235655441880226,
                    0.035090889781713486
                ],
                [
                    0.04130442440509796,
                    0.9986905455589294,
                    0.030184369534254074
                ],
                [
                    -0.03632344678044319,
                    -0.028689265251159668,
                    0.9989281892776489
                ]
            ]
        ],
        [
            0.06814837646484374,
            0.03626156616210938,
            0.2628907165527344,
            null,
            null,
            null,
            [
                [
                    0.9984861016273499,
                    -0.04235655441880226,
                    0.035090889781713486
                ],
                [
                    0.04130442440509796,
                    0.9986905455589294,
                    0.030184369534254074
                ],
                [
                    -0.03632344678044319,
                    -0.028689265251159668,
                    0.9989281892776489
                ]
            ]
        ],
        [
            0.06814837646484374,
            0.03626156616210938,
            0.2628907165527344,
            null,
            null,
            null,
            [
                [
                    0.9984861016273499,
                    -0.04235655441880226,
                    0.035090889781713486
                ],
                [
                    0.04130442440509796,
                    0.9986905455589294,
                    0.030184369534254074
                ],
                [
                    -0.03632344678044319,
                    -0.028689265251159668,
                    0.9989281892776489
                ]
            ]
        ],
        [
            0.06814837646484374,
            0.03626156616210938,
            0.2628907165527344,
            null,
            null,
            null,
            [
                [
                    0.9984861016273499,
                    -0.04235655441880226,
                    0.035090889781713486
                ],
                [
                    0.04130442440509796,
                    0.9986905455589294,
                    0.030184369534254074
                ],
                [
                    -0.03632344678044319,
                    -0.028689265251159668,
                    0.9989281892776489
                ]
            ]
        ],
        [
            0.06814837646484374,
            0.03626156616210938,
            0.2628907165527344,
            null,
            null,
            null,
            [
                [
                    0.9984861016273499,
                    -0.04235655441880226,
                    0.035090889781713486
                ],
                [
                    0.04130442440509796,
                    0.9986905455589294,
                    0.030184369534254074
                ],
                [
                    -0.03632344678044319,
                    -0.028689265251159668,
                    0.9989281892776489
                ]
            ]
        ],
        [
            0.06814837646484374,
            0.03626156616210938,
            0.2628907165527344,
            null,
            null,
            null,
            [
                [
                    0.9984861016273499,
                    -0.04235655441880226,
                    0.035090889781713486
                ],
                [
                    0.04130442440509796,
                    0.9986905455589294,
                    0.030184369534254074
                ],
                [
                    -0.03632344678044319,
                    -0.028689265251159668,
                    0.9989281892776489
                ]
            ]
        ],
        [
            0.06814837646484374,
            0.03626156616210938,
            0.2628907165527344,
            null,
            null,
            null,
            [
                [
                    0.9984861016273499,
                    -0.04235655441880226,
                    0.035090889781713486
                ],
                [
                    0.04130442440509796,
                    0.9986905455589294,
                    0.030184369534254074
                ],
                [
                    -0.03632344678044319,
                    -0.028689265251159668,
                    0.9989281892776489
                ]
            ]
        ],
        [
            0.06814837646484374,
            0.03626156616210938,
            0.2628907165527344,
            null,
            null,
            null,
            [
                [
                    0.9984861016273499,
                    -0.04235655441880226,
                    0.035090889781713486
                ],
                [
                    0.04130442440509796,
                    0.9986905455589294,
                    0.030184369534254074
                ],
                [
                    -0.03632344678044319,
                    -0.028689265251159668,
                    0.9989281892776489
                ]
            ]
        ],
        [
            0.06814837646484374,
            0.03626156616210938,
            0.2628907165527344,
            null,
            null,
            null,
            [
                [
                    0.9984861016273499,
                    -0.04235655441880226,
                    0.035090889781713486
                ],
                [
                    0.04130442440509796,
                    0.9986905455589294,
                    0.030184369534254074
                ],
                [
                    -0.03632344678044319,
                    -0.028689265251159668,
                    0.9989281892776489
                ]
            ]
        ],
        [
            0.06814837646484374,
            0.03626156616210938,
            0.2628907165527344,
            null,
            null,
            null,
            [
                [
                    0.9984861016273499,
                    -0.04235655441880226,
                    0.035090889781713486
                ],
                [
                    0.04130442440509796,
                    0.9986905455589294,
                    0.030184369534254074
                ],
                [
                    -0.03632344678044319,
                    -0.028689265251159668,
                    0.9989281892776489
                ]
            ]
        ],
        [
            0.06814837646484374,
            0.03626156616210938,
            0.2628907165527344,
            null,
            null,
            null,
            [
                [
                    0.9984861016273499,
                    -0.04235655441880226,
                    0.035090889781713486
                ],
                [
                    0.04130442440509796,
                    0.9986905455589294,
                    0.030184369534254074
                ],
                [
                    -0.03632344678044319,
                    -0.028689265251159668,
                    0.9989281892776489
                ]
            ]
        ],
        [
            0.06814837646484374,
            0.03626156616210938,
            0.2628907165527344,
            null,
            null,
            null,
            [
                [
                    0.9984861016273499,
                    -0.04235655441880226,
                    0.035090889781713486
                ],
                [
                    0.04130442440509796,
                    0.9986905455589294,
                    0.030184369534254074
                ],
                [
                    -0.03632344678044319,
                    -0.028689265251159668,
                    0.9989281892776489
                ]
            ]
        ],
        [
            0.06814837646484374,
            0.03626156616210938,
            0.2628907165527344,
            null,
            null,
            null,
            [
                [
                    0.9984861016273499,
                    -0.04235655441880226,
                    0.035090889781713486
                ],
                [
                    0.04130442440509796,
                    0.9986905455589294,
                    0.030184369534254074
                ],
                [
                    -0.03632344678044319,
                    -0.028689265251159668,
                    0.9989281892776489
                ]
            ]
        ],
        [
            0.0682206802368164,
            0.036279747009277344,
            0.26285073852539065,
            null,
            null,
            null,
            [
                [
                    0.9986512064933777,
                    -0.03850739076733589,
                    0.03482675179839134
                ],
                [
                    0.03743285313248634,
                    0.9988182783126831,
                    0.030996954068541527
                ],
                [
                    -0.03597920760512352,
                    -0.02965148165822029,
                    0.9989125728607178
                ]
            ]
        ],
        [
            0.06822642517089844,
            0.03626172637939453,
            0.26282339477539063,
            null,
            null,
            null,
            [
                [
                    0.9985064268112183,
                    -0.04224643111228943,
                    0.03464316204190254
                ],
                [
                    0.04120152071118355,
                    0.9986900687217712,
                    0.03034094162285328
                ],
                [
                    -0.035879578441381454,
                    -0.02886827290058136,
                    0.9989390969276428
                ]
            ]
        ],
        [
            0.06819007873535156,
            0.03627035903930664,
            0.26282281494140625,
            null,
            null,
            null,
            [
                [
                    0.9986172914505005,
                    -0.03953233361244202,
                    0.03465152159333229
                ],
                [
                    0.038456033915281296,
                    0.9987732172012329,
                    0.03119562566280365
                ],
                [
                    -0.03584224730730057,
                    -0.029819931834936142,
                    0.9989124536514282
                ]
            ]
        ],
        [
            0.06804833984375,
            0.03625899887084961,
            0.2628147888183594,
            null,
            null,
            null,
            [
                [
                    0.9985220432281494,
                    -0.042316291481256485,
                    0.034104395657777786
                ],
                [
                    0.04128025099635124,
                    0.9986810088157654,
                    0.030530860647559166
                ],
                [
                    -0.03535136580467224,
                    -0.02907789871096611,
                    0.9989518523216248
                ]
            ]
        ],
        [
            0.0683111801147461,
            0.0361896858215332,
            0.26283819580078127,
            null,
            null,
            null,
            [
                [
                    0.9985969662666321,
                    -0.03963758796453476,
                    0.03511420637369156
                ],
                [
                    0.0385582372546196,
                    0.9987784624099731,
                    0.030900070443749428
                ],
                [
                    -0.036296118050813675,
                    -0.02950277365744114,
                    0.9989054799079895
                ]
            ]
        ],
        [
            0.06847637939453124,
            0.03795775985717773,
            0.26290289306640624,
            null,
            null,
            null,
            [
                [
                    0.9976832270622253,
                    -0.05797424539923668,
                    0.03559700772166252
                ],
                [
                    0.05673925206065178,
                    0.9977831840515137,
                    0.034776102751493454
                ],
                [
                    -0.037534214556217194,
                    -0.03267578408122063,
                    0.998760998249054
                ]
            ]
        ],
        [
            0.06868875122070313,
            0.03877284240722656,
            0.26433663940429686,
            null,
            null,
            null,
            [
                [
                    0.996906042098999,
                    -0.07097451388835907,
                    0.03377794474363327
                ],
                [
                    0.06890052556991577,
                    0.9958747625350952,
                    0.05904380604624748
                ],
                [
                    -0.0378292091190815,
                    -0.0565338097512722,
                    0.9976837635040283
                ]
            ]
        ],
        [
            0.07000907135009765,
            0.03518193817138672,
            0.28294613647460937,
            null,
            null,
            null,
            [
                [
                    0.9984524846076965,
                    -0.04617920517921448,
                    0.030985990539193153
                ],
                [
                    0.0413166768848896,
                    0.9889326691627502,
                    0.14249616861343384
                ],
                [
                    -0.037223417311906815,
                    -0.14099541306495667,
                    0.9893102049827576
                ]
            ]
        ],
        [
            0.06870721435546875,
            0.030745651245117186,
            0.2992662658691406,
            null,
            null,
            null,
            [
                [
                    0.9998514652252197,
                    -0.012696041725575924,
                    0.011656073853373528
                ],
                [
                    0.012399210594594479,
                    0.999605655670166,
                    0.025194238871335983
                ],
                [
                    -0.01197134517133236,
                    -0.02504597045481205,
                    0.9996145963668823
                ]
            ]
        ],
        [
            0.06851846313476563,
            0.0358366470336914,
            0.30676531982421873,
            null,
            null,
            null,
            [
                [
                    0.9997296929359436,
                    -0.014695139601826668,
                    0.018017182126641273
                ],
                [
                    0.014021472074091434,
                    0.9992182850837708,
                    0.0369630828499794
                ],
                [
                    -0.018546273931860924,
                    -0.03670046105980873,
                    0.9991542100906372
                ]
            ]
        ],
        [
            0.06805612182617188,
            0.03239889907836914,
            0.31538192749023436,
            null,
            null,
            null,
            [
                [
                    0.9999973177909851,
                    -0.00013265087909530848,
                    -0.0023192891385406256
                ],
                [
                    0.00018611445557326078,
                    0.9997339248657227,
                    0.02306671254336834
                ],
                [
                    0.0023156120441854,
                    -0.023067081347107887,
                    0.9997312426567078
                ]
            ]
        ],
        [
            0.06822703552246094,
            0.033155597686767575,
            0.3251641235351562,
            null,
            null,
            null,
            [
                [
                    0.9997565150260925,
                    -0.021654849871993065,
                    0.004234248772263527
                ],
                [
                    0.02161186933517456,
                    0.9997169375419617,
                    0.009945915080606937
                ],
                [
                    -0.004448427818715572,
                    -0.009851982817053795,
                    0.9999415874481201
                ]
            ]
        ],
        [
            0.06861429595947266,
            0.030095016479492188,
            0.335534423828125,
            null,
            null,
            null,
            [
                [
                    0.9994828104972839,
                    -0.032132867723703384,
                    0.001242136349901557
                ],
                [
                    0.032143376767635345,
                    0.9994367361068726,
                    -0.009647142142057419
                ],
                [
                    -0.0009314463241025805,
                    0.00968207884579897,
                    0.9999526739120483
                ]
            ]
        ],
        [
            0.06865188598632813,
            0.02803353500366211,
            0.34584927368164065,
            null,
            null,
            null,
            [
                [
                    0.9998842477798462,
                    -0.014365696348249912,
                    -0.005016992799937725
                ],
                [
                    0.01429050974547863,
                    0.9997895956039429,
                    -0.014713676646351814
                ],
                [
                    0.00522730965167284,
                    0.014640278182923794,
                    0.9998791813850403
                ]
            ]
        ],
        [
            0.06857225799560547,
            0.032201511383056644,
            0.35334295654296877,
            null,
            null,
            null,
            [
                [
                    0.9901313185691833,
                    0.016098765656352043,
                    0.13921478390693665
                ],
                [
                    -0.01986224204301834,
                    0.9994726777076721,
                    0.025686578825116158
                ],
                [
                    -0.1387278437614441,
                    -0.028198204934597015,
                    0.9899290204048157
                ]
            ]
        ],
        [
            0.06814390563964844,
            0.03181362533569336,
            0.36430377197265623,
            null,
            null,
            null,
            [
                [
                    0.9990753531455994,
                    -0.041393477469682693,
                    -0.011620246805250645
                ],
                [
                    0.03919260576367378,
                    0.9879632592201233,
                    -0.14964129030704498
                ],
                [
                    0.017674550414085388,
                    0.14904749393463135,
                    0.9886720776557922
                ]
            ]
        ],
        [
            0.06770233154296874,
            0.03047806739807129,
            0.37455508422851563,
            null,
            null,
            null,
            [
                [
                    0.9842845797538757,
                    -0.04201262816786766,
                    -0.17151904106140137
                ],
                [
                    0.03688408061861992,
                    0.9987751841545105,
                    -0.03298024833202362
                ],
                [
                    0.17269454896450043,
                    0.026135629042983055,
                    0.9846286177635193
                ]
            ]
        ],
        [
            0.06759520721435547,
            0.03176177597045898,
            0.3863937683105469,
            null,
            null,
            null,
            [
                [
                    0.9994421601295471,
                    -0.028551818802952766,
                    -0.01732400618493557
                ],
                [
                    0.030949993059039116,
                    0.9867493510246277,
                    0.15927265584468842
                ],
                [
                    0.012546928599476814,
                    -0.15971998870372772,
                    0.9870826005935669
                ]
            ]
        ],
        [
            0.06747413635253906,
            0.02770119857788086,
            0.4008087463378906,
            null,
            null,
            null,
            [
                [
                    0.9998077750205994,
                    0.000850266485940665,
                    -0.019588397815823555
                ],
                [
                    -0.0017858865903690457,
                    0.9988555312156677,
                    -0.04779614508152008
                ],
                [
                    0.01952533982694149,
                    0.04782193899154663,
                    0.9986650347709656
                ]
            ]
        ],
        [
            0.06694771575927734,
            0.028901575088500976,
            0.4124288024902344,
            null,
            null,
            null,
            [
                [
                    0.9998175501823425,
                    0.005527446046471596,
                    -0.018284371122717857
                ],
                [
                    -0.006227373145520687,
                    0.9992412328720093,
                    -0.038447316735982895
                ],
                [
                    0.01805798150599003,
                    0.03855416551232338,
                    0.9990933537483215
                ]
            ]
        ],
        [
            0.06663426971435547,
            0.032870918273925784,
            0.4240967102050781,
            null,
            null,
            null,
            [
                [
                    0.9997971057891846,
                    -0.009110475890338421,
                    -0.0179638359695673
                ],
                [
                    0.00888305064290762,
                    0.9998798966407776,
                    -0.012699589133262634
                ],
                [
                    0.01807737722992897,
                    0.012537439353764057,
                    0.9997580051422119
                ]
            ]
        ],
        [
            0.06481793212890626,
            0.030442779541015624,
            0.4476116943359375,
            null,
            null,
            null,
            [
                [
                    0.9995073080062866,
                    -0.01688719354569912,
                    -0.026456665247678757
                ],
                [
                    0.015829792246222496,
                    0.9990870952606201,
                    -0.03967934474349022
                ],
                [
                    0.027102584019303322,
                    0.039240993559360504,
                    0.9988621473312378
                ]
            ]
        ],
        [
            0.06449834442138672,
            0.030949390411376954,
            0.46027035522460935,
            null,
            null,
            null,
            [
                [
                    0.99961256980896,
                    -0.009069989435374737,
                    -0.026314234361052513
                ],
                [
                    0.008058044128119946,
                    0.9992333650588989,
                    -0.038310594856739044
                ],
                [
                    0.026641538366675377,
                    0.03808370977640152,
                    0.9989193677902222
                ]
            ]
        ],
        [
            0.06371957397460938,
            0.027459407806396486,
            0.46899661254882813,
            null,
            null,
            null,
            [
                [
                    0.9893547296524048,
                    -0.03312939777970314,
                    0.14170251786708832
                ],
                [
                    0.04452221095561981,
                    0.9959587454795837,
                    -0.07799966633319855
                ],
                [
                    -0.13854578137397766,
                    0.08347824960947037,
                    0.986831545829773
                ]
            ]
        ],
        [
            0.06297400665283204,
            0.027550081253051757,
            0.4809143676757813,
            null,
            null,
            null,
            [
                [
                    0.9992830753326416,
                    -0.009885326959192753,
                    -0.03654571250081062
                ],
                [
                    0.0013680305564776063,
                    0.9741073846817017,
                    -0.22608178853988647
                ],
                [
                    0.03783433884382248,
                    0.22586971521377563,
                    0.9734225273132324
                ]
            ]
        ],
        [
            0.06247360610961914,
            0.03007259941101074,
            0.4929651794433594,
            null,
            null,
            null,
            [
                [
                    0.9809364080429077,
                    -0.022780580446124077,
                    -0.1929890513420105
                ],
                [
                    0.018494941294193268,
                    0.9995413422584534,
                    -0.02397945150732994
                ],
                [
                    0.1934468150138855,
                    0.01995299570262432,
                    0.9809078574180603
                ]
            ]
        ],
        [
            0.06247360610961914,
            0.03007259941101074,
            0.4929651794433594,
            null,
            null,
            null,
            [
                [
                    0.9809364080429077,
                    -0.022780580446124077,
                    -0.1929890513420105
                ],
                [
                    0.018494941294193268,
                    0.9995413422584534,
                    -0.02397945150732994
                ],
                [
                    0.1934468150138855,
                    0.01995299570262432,
                    0.9809078574180603
                ]
            ]
        ],
        [
            0.0603135986328125,
            0.027464176177978517,
            0.5203020629882813,
            null,
            null,
            null,
            [
                [
                    0.9992111921310425,
                    -0.03099680505692959,
                    -0.024824216961860657
                ],
                [
                    0.029361838474869728,
                    0.9975358843803406,
                    -0.06371799856424332
                ],
                [
                    0.026738103479146957,
                    0.06293885409832001,
                    0.9976591467857361
                ]
            ]
        ],
        [
            0.05951395416259766,
            0.028351152420043945,
            0.5328180541992188,
            null,
            null,
            null,
            [
                [
                    0.999203085899353,
                    -0.03278062865138054,
                    -0.022773869335651398
                ],
                [
                    0.03154107555747032,
                    0.9981064796447754,
                    -0.05280694365501404
                ],
                [
                    0.024461790919303894,
                    0.05204654857516289,
                    0.9983450174331665
                ]
            ]
        ],
        [
            0.0579752082824707,
            0.02425010108947754,
            0.5448740234375,
            null,
            null,
            null,
            [
                [
                    0.9992445707321167,
                    -0.022337917238473892,
                    -0.03180178999900818
                ],
                [
                    0.0194542296230793,
                    0.9959071278572083,
                    -0.0882641077041626
                ],
                [
                    0.03364326432347298,
                    0.08757875114679337,
                    0.9955893158912659
                ]
            ]
        ],
        [
            0.056492355346679686,
            0.025294927597045897,
            0.557729736328125,
            null,
            null,
            null,
            [
                [
                    0.9992945194244385,
                    -0.015098605304956436,
                    -0.03438812866806984
                ],
                [
                    0.01289303507655859,
                    0.9978998303413391,
                    -0.0634799525141716
                ],
                [
                    0.03527436405420303,
                    0.06299179792404175,
                    0.9973904490470886
                ]
            ]
        ],
        [
            0.05514469146728516,
            0.026735271453857422,
            0.5695889892578125,
            null,
            null,
            null,
            [
                [
                    0.9991161823272705,
                    -0.019872643053531647,
                    -0.037038978189229965
                ],
                [
                    0.017956243827939034,
                    0.9985180497169495,
                    -0.05137345567345619
                ],
                [
                    0.03800501674413681,
                    0.050662972033023834,
                    0.9979923963546753
                ]
            ]
        ],
        [
            0.053683368682861325,
            0.023705394744873046,
            0.5809136962890625,
            null,
            null,
            null,
            [
                [
                    0.9991961717605591,
                    -0.010776138864457607,
                    -0.03861258924007416
                ],
                [
                    0.00771891325712204,
                    0.996886670589447,
                    -0.07846874743700027
                ],
                [
                    0.039337966591119766,
                    0.07810762524604797,
                    0.9961684942245483
                ]
            ]
        ],
        [
            0.05144171142578125,
            0.02343006896972656,
            0.6037228393554688,
            null,
            null,
            null,
            [
                [
                    0.9909747242927551,
                    0.006488829385489225,
                    0.13389188051223755
                ],
                [
                    0.0030083078891038895,
                    0.9974996447563171,
                    -0.07060743868350983
                ],
                [
                    -0.1340152621269226,
                    0.07037296891212463,
                    0.9884774088859558
                ]
            ]
        ],
        [
            0.05144171142578125,
            0.02343006896972656,
            0.6037228393554688,
            null,
            null,
            null,
            [
                [
                    0.9909747242927551,
                    0.006488829385489225,
                    0.13389188051223755
                ],
                [
                    0.0030083078891038895,
                    0.9974996447563171,
                    -0.07060743868350983
                ],
                [
                    -0.1340152621269226,
                    0.07037296891212463,
                    0.9884774088859558
                ]
            ]
        ],
        [
            0.05144171142578125,
            0.02343006896972656,
            0.6037228393554688,
            null,
            null,
            null,
            [
                [
                    0.9909747242927551,
                    0.006488829385489225,
                    0.13389188051223755
                ],
                [
                    0.0030083078891038895,
                    0.9974996447563171,
                    -0.07060743868350983
                ],
                [
                    -0.1340152621269226,
                    0.07037296891212463,
                    0.9884774088859558
                ]
            ]
        ],
        [
            0.05144171142578125,
            0.02343006896972656,
            0.6037228393554688,
            null,
            null,
            null,
            [
                [
                    0.9909747242927551,
                    0.006488829385489225,
                    0.13389188051223755
                ],
                [
                    0.0030083078891038895,
                    0.9974996447563171,
                    -0.07060743868350983
                ],
                [
                    -0.1340152621269226,
                    0.07037296891212463,
