{
    "radius": 0.6,
    "angular_speed": 18,
    "save_freq": 0.1,
    "pid_gains": {
        "pid_rate": {
            "roll_kp": "50.0",
            "roll_ki": "0.0",
            "roll_kd": "0.0",
            "pitch_kp": "50.0",
            "pitch_ki": "0.0",
            "pitch_kd": "0.0",
            "yaw_kp": "80.0",
            "yaw_ki": "0.0",
            "yaw_kd": "0.0"
        },
        "pid_attitude": {
            "roll_kp": "10.0",
            "roll_ki": "0.5",
            "roll_kd": "0.5",
            "pitch_kp": "13.0",
            "pitch_ki": "0.5",
            "pitch_kd": "1.5",
            "yaw_kp": "8.0",
            "yaw_ki": "0.5",
            "yaw_kd": "0.5"
        },
        "velCtlPid": {
            "vxKp": "15.0",
            "vxKi": "1.0",
            "vxKd": "0.0",
            "vyKp": "10.0",
            "vyKi": "1.0",
            "vyKd": "0.0",
            "vzKp": "12.5",
            "vzKi": "0.5",
            "vzKd": "0.0"
        },
        "posCtlPid": {
            "xKp": "1.5",
            "xKi": "0.20000000298023224",
            "xKd": "0.20000000298023224",
            "yKp": "1.5",
            "yKi": "0.20000000298023224",
            "yKd": "0.20000000298023224",
            "zKp": "5.0",
            "zKi": "0.5",
            "zKd": "0.0"
        }
    },
    "pose": [
        [
            0.07366215515136719,
            0.002640941858291626,
            0.26025143432617187,
            null,
            null,
            null,
            [
                [
                    0.9976124167442322,
                    -0.014786405488848686,
                    0.06746016442775726
                ],
                [
                    0.013186548836529255,
                    0.9996225833892822,
                    0.02409955859184265
                ],
                [
                    -0.06779104471206665,
                    -0.02315245196223259,
                    0.9974308609962463
                ]
            ]
        ],
        [
            0.07402138519287109,
            0.00225333309173584,
            0.26009808349609376,
            null,
            null,
            null,
            [
                [
                    0.9975749254226685,
                    -0.01625088043510914,
                    0.06767696142196655
                ],
                [
                    0.014722632244229317,
                    0.9996265769004822,
                    0.023019401356577873
                ],
                [
                    -0.06802577525377274,
                    -0.021967194974422455,
                    0.9974417090415955
                ]
            ]
        ],
        [
            0.07254178619384766,
            0.010141020774841308,
            0.28357879638671873,
            null,
            null,
            null,
            [
                [
                    0.9984945058822632,
                    -0.016253843903541565,
                    0.052387792617082596
                ],
                [
                    0.01505575142800808,
                    0.999617874622345,
                    0.023183783516287804
                ],
                [
                    -0.05274460092186928,
                    -0.022360144183039665,
                    0.9983576536178589
                ]
            ]
        ],
        [
            0.0652653579711914,
            0.010889894485473632,
            0.3757848510742188,
            null,
            null,
            null,
            [
                [
                    0.9946668148040771,
                    -0.0398763008415699,
                    -0.0951198861002922
                ],
                [
                    0.037686385214328766,
                    0.9989840388298035,
                    -0.024709798395633698
                ],
                [
                    0.09600858390331268,
                    0.020993292331695557,
                    0.9951590895652771
                ]
            ]
        ],
        [
            0.05054956436157226,
            0.01087869930267334,
            0.5023336486816407,
            null,
            null,
            null,
            [
                [
                    0.9992243647575378,
                    -0.03283964470028877,
                    0.021731171756982803
                ],
                [
                    0.03448491916060448,
                    0.996177613735199,
                    -0.0802556574344635
                ],
                [
                    -0.019012538716197014,
                    0.080942802131176,
                    0.9965373873710632
                ]
            ]
        ],
        [
            0.03437758255004883,
            0.00574552583694458,
            0.632653564453125,
            null,
            null,
            null,
            [
                [
                    0.9859358668327332,
                    -0.02760063298046589,
                    0.16482935845851898
                ],
                [
                    0.03975911810994148,
                    0.9966888427734375,
                    -0.07092604786157608
                ],
                [
                    -0.16232599318027496,
                    0.07648199796676636,
                    0.9837686419487
                ]
            ]
        ],
        [
            0.021469879150390624,
            -0.005682493209838867,
            0.7680181274414063,
            null,
            null,
            null,
            [
                [
                    0.9962930083274841,
                    -0.028925994411110878,
                    0.08101562410593033
                ],
                [
                    0.03366543725132942,
                    0.9977627992630005,
                    -0.057758741080760956
                ],
                [
                    -0.07916364818811417,
                    0.060272056609392166,
                    0.9950379133224487
                ]
            ]
        ],
        [
            0.012778895378112793,
            -0.010645576477050781,
            0.8987705688476563,
            null,
            null,
            null,
            [
                [
                    0.9941620230674744,
                    -0.012105610221624374,
                    0.1072159931063652
                ],
                [
                    0.01518645416945219,
                    0.9994935393333435,
                    -0.027965204790234566
                ],
                [
                    -0.1068231612443924,
                    0.029430177062749863,
                    0.993842363357544
                ]
            ]
        ],
        [
            0.009643684387207032,
            -0.01574040412902832,
            1.023634033203125,
            null,
            null,
            null,
            [
                [
                    0.9918735027313232,
                    -0.03624548763036728,
                    0.12195578217506409
                ],
                [
                    0.02523844875395298,
                    0.9955658316612244,
                    0.09061826020479202
                ],
                [
                    -0.12469951808452606,
                    -0.08680388331413269,
                    0.9883901476860046
                ]
            ]
        ],
        [
            0.011765793800354004,
            -0.013856451034545898,
            1.125952392578125,
            null,
            null,
            null,
            [
                [
                    0.9915411472320557,
                    -0.01465651486068964,
                    0.12896257638931274
                ],
                [
                    0.015273050405085087,
                    0.9998761415481567,
                    -0.003793022595345974
                ],
                [
                    -0.1288910061120987,
                    0.005730589851737022,
                    0.9916422367095947
                ]
            ]
        ],
        [
            0.01810598373413086,
            -0.008632723808288573,
            1.185822021484375,
            null,
            null,
            null,
            [
                [
                    0.9949455857276917,
                    -0.05551315099000931,
                    0.08367504924535751
                ],
                [
                    0.05457926541566849,
                    0.9984194040298462,
                    0.013409094884991646
                ],
                [
                    -0.08428717404603958,
                    -0.00877439696341753,
                    0.9964028596878052
                ]
            ]
        ],
        [
            0.023498254776000975,
            -0.0021515915393829346,
            1.205630859375,
            null,
            null,
            null,
            [
                [
                    0.9961197376251221,
                    -0.05277714133262634,
                    0.0704272985458374
                ],
                [
                    0.05214357376098633,
                    0.9985811114311218,
                    0.010805663652718067
                ],
                [
                    -0.0708976686000824,
                    -0.007091403938829899,
                    0.9974583983421326
                ]
            ]
        ],
        [
            0.027096929550170897,
            0.0019576771259307863,
            1.1939295654296875,
            null,
            null,
            null,
            [
                [
                    0.9989027976989746,
                    -0.035025425255298615,
                    0.03108680248260498
                ],
                [
                    0.034999288618564606,
                    0.9993863701820374,
                    0.0013846198562532663
                ],
                [
                    -0.031116222962737083,
                    -0.0002950846974272281,
                    0.9995157122612
                ]
            ]
        ],
        [
            0.028422597885131837,
            0.0027447538375854493,
            1.1689735107421875,
            null,
            null,
            null,
            [
                [
                    0.9988639950752258,
                    -0.04213925078511238,
                    0.022247551009058952
                ],
                [
                    0.04327477887272835,
                    0.9976404309272766,
                    -0.05330023169517517
                ],
                [
                    -0.01994902454316616,
                    0.05420244112610817,
                    0.9983306527137756
                ]
            ]
        ],
        [
            0.02468409538269043,
            0.0025834059715270996,
            1.1460372314453124,
            null,
            null,
            null,
            [
                [
                    0.999652624130249,
                    -0.023549143224954605,
                    -0.011833644472062588
                ],
                [
                    0.022935446351766586,
                    0.9985076189041138,
                    -0.049563679844141006
                ],
                [
                    0.012983166612684727,
                    0.04927505552768707,
                    0.9987008571624756
                ]
            ]
        ],
        [
            0.01709261131286621,
            -0.004841765880584717,
            1.126083984375,
            null,
            null,
            null,
            [
                [
                    0.9987115263938904,
                    -0.04902741312980652,
                    -0.01309972908347845
                ],
                [
                    0.04780247062444687,
                    0.9955283999443054,
                    -0.08147497475147247
                ],
                [
                    0.01703565940260887,
                    0.08074379712343216,
                    0.9965893030166626
                ]
            ]
        ],
        [
            0.00672019100189209,
            -0.012030237197875977,
            1.11438916015625,
            null,
            null,
            null,
            [
                [
                    0.9991908073425293,
                    -0.04018236696720123,
                    0.0017654955154284835
                ],
                [
                    0.04022044315934181,
                    0.9979539513587952,
                    -0.04970182850956917
                ],
                [
                    0.00023525395954493433,
                    0.049732621759176254,
                    0.9987625479698181
                ]
            ]
        ],
        [
            -0.0016328719854354857,
            -0.01887208557128906,
            1.1125450439453124,
            null,
            null,
            null,
            [
                [
                    0.9982467293739319,
                    -0.02985222637653351,
                    0.05111030861735344
                ],
                [
                    0.0329841710627079,
                    0.9975574016571045,
                    -0.06157336011528969
                ],
                [
                    -0.049147363752126694,
                    0.06315123289823532,
                    0.9967930912971497
                ]
            ]
        ],
        [
            -0.006891066551208496,
            -0.025293737411499023,
            1.1173193359375,
            null,
            null,
            null,
            [
                [
                    0.9951821565628052,
                    -0.012723457999527454,
                    0.09721388667821884
                ],
                [
                    0.014806846156716347,
                    0.9996752738952637,
                    -0.020739663392305374
                ],
                [
                    -0.09691844135522842,
                    0.02207917347550392,
                    0.995047390460968
                ]
            ]
        ],
        [
            -0.007089548587799073,
            -0.0225732421875,
            1.1215731201171875,
            null,
            null,
            null,
            [
                [
                    0.9943364858627319,
                    -0.02424873784184456,
                    0.10347423702478409
                ],
                [
                    0.019262932240962982,
                    0.9986172318458557,
                    0.04891430214047432
                ],
                [
                    -0.10451725870370865,
                    -0.04664405807852745,
                    0.993428647518158
                ]
            ]
        ],
        [
            -0.004228123188018799,
            -0.0188489990234375,
            1.1219454345703126,
            null,
            null,
            null,
            [
                [
                    0.9934571981430054,
                    -0.015577904880046844,
                    0.11313755810260773
                ],
                [
                    0.015622908249497414,
                    0.9998778104782104,
                    0.0004888896946795285
                ],
                [
                    -0.11313135176897049,
                    0.0012818466639146209,
                    0.9935792088508606
                ]
            ]
        ],
        [
            -5.4306987673044206e-05,
            -0.017415292739868166,
            1.1205826416015625,
            null,
            null,
            null,
            [
                [
                    0.9961376786231995,
                    0.0055121127516031265,
                    0.08763207495212555
                ],
                [
                    -0.001814457355067134,
                    0.9991067051887512,
                    -0.04221900925040245
                ],
                [
                    -0.08778651058673859,
                    0.041896943002939224,
                    0.9952578544616699
                ]
            ]
        ],
        [
            0.0020964367389678957,
            -0.008911550521850586,
            1.1161300048828124,
            null,
            null,
            null,
            [
                [
                    0.9979698061943054,
                    0.007125628646463156,
                    0.06328898668289185
                ],
                [
                    -0.00623968243598938,
                    0.9998798966407776,
                    -0.014185058884322643
                ],
                [
                    -0.06338246166706085,
                    0.01376135740429163,
                    0.9978944063186646
                ]
            ]
        ],
        [
            0.004186013698577881,
            0.0007879335880279541,
            1.10943212890625,
            null,
            null,
            null,
            [
                [
                    0.9989969730377197,
                    0.0016799275763332844,
                    0.04474667087197304
                ],
                [
                    -0.0004682247817981988,
                    0.999633252620697,
                    -0.02707589976489544
                ],
                [
                    -0.04477574676275253,
                    0.027027789503335953,
                    0.9986313581466675
                ]
            ]
        ],
        [
            0.0016849026679992675,
            0.0070683608055114745,
            1.1034625244140626,
            null,
            null,
            null,
            [
                [
                    0.9995755553245544,
                    0.007497208658605814,
                    0.02815072610974312
                ],
                [
                    -0.005598635412752628,
                    0.997742235660553,
                    -0.0669262483716011
                ],
                [
                    -0.028588928282260895,
                    0.0667402371764183,
                    0.9973607063293457
                ]
            ]
        ],
        [
            -0.004026330947875976,
            0.017254310607910155,
            1.09769921875,
            null,
            null,
            null,
            [
                [
                    0.9983596801757812,
                    0.04719148948788643,
                    0.032417140901088715
                ],
                [
                    -0.04607511684298515,
                    0.9983468055725098,
                    -0.034362368285655975
                ],
                [
                    -0.033985160291194916,
                    0.03281237930059433,
                    0.9988835453987122
                ]
            ]
        ],
        [
            -0.0061387777328491214,
            0.025879249572753907,
            1.093844482421875,
            null,
            null,
            null,
            [
                [
                    0.998475968837738,
                    0.013928462751209736,
                    0.05340180546045303
                ],
                [
                    -0.010552664287388325,
                    0.997958779335022,
                    -0.06298383325338364
                ],
                [
                    -0.054170068353414536,
                    0.06232431158423424,
                    0.9965848326683044
                ]
            ]
        ],
        [
            -0.009918715476989746,
            0.030604248046875,
            1.09448193359375,
            null,
            null,
            null,
            [
                [
                    0.9975799918174744,
                    -0.009836352430284023,
                    0.06882848590612411
                ],
                [
                    0.015090789645910263,
                    0.9969750642776489,
                    -0.07624274492263794
                ],
                [
                    -0.06787033379077911,
                    0.07709691673517227,
                    0.9947108626365662
                ]
            ]
        ],
        [
            -0.011659704208374023,
            0.04041542434692383,
            1.0969532470703125,
            null,
            null,
            null,
            [
                [
                    0.9958558678627014,
                    0.04063810035586357,
                    0.08136129379272461
                ],
                [
                    -0.036444466561079025,
                    0.9979618787765503,
                    -0.05238168686628342
                ],
                [
                    -0.08332416415214539,
                    0.04919943958520889,
                    0.9953072667121887
                ]
            ]
        ],
        [
            -0.008990323066711426,
            0.04719321060180664,
            1.0988551025390625,
            null,
            null,
            null,
            [
                [
                    0.9953780770301819,
                    -0.00747808488085866,
                    0.09574230760335922
                ],
                [
                    0.013369063846766949,
                    0.9980459809303284,
                    -0.061036765575408936
                ],
                [
                    -0.09509879350662231,
                    0.062034640461206436,
                    0.9935330748558044
                ]
            ]
        ],
        [
            -0.007459324359893799,
            0.047050331115722654,
            1.0994486083984376,
            null,
            null,
            null,
            [
                [
                    0.9957277774810791,
                    -0.031891677528619766,
                    0.08665543049573898
                ],
                [
                    0.03836391866207123,
                    0.9965140223503113,
                    -0.0740809217095375
                ],
                [
                    -0.08399078994989395,
                    0.0770888701081276,
                    0.9934801459312439
                ]
            ]
        ],
        [
            -0.006439972877502442,
            0.052224288940429686,
            1.0979324951171876,
            null,
            null,
            null,
            [
                [
                    0.9954718351364136,
                    0.030083853751420975,
                    0.09017066657543182
                ],
                [
                    -0.0237523652613163,
                    0.9972299933433533,
                    -0.07048533856868744
                ],
                [
                    -0.09204136580228806,
                    0.0680244043469429,
                    0.9934289455413818
                ]
            ]
        ],
        [
            -0.0045867285728454586,
            0.05513009643554687,
            1.0947208251953124,
            null,
            null,
            null,
            [
                [
                    0.9972352981567383,
                    -0.0031650641467422247,
                    0.0742410346865654
                ],
                [
                    0.008845798671245575,
                    0.997044563293457,
                    -0.0763140395283699
                ],
                [
                    -0.07378008216619492,
                    0.07675977796316147,
                    0.994316041469574
                ]
            ]
        ],
        [
            -0.005670022010803222,
            0.051421993255615236,
            1.092648193359375,
            null,
            null,
            null,
            [
                [
                    0.9975252747535706,
                    -0.026962092146277428,
                    0.0649331584572792
                ],
                [
                    0.032891009002923965,
                    0.9952117204666138,
                    -0.0920427143573761
                ],
                [
                    -0.0621405728161335,
                    0.09395065158605576,
                    0.9936356544494629
                ]
            ]
        ],
        [
            -0.009936656951904297,
            0.053307956695556644,
            1.0906923828125,
            null,
            null,
            null,
            [
                [
                    0.9980849027633667,
                    0.029400473460555077,
                    0.05442564934492111
                ],
                [
                    -0.02650047093629837,
                    0.9982290267944336,
                    -0.05325952172279358
                ],
                [
                    -0.0558951161801815,
                    0.051715217530727386,
                    0.9970964193344116
                ]
            ]
        ],
        [
            -0.01053607940673828,
            0.053034000396728516,
            1.090897705078125,
            null,
            null,
            null,
            [
                [
                    0.9969936609268188,
                    0.004961937200278044,
                    0.07732381671667099
                ],
                [
                    -0.00011707643716363236,
                    0.9980427026748657,
                    -0.06253572553396225
                ],
                [
                    -0.07748277485370636,
                    0.06233866885304451,
                    0.9950428605079651
                ]
            ]
        ],
        [
            -0.01187125301361084,
            0.04878744888305664,
            1.0910780029296876,
            null,
            null,
            null,
            [
                [
                    0.9965179562568665,
                    -0.016091935336589813,
                    0.08181080222129822
                ],
                [
                    0.020636580884456635,
                    0.9982724189758301,
                    -0.05501215532422066
                ],
                [
                    -0.08078421652317047,
                    0.05650889873504639,
                    0.9951284527778625
                ]
            ]
        ],
        [
            -0.013557478904724122,
            0.049303543090820315,
            1.090646484375,
            null,
            null,
            null,
            [
                [
                    0.9949328899383545,
                    0.049732357263565063,
                    0.08737996965646744
                ],
                [
                    -0.0472276508808136,
                    0.9984183311462402,
                    -0.030503029003739357
                ],
                [
                    -0.08875875174999237,
                    0.02622171677649021,
                    0.9957079291343689
                ]
            ]
        ],
        [
            -0.0093483247756958,
            0.046824974060058595,
            1.0902398681640626,
            null,
            null,
            null,
            [
                [
                    0.9933728575706482,
                    0.031462427228689194,
                    0.11054613441228867
                ],
                [
                    -0.022417593747377396,
                    0.996369481086731,
                    -0.08213016390800476
                ],
                [
                    -0.11272880434989929,
                    0.07910770177841187,
                    0.9904717206954956
                ]
            ]
        ],
        [
            -0.006710090637207031,
            0.04155611801147461,
            1.0878876953125,
            null,
            null,
            null,
            [
                [
                    0.9952034950256348,
                    0.0012654203455895185,
                    0.09781839698553085
                ],
                [
                    0.00294557330198586,
                    0.9990753531455994,
                    -0.0428926981985569
                ],
                [
                    -0.09778222441673279,
                    0.04297509416937828,
                    0.9942795038223267
                ]
            ]
        ],
        [
            -0.005753862857818604,
            0.037648826599121096,
            1.0850380859375,
            null,
            null,
            null,
            [
                [
                    0.9944862723350525,
                    0.026295877993106842,
                    0.1015162393450737
                ],
                [
                    -0.02042241021990776,
                    0.998080313205719,
                    -0.058469370007514954
                ],
                [
                    -0.10285886377096176,
                    0.05607378110289574,
                    0.993114173412323
                ]
            ]
        ],
        [
            -0.0024682738780975343,
            0.030625581741333008,
            1.0826397705078126,
            null,
            null,
            null,
            [
                [
                    0.9949015378952026,
                    0.053482405841350555,
                    0.08550158143043518
                ],
                [
                    -0.04733491688966751,
                    0.9962533712387085,
                    -0.07237811386585236
                ],
                [
                    -0.08905219286680222,
                    0.06796188652515411,
                    0.9937056303024292
                ]
            ]
        ],
        [
            0.000728866994380951,
            0.025885908126831055,
            1.0788970947265626,
            null,
            null,
            null,
            [
                [
                    0.9959790706634521,
                    0.027697768062353134,
                    0.08519727736711502
                ],
                [
                    -0.025450030341744423,
                    0.9993017315864563,
                    -0.027356861159205437
                ],
                [
                    -0.08589550852775574,
                    0.025078587234020233,
                    0.9959884881973267
                ]
            ]
        ],
        [
            -0.00012184819579124451,
            0.021349063873291017,
            1.076318603515625,
            null,
            null,
            null,
            [
                [
                    0.9960475564002991,
                    0.056268882006406784,
                    0.06872491538524628
                ],
                [
                    -0.05339686572551727,
                    0.9976498484611511,
                    -0.042936794459819794
                ],
                [
                    -0.07097940891981125,
                    0.03909739479422569,
                    0.996711254119873
                ]
            ]
        ],
        [
            0.003101628065109253,
            0.014412978172302245,
            1.07639697265625,
            null,
            null,
            null,
            [
                [
                    0.9949300289154053,
                    0.07533693313598633,
                    0.06662248820066452
                ],
                [
                    -0.07073000818490982,
                    0.9951062798500061,
                    -0.06899841874837875
                ],
                [
                    -0.07149458676576614,
                    0.06393638998270035,
                    0.9953896999359131
                ]
            ]
        ],
        [
            0.005419984340667725,
            0.011376687049865723,
            1.07630517578125,
            null,
            null,
            null,
            [
                [
                    0.9967199563980103,
                    0.015057467855513096,
                    0.07951483875513077
                ],
                [
                    -0.013979180715978146,
                    0.9998028874397278,
                    -0.014100139029324055
                ],
                [
                    -0.07971147447824478,
                    0.012942338362336159,
                    0.9967339634895325
                ]
            ]
        ],
        [
            0.005119039535522461,
            0.007565624713897705,
            1.0755496826171875,
            null,
            null,
            null,
            [
                [
                    0.9942406415939331,
                    0.0761631578207016,
                    0.0753968358039856
                ],
                [
                    -0.07354295253753662,
                    0.9966075420379639,
                    -0.03694300353527069
                ],
                [
                    -0.07795475423336029,
                    0.0311853289604187,
                    0.9964690208435059
                ]
            ]
        ],
        [
            0.010967270851135254,
            0.00044321805238723756,
            1.0757938232421875,
            null,
            null,
            null,
            [
                [
                    0.9928152561187744,
                    0.06390517950057983,
                    0.10116323828697205
                ],
                [
                    -0.05695333331823349,
                    0.9959072470664978,
                    -0.07017859816551208
                ],
                [
                    -0.10523398220539093,
                    0.06391280144453049,
                    0.9923915266990662
                ]
            ]
        ],
        [
            0.017199722290039063,
            -0.0012835593223571777,
            1.0746597900390624,
            null,
            null,
            null,
            [
                [
                    0.9937061667442322,
                    0.036471590399742126,
                    0.10591435432434082
                ],
                [
                    -0.033961571753025055,
                    0.9991001486778259,
                    -0.02540683187544346
                ],
                [
                    -0.10674567520618439,
                    0.021649908274412155,
                    0.9940506219863892
                ]
            ]
        ],
        [
            0.02174957084655762,
            -0.00501336669921875,
            1.0732630615234375,
            null,
            null,
            null,
            [
                [
                    0.9932779669761658,
                    0.06522928923368454,
                    0.09562449157238007
                ],
                [
                    -0.060152750462293625,
                    0.9966703057289124,
                    -0.05504542961716652
                ],
                [
                    -0.09889665991067886,
                    0.04892333596944809,
                    0.9938943386077881
                ]
            ]
        ],
        [
            0.024148603439331055,
            -0.0010822205543518067,
            1.0720626220703124,
            null,
            null,
            null,
            [
                [
                    0.926830530166626,
                    0.372541218996048,
                    0.04688548296689987
                ],
                [
                    -0.37347227334976196,
                    0.9275550842285156,
                    0.012647617608308792
                ],
                [
                    -0.03877711296081543,
                    -0.029232626780867577,
                    0.9988201856613159
                ]
            ]
        ],
        [
            0.029464004516601562,
            0.02282969093322754,
            1.063135009765625,
            null,
            null,
            null,
            [
                [
                    0.650612473487854,
                    0.7593062520027161,
                    0.012544926255941391
                ],
                [
                    -0.7520609498023987,
                    0.6419358849525452,
                    0.14940744638442993
                ],
                [
                    0.10539297014474869,
                    -0.10664089769124985,
                    0.9886961579322815
                ]
            ]
        ],
        [
            0.03460220718383789,
            0.05854351806640625,
            1.052535888671875,
            null,
            null,
            null,
            [
                [
                    0.2364027053117752,
                    0.9715648293495178,
                    -0.013249370269477367
                ],
                [
                    -0.9474170207977295,
                    0.2335108369588852,
                    0.2188005894422531
                ],
                [
                    0.2156728357076645,
                    -0.039172377437353134,
                    0.9756796360015869
                ]
            ]
        ],
        [
            0.04326437759399414,
            0.10561078643798828,
            1.04689111328125,
            null,
            null,
            null,
            [
                [
                    -0.21210487186908722,
                    0.9772384762763977,
                    0.004058206453919411
                ],
                [
                    -0.9532734751701355,
                    -0.20781399309635162,
                    0.21927842497825623
                ],
                [
                    0.21513065695762634,
                    0.04264144226908684,
                    0.975653886795044
                ]
            ]
        ],
        [
            0.06216422271728515,
            0.15885874938964845,
            1.04504931640625,
            null,
            null,
            null,
            [
                [
                    -0.7870094180107117,
                    0.6144739389419556,
                    0.0551178976893425
                ],
                [
                    -0.598103404045105,
                    -0.7818364500999451,
                    0.1760798692703247
                ],
                [
                    0.1512896716594696,
                    0.10561031103134155,
                    0.982831597328186
                ]
            ]
        ],
        [
            0.0823550796508789,
            0.20476651000976562,
            1.05454150390625,
            null,
            null,
            null,
            [
                [
                    -0.9291923642158508,
                    0.3502756357192993,
                    0.11793427914381027
                ],
                [
                    -0.3454594612121582,
                    -0.9365302324295044,
                    0.05974038317799568
                ],
                [
                    0.13137461245059967,
                    0.01476880069822073,
                    0.9912227988243103
                ]
            ]
        ],
        [
            0.10103986358642578,
            0.24430195617675782,
            1.07232421875,
            null,
            null,
            null,
            [
                [
                    -0.9743091464042664,
                    0.2168712019920349,
                    0.060733165591955185
                ],
                [
                    -0.21709726750850677,
                    -0.9761455655097961,
                    0.0029309734236449003
                ],
                [
                    0.0599200539290905,
                    -0.010329329408705235,
                    0.9981497526168823
