{
    "radius": 0.3,
    "angular_speed": 12,
    "save_freq": 0.1,
    "pid_gains": {
        "pid_rate": {
            "roll_kp": "50.0",
            "roll_ki": "0.0",
            "roll_kd": "0.0",
            "pitch_kp": "50.0",
            "pitch_ki": "0.0",
            "pitch_kd": "0.0",
            "yaw_kp": "80.0",
            "yaw_ki": "0.0",
            "yaw_kd": "0.0"
        },
        "pid_attitude": {
            "roll_kp": "10.0",
            "roll_ki": "0.5",
            "roll_kd": "0.5",
            "pitch_kp": "13.0",
            "pitch_ki": "0.5",
            "pitch_kd": "1.5",
            "yaw_kp": "8.0",
            "yaw_ki": "0.5",
            "yaw_kd": "0.5"
        },
        "velCtlPid": {
            "vxKp": "15.0",
            "vxKi": "1.0",
            "vxKd": "0.0",
            "vyKp": "10.0",
            "vyKi": "1.0",
            "vyKd": "0.0",
            "vzKp": "12.5",
            "vzKi": "0.5",
            "vzKd": "0.0"
        },
        "posCtlPid": {
            "xKp": "1.5",
            "xKi": "0.20000000298023224",
            "xKd": "0.20000000298023224",
            "yKp": "1.5",
            "yKi": "0.20000000298023224",
            "yKd": "0.20000000298023224",
            "zKp": "5.0",
            "zKi": "0.5",
            "zKd": "0.0"
        }
    },
    "pose": [
        [
            0.04543814468383789,
            0.07140145874023437,
            0.2609637145996094,
            null,
            null,
            null,
            [
                [
                    0.9972419142723083,
                    -0.04530847445130348,
                    0.05878573656082153
                ],
                [
                    0.04485023394227028,
                    0.998952329158783,
                    0.009091916494071484
                ],
                [
                    -0.05913608893752098,
                    -0.006430285517126322,
                    0.9982292056083679
                ]
            ]
        ],
        [
            0.04540137481689453,
            0.07129704284667969,
            0.2608607177734375,
            null,
            null,
            null,
            [
                [
                    0.9970804452896118,
                    -0.049323324114084244,
                    0.05829084292054176
                ],
                [
                    0.04900941252708435,
                    0.9987751245498657,
                    0.006803516764193773
                ],
                [
                    -0.05855501815676689,
                    -0.003926853649318218,
                    0.9982764720916748
                ]
            ]
        ],
        [
            0.04541790771484375,
            0.07397663879394531,
            0.2762236022949219,
            null,
            null,
            null,
            [
                [
                    0.9959946274757385,
                    -0.0711890310049057,
                    0.0541001558303833
                ],
                [
                    0.06809796392917633,
                    0.9960501790046692,
                    0.05698021501302719
                ],
                [
                    -0.05794283375144005,
                    -0.053067877888679504,
                    0.99690842628479
                ]
            ]
        ],
        [
            0.044297183990478516,
            0.06860017395019531,
            0.3593627014160156,
            null,
            null,
            null,
            [
                [
                    0.9952918291091919,
                    -0.043246641755104065,
                    -0.08674060553312302
                ],
                [
                    0.044628486037254333,
                    0.9989047646522522,
                    0.01405441015958786
                ],
                [
                    0.08603779971599579,
                    -0.017859341576695442,
                    0.9961317777633667
                ]
            ]
        ],
        [
            0.03989505386352539,
            0.06129016876220703,
            0.48506256103515627,
            null,
            null,
            null,
            [
                [
                    0.9979390501976013,
                    -0.03956345468759537,
                    0.050521694123744965
                ],
                [
                    0.042864903807640076,
                    0.9968965649604797,
                    -0.06602884829044342
                ],
                [
                    -0.04775257408618927,
                    0.06805837154388428,
                    0.9965378642082214
                ]
            ]
        ],
        [
            0.037123363494873045,
            0.05399115371704102,
            0.5977010498046875,
            null,
            null,
            null,
            [
                [
                    0.9860085248947144,
                    -0.008007556200027466,
                    0.166502445936203
                ],
                [
                    0.022856486961245537,
                    0.9959059953689575,
                    -0.08745767921209335
                ],
                [
                    -0.165120467543602,
                    0.0900396779179573,
                    0.9821548461914062
                ]
            ]
        ],
        [
            0.03521173858642578,
            0.038595638275146484,
            0.7296260986328125,
            null,
            null,
            null,
            [
                [
                    0.9979206323623657,
                    -0.030657971277832985,
                    0.05669672414660454
                ],
                [
                    0.03475704789161682,
                    0.9967418313026428,
                    -0.072785384953022
                ],
                [
                    -0.05428054556250572,
                    0.07460465282201767,
                    0.9957348108291626
                ]
            ]
        ],
        [
            0.0336815299987793,
            0.019462060928344727,
            0.854641845703125,
            null,
            null,
            null,
            [
                [
                    0.981785774230957,
                    -0.07065966725349426,
                    0.17636282742023468
                ],
                [
                    0.08437998592853546,
                    0.9938621520996094,
                    -0.07154059410095215
                ],
                [
                    -0.17022530734539032,
                    0.08511903136968613,
                    0.9817219972610474
                ]
            ]
        ],
        [
            0.031994585037231446,
            -0.0005802295804023743,
            0.9844978637695313,
            null,
            null,
            null,
            [
                [
                    0.9945935010910034,
                    -0.0849541425704956,
                    0.05972094088792801
                ],
                [
                    0.08913106471300125,
                    0.9934751391410828,
                    -0.07115350663661957
                ],
                [
                    -0.053286485373973846,
                    0.07609180361032486,
                    0.9956759214401245
                ]
            ]
        ],
        [
            0.027517929077148437,
            -0.018125438690185548,
            1.0928021240234376,
            null,
            null,
            null,
            [
                [
                    0.9980658888816833,
                    -0.008486377075314522,
                    0.061582986265420914
                ],
                [
                    0.009777425788342953,
                    0.9997380375862122,
                    -0.02069338969886303
                ],
                [
                    -0.06139124184846878,
                    0.0212554894387722,
                    0.9978874325752258
                ]
            ]
        ],
        [
            0.029614673614501954,
            -0.029952110290527342,
            1.1633433837890625,
            null,
            null,
            null,
            [
                [
                    0.9960399866104126,
                    -0.048153072595596313,
                    0.07473672181367874
                ],
                [
                    0.04576205834746361,
                    0.9983944296836853,
                    0.033382754772901535
                ],
                [
                    -0.07622421532869339,
                    -0.029830453917384148,
                    0.9966443777084351
                ]
            ]
        ],
        [
            0.029464273452758788,
            -0.0384213981628418,
            1.193853271484375,
            null,
            null,
            null,
            [
                [
                    0.996235728263855,
                    -0.050381459295749664,
                    0.07054167985916138
                ],
                [
                    0.046118803322315216,
                    0.9970836043357849,
                    0.06080560013651848
                ],
                [
                    -0.07339943200349808,
                    -0.05732341110706329,
                    0.9956538081169128
                ]
            ]
        ],
        [
            0.028858341217041016,
            -0.044087394714355466,
            1.192623046875,
            null,
            null,
            null,
            [
                [
                    0.9963347911834717,
                    -0.03958151116967201,
                    0.07583026587963104
                ],
                [
                    0.03787596523761749,
                    0.9989989995956421,
                    0.023799806833267212
                ],
                [
                    -0.07669638842344284,
                    -0.02084043063223362,
                    0.9968366622924805
                ]
            ]
        ],
        [
            0.02812498474121094,
            -0.048602706909179685,
            1.17499365234375,
            null,
            null,
            null,
            [
                [
                    0.9985349178314209,
                    -0.035046450793743134,
                    0.04122846573591232
                ],
                [
                    0.036325033754110336,
                    0.9988688826560974,
                    -0.030682792887091637
                ],
                [
                    -0.04010650888085365,
                    0.03213546425104141,
                    0.9986785054206848
                ]
            ]
        ],
        [
            0.025393238067626955,
            -0.047562904357910156,
            1.1494273681640625,
            null,
            null,
            null,
            [
                [
                    0.9974567890167236,
                    -0.06884859502315521,
                    -0.018434742465615273
                ],
                [
                    -0.06898581981658936,
                    -0.9975937008857727,
                    -0.006913716439157724
                ],
                [
                    -0.017914382740855217,
                    0.008167869411408901,
                    -0.9998061656951904
                ]
            ]
        ],
        [
            0.025393238067626955,
            -0.047562904357910156,
            1.1494273681640625,
            null,
            null,
            null,
            [
                [
                    0.9974567890167236,
                    -0.06884859502315521,
                    -0.018434742465615273
                ],
                [
                    -0.06898581981658936,
                    -0.9975937008857727,
                    -0.006913716439157724
                ],
                [
                    -0.017914382740855217,
                    0.008167869411408901,
                    -0.9998061656951904
                ]
            ]
        ],
        [
            0.021297740936279296,
            -0.030664737701416016,
            1.1136585693359375,
            null,
            null,
            null,
            [
                [
                    0.007272038143128157,
                    -0.9995412826538086,
                    0.02939889393746853
                ],
                [
                    0.9998953342437744,
                    0.007636028807610273,
                    0.01228784304112196
                ],
                [
                    -0.012506697326898575,
                    0.029306460171937943,
                    0.9994922280311584
                ]
            ]
        ],
        [
            0.021297740936279296,
            -0.030664737701416016,
            1.1136585693359375,
            null,
            null,
            null,
            [
                [
                    0.007272038143128157,
                    -0.9995412826538086,
                    0.02939889393746853
                ],
                [
                    0.9998953342437744,
                    0.007636028807610273,
                    0.01228784304112196
                ],
                [
                    -0.012506697326898575,
                    0.029306460171937943,
                    0.9994922280311584
                ]
            ]
        ],
        [
            0.022546342849731445,
            0.00032502174377441406,
            1.0969051513671875,
            null,
            null,
            null,
            [
                [
                    0.996391236782074,
                    0.04831891134381294,
                    0.06978394091129303
                ],
                [
                    -0.04580259323120117,
                    0.9982568621635437,
                    -0.03722034767270088
                ],
                [
                    -0.07146074622869492,
                    0.03388974443078041,
                    0.9968675374984741
                ]
            ]
        ],
        [
            0.029892459869384765,
            0.01324884033203125,
            1.0927978515625,
            null,
            null,
            null,
            [
                [
                    0.994748055934906,
                    0.04128356650471687,
                    0.09365889430046082
                ],
                [
                    -0.03504118695855141,
                    0.997114360332489,
                    -0.06734310835599899
                ],
                [
                    -0.09616879373788834,
                    0.06370750814676285,
                    0.9933241605758667
                ]
            ]
        ],
        [
            0.038974048614501954,
            0.03146763801574707,
            1.092212890625,
            null,
            null,
            null,
            [
                [
                    0.9967483282089233,
                    0.01653369516134262,
                    0.07886327058076859
                ],
                [
                    -0.01201364491134882,
                    0.9982761740684509,
                    -0.05744897574186325
                ],
                [
                    -0.07967717200517654,
                    0.05631473287940025,
                    0.9952287077903748
                ]
            ]
        ],
        [
            0.04761719512939453,
            0.04267537689208984,
            1.094205810546875,
            null,
            null,
            null,
            [
                [
                    0.9973965287208557,
                    0.03619442880153656,
                    0.06237051263451576
                ],
                [
                    -0.029716480523347855,
                    0.9943580031394958,
                    -0.1018286794424057
                ],
                [
                    -0.06570424884557724,
                    0.0997101441025734,
                    0.992844820022583
                ]
            ]
        ],
        [
            0.05603393173217774,
            0.05393514251708984,
            1.096848388671875,
            null,
            null,
            null,
            [
                [
                    0.9988788962364197,
                    0.022940780967473984,
                    0.041408780962228775
                ],
                [
                    -0.020440109074115753,
                    0.9979990124702454,
                    -0.05983470007777214
                ],
                [
                    -0.04269857704639435,
                    0.058921221643686295,
                    0.9973490238189697
                ]
            ]
        ],
        [
            0.06178497314453125,
            0.06193693542480469,
            1.0985015869140624,
            null,
            null,
            null,
            [
                [
                    0.9990346431732178,
                    0.03847596421837807,
                    0.021197885274887085
                ],
                [
                    -0.036560531705617905,
                    0.9957661032676697,
                    -0.08433971554040909
                ],
                [
                    -0.024353187531232834,
                    0.08348329365253448,
                    0.9962115287780762
                ]
            ]
        ],
        [
            0.06549925231933594,
            0.06315617370605468,
            1.100697509765625,
            null,
            null,
            null,
            [
                [
                    0.999575138092041,
                    0.026285294443368912,
                    0.01259468961507082
                ],
                [
                    -0.024985557422041893,
                    0.9952471852302551,
                    -0.09412088990211487
                ],
                [
                    -0.01500882487744093,
                    0.0937662124633789,
                    0.9954811334609985
                ]
            ]
        ],
        [
            0.066412353515625,
            0.06793743133544922,
            1.1019166259765625,
            null,
            null,
            null,
            [
                [
                    0.9997290372848511,
                    0.02139543928205967,
                    0.009167981334030628
                ],
                [
                    -0.020896567031741142,
                    0.9984577894210815,
                    -0.05143306031823158
                ],
                [
                    -0.010254275053739548,
                    0.051227547228336334,
                    0.9986343383789062
                ]
            ]
        ],
        [
            0.06274148559570313,
            0.06470832061767579,
            1.1009111328125,
            null,
            null,
            null,
            [
                [
                    0.999756932258606,
                    0.01594887115061283,
                    0.015221741050481796
                ],
                [
                    -0.014528346247971058,
                    0.9959023594856262,
                    -0.08926069736480713
                ],
                [
                    -0.016582975164055824,
                    0.089017853140831,
                    0.9958919882774353
                ]
            ]
        ],
        [
            0.05556108093261719,
            0.05922102355957031,
            1.0984808349609374,
            null,
            null,
            null,
            [
                [
                    0.9997162222862244,
                    0.012309500016272068,
                    0.02039371058344841
                ],
                [
                    -0.011264440603554249,
                    0.9986559748649597,
                    -0.05058974027633667
                ],
                [
                    -0.020989034324884415,
                    0.050345662981271744,
                    0.9985112547874451
                ]
            ]
        ],
        [
            0.04596915054321289,
            0.053901573181152344,
            1.093998046875,
            null,
            null,
            null,
            [
                [
                    0.9996599555015564,
                    -0.0027871534693986177,
                    0.025927746668457985
                ],
                [
                    0.00441224267706275,
                    0.9980142712593079,
                    -0.06283320486545563
                ],
                [
                    -0.025701135396957397,
                    0.06292623281478882,
                    0.9976872205734253
                ]
            ]
        ],
        [
            0.034116416931152346,
            0.04430295944213867,
            1.090885009765625,
            null,
            null,
            null,
            [
                [
                    0.9997240900993347,
                    -0.005262219812721014,
                    0.022891458123922348
                ],
                [
                    0.006847160868346691,
                    0.9975431561470032,
                    -0.06971947848796844
                ],
                [
                    -0.022468337789177895,
                    0.06985697895288467,
                    0.9973039627075195
                ]
            ]
        ],
        [
            0.02398957633972168,
            0.04164685821533203,
            1.088078857421875,
            null,
            null,
            null,
            [
                [
                    0.9991834759712219,
                    -0.004774108063429594,
                    0.04012032970786095
                ],
                [
                    0.005934021435678005,
                    0.999566376209259,
                    -0.028841687366366386
                ],
                [
                    -0.03996524214744568,
                    0.029056210070848465,
                    0.9987785220146179
                ]
            ]
        ],
        [
            0.01809329605102539,
            0.03853444290161133,
            1.086660888671875,
            null,
            null,
            null,
            [
                [
                    0.9972678422927856,
                    -0.0008323132060468197,
                    0.07386558502912521
                ],
                [
                    0.0044803195632994175,
                    0.9987771511077881,
                    -0.04923515021800995
                ],
                [
                    -0.07373428344726562,
                    0.04943157732486725,
                    0.996052086353302
                ]
            ]
        ],
        [
            0.01672836112976074,
            0.03153623008728027,
            1.08650390625,
            null,
            null,
            null,
            [
                [
                    0.9961163401603699,
                    0.02003374509513378,
                    0.08573710173368454
                ],
                [
                    -0.015687106177210808,
                    0.9985716342926025,
                    -0.05107412859797478
                ],
                [
                    -0.08663784712553024,
                    0.04953080788254738,
                    0.9950078129768372
                ]
            ]
        ],
        [
            0.017798675537109374,
            0.032053321838378904,
            1.0854747314453126,
            null,
            null,
            null,
            [
                [
                    0.9956229329109192,
                    0.018996642902493477,
                    0.09151004254817963
                ],
                [
                    -0.015497328713536263,
                    0.9991268515586853,
                    -0.038799677044153214
                ],
                [
                    -0.0921671986579895,
                    0.037211690098047256,
                    0.9950479865074158
                ]
            ]
        ],
        [
            0.02587447738647461,
            0.028343616485595705,
            1.0853175048828125,
            null,
            null,
            null,
            [
                [
                    0.9934180378913879,
                    0.06989049911499023,
                    0.09075179696083069
                ],
                [
                    -0.06312988698482513,
                    0.9951571822166443,
                    -0.07534462213516235
                ],
                [
                    -0.09557817131280899,
                    0.06911955773830414,
                    0.9930192828178406
                ]
            ]
        ],
        [
            0.036010082244873044,
            0.02751371955871582,
            1.083857421875,
            null,
            null,
            null,
            [
                [
                    0.9955882430076599,
                    0.0679057165980339,
                    0.06475219130516052
                ],
                [
                    -0.06601348519325256,
                    0.9973392486572266,
                    -0.030930059030652046
                ],
                [
                    -0.06668023020029068,
                    0.026519086211919785,
                    0.99742192029953
                ]
            ]
        ],
        [
            0.039629234313964846,
            0.02490871238708496,
            1.0816495361328125,
            null,
            null,
            null,
            [
                [
                    0.9983496069908142,
                    0.05677555501461029,
                    0.00863858312368393
                ],
                [
                    -0.05618837848305702,
                    0.9967659115791321,
                    -0.05745065584778786
                ],
                [
                    -0.011872437782585621,
                    0.05687044933438301,
                    0.9983109831809998
                ]
            ]
        ],
        [
            0.03803810882568359,
            0.018366159439086913,
            1.079885009765625,
            null,
            null,
            null,
            [
                [
                    0.9991941452026367,
                    0.03109794296324253,
                    -0.025377027690410614
                ],
                [
                    -0.03312934562563896,
                    0.9959145784378052,
                    -0.0840032771229744
                ],
                [
                    0.02266102470457554,
                    0.08477630466222763,
                    0.9961422681808472
                ]
            ]
        ],
        [
            0.029837007522583007,
            0.018910324096679688,
            1.0765858154296875,
            null,
            null,
            null,
            [
                [
                    0.9991236925125122,
                    0.016550999134778976,
                    -0.038443099707365036
                ],
                [
                    -0.017732905223965645,
                    0.9993740916252136,
                    -0.030609527602791786
                ],
                [
                    0.03791242092847824,
                    0.03126441314816475,
                    0.9987918734550476
                ]
            ]
        ],
        [
            0.014774276733398437,
            0.0173206787109375,
            1.0741417236328126,
            null,
            null,
            null,
            [
                [
                    0.9993923902511597,
                    0.008567415177822113,
                    -0.03378479555249214
                ],
                [
                    -0.011130434460937977,
                    0.9970135688781738,
                    -0.07642024755477905
                ],
                [
                    0.03302917629480362,
                    0.07674986124038696,
                    0.9965031743049622
                ]
            ]
        ],
        [
            -0.002389052391052246,
            0.01605561065673828,
            1.0730419921875,
            null,
            null,
            null,
            [
                [
                    0.9992292523384094,
                    0.0129487169906497,
                    0.03705697879195213
                ],
                [
                    -0.01163794007152319,
                    0.9993064403533936,
                    -0.03537164255976677
                ],
                [
                    -0.03748929873108864,
                    0.034913111478090286,
                    0.9986869692802429
                ]
            ]
        ],
        [
            -0.016505128860473634,
            0.01942115020751953,
            1.0736771240234375,
            null,
            null,
            null,
            [
                [
                    0.9976280927658081,
                    0.00303797353990376,
                    0.06876767426729202
                ],
                [
                    -0.00013353105168789625,
                    0.999109148979187,
                    -0.042200829833745956
                ],
                [
                    -0.06883461773395538,
                    0.042091548442840576,
                    0.9967397451400757
                ]
            ]
        ],
        [
            -0.026698610305786134,
            0.019316184997558595,
            1.0762664794921875,
            null,
            null,
            null,
            [
                [
                    0.9928884506225586,
                    -0.017537202686071396,
                    0.1177496686577797
                ],
                [
                    0.026664303615689278,
                    0.9967213869094849,
                    -0.07639065384864807
                ],
                [
                    -0.11602392792701721,
                    0.07898710668087006,
                    0.9901007413864136
                ]
            ]
        ],
        [
            -0.029641092300415037,
            0.026030853271484376,
            1.0763309326171875,
            null,
            null,
            null,
            [
                [
                    0.9897074699401855,
                    0.025289269164204597,
                    0.14085307717323303
                ],
                [
                    -0.021371617913246155,
                    0.9993433952331543,
                    -0.02925754152238369
                ],
                [
                    -0.14150050282478333,
                    0.025946149602532387,
                    0.9895980954170227
                ]
            ]
        ],
        [
            -0.02397113037109375,
            0.029698965072631835,
            1.073436279296875,
            null,
            null,
            null,
            [
                [
                    0.9899725317955017,
                    -0.01184475515037775,
                    0.1407623589038849
                ],
                [
                    0.02276522107422352,
                    0.9968306422233582,
                    -0.07622583955526352
                ],
                [
                    -0.13941337168216705,
                    0.07866597175598145,
                    0.9871046543121338
                ]
            ]
        ],
        [
            -0.016816139221191406,
            0.02996862602233887,
            1.070236572265625,
            null,
            null,
            null,
            [
                [
                    0.9932886958122253,
                    0.009242012165486813,
                    0.11529161781072617
                ],
                [
                    -0.00030349494772963226,
                    0.9970072507858276,
                    -0.07730739563703537
                ],
                [
                    -0.11566105484962463,
                    0.07675357162952423,
                    0.9903188347816467
                ]
            ]
        ],
        [
            -0.010988243103027344,
            0.033129764556884767,
            1.0679930419921875,
            null,
            null,
            null,
            [
                [
                    0.9978469014167786,
                    -0.0064265369437634945,
                    0.06527063250541687
                ],
                [
                    0.01122305914759636,
                    0.9972403049468994,
                    -0.07338817417621613
                ],
                [
                    -0.06461887806653976,
                    0.07396270334720612,
                    0.9951652884483337
                ]
            ]
        ],
        [
            -0.008882240295410156,
            0.030006816864013672,
            1.0674229736328125,
            null,
            null,
            null,
            [
                [
                    0.9998010993003845,
                    0.006506416015326977,
                    0.018851974979043007
                ],
                [
                    -0.004569020587950945,
                    0.994871199131012,
                    -0.10104691237211227
                ],
                [
                    -0.01941273920238018,
                    0.10094068199396133,
                    0.9947030544281006
                ]
            ]
        ],
        [
            -0.01276008415222168,
            0.02586318588256836,
            1.06618212890625,
            null,
            null,
            null,
            [
                [
                    0.9999714493751526,
                    0.003901009215041995,
                    -0.006471359170973301
                ],
                [
                    -0.0043193986639380455,
                    0.9978134632110596,
                    -0.06595148891210556
                ],
                [
                    0.006199932191520929,
                    0.0659775584936142,
                    0.9978018403053284
                ]
            ]
        ],
        [
            -0.022621973037719727,
            0.02042656135559082,
            1.0655867919921875,
            null,
            null,
            null,
            [
                [
                    0.9997658133506775,
                    -0.021357934921979904,
                    0.0034909972455352545
                ],
                [
                    0.02155686356127262,
                    0.9970608353614807,
                    -0.07351891696453094
                ],
                [
                    -0.0019105242099612951,
                    0.07357694953680038,
                    0.9972876906394958
                ]
            ]
        ],
        [
            -0.03162780570983887,
            0.013705779075622558,
            1.0813858642578125,
            null,
            null,
            null,
            [
                [
                    0.993837833404541,
                    -0.025183945894241333,
                    0.10794482380151749
                ],
                [
                    0.02802516520023346,
                    0.9992974400520325,
                    -0.024885103106498718
                ],
                [
                    -0.10724227875471115,
                    0.027756929397583008,
                    0.9938454031944275
                ]
            ]
        ],
        [
            -0.03338386154174805,
            -0.004066976070404052,
            1.1336253662109375,
            null,
            null,
            null,
            [
                [
                    0.9832484126091003,
                    0.005170262418687344,
                    0.18219725787639618
                ],
                [
                    0.014897694811224937,
                    0.9939734935760498,
                    -0.10860338062047958
                ],
                [
                    -0.1816607564687729,
                    0.10949841886758804,
                    0.9772458672523499
                ]
            ]
        ],
        [
            -0.023928766250610353,
            -0.014487023353576661,
            1.19269482421875,
            null,
            null,
            null,
            [
                [
                    0.9731404185295105,
                    0.01174419466406107,
                    0.2299126386642456
                ],
                [
                    0.010438397526741028,
                    0.9954197406768799,
                    -0.09502927213907242
                ],
                [
                    -0.229975625872612,
                    0.0948767438530922,
                    0.9685605764389038
                ]
            ]
        ],
        [
            -0.004915146350860595,
            -0.027145931243896484,
            1.2411744384765624,
            null,
            null,
            null,
            [
                [
                    0.972623348236084,
                    -0.053403906524181366,
                    0.2261677086353302
                ],
                [
                    0.062202099710702896,
                    0.9975520372390747,
                    -0.031949907541275024
                ],
                [
                    -0.22390781342983246,
                    0.045143332332372665,
                    0.9735642671585083
                ]
            ]
        ],
        [
            0.01665306282043457,
            -0.039213981628417965,
            1.276630859375,
            null,
            null,
            null,
            [
                [
                    0.9842279553413391,
                    -0.05853186175227165,
                    0.16694118082523346
                ],
                [
                    0.0645725280046463,
                    0.9974318742752075,
                    -0.03098420985043049
                ],
                [
                    -0.16469889879226685,
                    0.04127533733844757,
                    0.9854798913002014
                ]
            ]
        ],
        [
            0.03327514266967774,
            -0.053104209899902347,
            1.2954385986328125,
            null,
            null,
            null,
            [
                [
                    0.9936316013336182,
                    -0.055626969784498215,
                    0.09798918664455414
                ],
                [
                    0.06028333306312561,
                    0.9971566796302795,
                    -0.045215360820293427
                ],
                [
                    -0.09519538283348083,
                    0.0508345291018486,
                    0.9941598176956177
                ]
            ]
        ],
        [
            0.04772220993041992,
            -0.0655308074951172,
            1.3069354248046876,
            null,
            null,
            null,
            [
                [
                    0.9964385628700256,
                    0.015285894274711609,
                    0.08292504400014877
                ],
                [
                    -0.010139049962162971,
                    0.9980161786079407,
                    -0.06213599443435669
                ],
                [
                    -0.08371034264564514,
                    0.061073917895555496,
