{
    "radius": 0.25,
    "angular_speed": 12,
    "save_freq": 0.1,
    "pid_gains": {
        "pid_rate": {
            "roll_kp": "50.0",
            "roll_ki": "0.0",
            "roll_kd": "0.0",
            "pitch_kp": "50.0",
            "pitch_ki": "0.0",
            "pitch_kd": "0.0",
            "yaw_kp": "80.0",
            "yaw_ki": "0.0",
            "yaw_kd": "0.0"
        },
        "pid_attitude": {
            "roll_kp": "10.0",
            "roll_ki": "0.5",
            "roll_kd": "0.5",
            "pitch_kp": "13.0",
            "pitch_ki": "0.5",
            "pitch_kd": "1.5",
            "yaw_kp": "8.0",
            "yaw_ki": "0.5",
            "yaw_kd": "0.5"
        },
        "velCtlPid": {
            "vxKp": "15.0",
            "vxKi": "1.0",
            "vxKd": "0.0",
            "vyKp": "10.0",
            "vyKi": "1.0",
            "vyKd": "0.0",
            "vzKp": "12.5",
            "vzKi": "0.5",
            "vzKd": "0.0"
        },
        "posCtlPid": {
            "xKp": "1.5",
            "xKi": "0.20000000298023224",
            "xKd": "0.20000000298023224",
            "yKp": "1.5",
            "yKi": "0.20000000298023224",
            "yKd": "0.20000000298023224",
            "zKp": "5.0",
            "zKi": "0.5",
            "zKd": "0.0"
        }
    },
    "pose": [
        [
            0.04402337265014648,
            0.06962192535400391,
            0.2617021484375,
            null,
            null,
            null,
            [
                [
                    0.9972326755523682,
                    -0.051972128450870514,
                    0.0531587228178978
                ],
                [
                    0.05104639381170273,
                    0.9985225796699524,
                    0.018627403303980827
                ],
                [
                    -0.054048292338848114,
                    -0.015862293541431427,
                    0.9984123110771179
                ]
            ]
        ],
        [
            0.04372018051147461,
            0.06941436767578125,
            0.26163128662109375,
            null,
            null,
            null,
            [
                [
                    0.9972875714302063,
                    -0.0506804957985878,
                    0.05337616428732872
                ],
                [
                    0.049957819283008575,
                    0.998641848564148,
                    0.014788446016609669
                ],
                [
                    -0.054053157567977905,
                    -0.012081775814294815,
                    0.9984649419784546
                ]
            ]
        ],
        [
            0.04230623626708984,
            0.07646029663085938,
            0.28214077758789063,
            null,
            null,
            null,
            [
                [
                    0.9978395104408264,
                    -0.05412239581346512,
                    0.03724346682429314
                ],
                [
                    0.053330253809690475,
                    0.9983357787132263,
                    0.021944545209407806
                ],
                [
                    -0.03836917504668236,
                    -0.01991092972457409,
                    0.9990652203559875
                ]
            ]
        ],
        [
            0.040109455108642576,
            0.08090875244140625,
            0.38001309204101563,
            null,
            null,
            null,
            [
                [
                    0.9993823170661926,
                    -0.02498822659254074,
                    0.02471037395298481
                ],
                [
                    0.02634027600288391,
                    0.9980835318565369,
                    -0.05599544942378998
                ],
                [
                    -0.02326378971338272,
                    0.056611739099025726,
                    0.9981251955032349
                ]
            ]
        ],
        [
            0.032083427429199216,
            0.08263349151611328,
            0.5039591064453125,
            null,
            null,
            null,
            [
                [
                    0.9984358549118042,
                    -0.0492093451321125,
                    0.026537679135799408
                ],
                [
                    0.05173483490943909,
                    0.9931434988975525,
                    -0.10483108460903168
                ],
                [
                    -0.02119705267250538,
                    0.10604003816843033,
                    0.9941359162330627
                ]
            ]
        ],
        [
            0.02252581024169922,
            0.06769805908203125,
            0.6309734497070313,
            null,
            null,
            null,
            [
                [
                    0.9977895617485046,
                    -0.05072443187236786,
                    0.04293065145611763
                ],
                [
                    0.05592832341790199,
                    0.9898998141288757,
                    -0.13027040660381317
                ],
                [
                    -0.0358891524374485,
                    0.13238349556922913,
                    0.9905486106872559
                ]
            ]
        ],
        [
            0.014789619445800782,
            0.037657562255859374,
            0.7614503173828125,
            null,
            null,
            null,
            [
                [
                    0.9962323904037476,
                    -0.0678621158003807,
                    0.0539981909096241
                ],
                [
                    0.07587114721536636,
                    0.9835983514785767,
                    -0.16363932192325592
                ],
                [
                    -0.04200762137770653,
                    0.16711969673633575,
                    0.9850413203239441
                ]
            ]
        ],
        [
            0.008618357658386231,
            0.0032198562622070314,
            0.891625,
            null,
            null,
            null,
            [
                [
                    0.9947385191917419,
                    -0.07311472296714783,
                    0.07176008820533752
                ],
                [
                    0.09120451658964157,
                    0.9510491490364075,
                    -0.29527485370635986
                ],
                [
                    -0.046658433973789215,
                    0.3002661168575287,
                    0.9527136087417603
                ]
            ]
        ],
        [
            0.006694420337677002,
            -0.029498165130615234,
            1.0171766357421874,
            null,
            null,
            null,
            [
                [
                    0.9965836405754089,
                    -0.05565040558576584,
                    -0.06102566793560982
                ],
                [
                    0.05331354960799217,
                    0.997805118560791,
                    -0.03927610069513321
                ],
                [
                    0.06307745724916458,
                    0.0358884260058403,
                    0.9973631501197815
                ]
            ]
        ],
        [
            0.008026219367980958,
            -0.05379203796386719,
            1.1261790771484375,
            null,
            null,
            null,
            [
                [
                    0.9915550351142883,
                    -0.06417834013700485,
                    0.1126929223537445
                ],
                [
                    0.05785292759537697,
                    0.9966077208518982,
                    0.05853313207626343
                ],
                [
                    -0.11606719344854355,
                    -0.051519207656383514,
                    0.9919043183326721
                ]
            ]
        ],
        [
            0.010946048736572265,
            -0.0643238296508789,
            1.18173828125,
            null,
            null,
            null,
            [
                [
                    0.9933041930198669,
                    -0.041278399527072906,
                    0.10790196806192398
                ],
                [
                    0.02765800431370735,
                    0.9917954802513123,
                    0.1248069629073143
                ],
                [
                    -0.11216851323843002,
                    -0.1209869310259819,
                    0.9862962961196899
                ]
            ]
        ],
        [
            0.011770838737487794,
            -0.07067256927490234,
            1.1956578369140625,
            null,
            null,
            null,
            [
                [
                    0.9950875639915466,
                    -0.0247778482735157,
                    0.09584750980138779
                ],
                [
                    0.014681720174849033,
                    0.994401752948761,
                    0.10464056581258774
                ],
                [
                    -0.09790369868278503,
                    -0.10271932184696198,
                    0.9898806214332581
                ]
            ]
        ],
        [
            0.012078961372375489,
            -0.07239870452880859,
            1.181264892578125,
            null,
            null,
            null,
            [
                [
                    0.9966862797737122,
                    -0.01826358027756214,
                    0.07926442474126816
                ],
                [
                    0.014982427470386028,
                    0.9990139007568359,
                    0.04179416969418526
                ],
                [
                    -0.07994957268238068,
                    -0.04046810045838356,
                    0.9959771037101746
                ]
            ]
        ],
        [
            0.012177741050720215,
            -0.07014530944824218,
            1.156061767578125,
            null,
            null,
            null,
            [
                [
                    0.9997777342796326,
                    0.0011650016531348228,
                    0.021049804985523224
                ],
                [
                    -0.0010971262818202376,
                    0.999994158744812,
                    -0.003235775977373123
                ],
                [
                    -0.021053452044725418,
                    0.0032119625248014927,
                    0.9997732043266296
                ]
            ]
        ],
        [
            0.010778092384338378,
            -0.06031081008911133,
            1.1311336669921874,
            null,
            null,
            null,
            [
                [
                    0.9971388578414917,
                    0.006796291097998619,
                    0.07528568059206009
                ],
                [
                    -0.006602046545594931,
                    0.9999741911888123,
                    -0.0028286785818636417
                ],
                [
                    -0.07530296593904495,
                    0.0023235457483679056,
                    0.9971579909324646
                ]
            ]
        ],
        [
            0.010184403419494628,
            -0.05099861526489258,
            1.1120274658203124,
            null,
            null,
            null,
            [
                [
                    0.9989338517189026,
                    0.004495060071349144,
                    0.04594547674059868
                ],
                [
                    -0.0019457294838503003,
                    0.9984633922576904,
                    -0.05538081377744675
                ],
                [
                    -0.046123817563056946,
                    0.055232372134923935,
                    0.9974076151847839
                ]
            ]
        ],
        [
            0.007959630489349365,
            -0.04492264938354492,
            1.1010589599609375,
            null,
            null,
            null,
            [
                [
                    0.9988041520118713,
                    7.612844638060778e-05,
                    0.048890307545661926
                ],
                [
                    0.0015547099756076932,
                    0.9994435906410217,
                    -0.03331819549202919
                ],
                [
                    -0.04886563867330551,
                    0.03335436433553696,
                    0.998248279094696
                ]
            ]
        ],
        [
            0.00181412410736084,
            -0.03784417724609375,
            1.0960128173828125,
            null,
            null,
            null,
            [
                [
                    0.9989598393440247,
                    0.010136792436242104,
                    0.04445749521255493
                ],
                [
                    -0.007323749363422394,
                    0.9979874491691589,
                    -0.06298735737800598
                ],
                [
                    -0.045006513595581055,
                    0.06259624660015106,
                    0.9970236420631409
                ]
            ]
        ],
        [
            0.0010821266174316406,
            -0.03418071746826172,
            1.0958154296875,
            null,
            null,
            null,
            [
                [
                    0.9979183077812195,
                    0.01725398376584053,
                    0.062139492481946945
                ],
                [
                    -0.012763960286974907,
                    0.9973270893096924,
                    -0.07194256037473679
                ],
                [
                    -0.06321469694375992,
                    0.07099965959787369,
                    0.9954712390899658
                ]
            ]
        ],
        [
            0.0037230570316314697,
            -0.024453279495239257,
            1.0950936279296875,
            null,
            null,
            null,
            [
                [
                    0.9975659251213074,
                    0.011447305791079998,
                    0.06878340989351273
                ],
                [
                    -0.010334698483347893,
                    0.9998102784156799,
                    -0.01650966890156269
                ],
                [
                    -0.06895935535430908,
                    0.015758628025650978,
                    0.9974949955940247
                ]
            ]
        ],
        [
            0.004772241115570068,
            -0.018262916564941407,
            1.0963675537109374,
            null,
            null,
            null,
            [
                [
                    0.9979583621025085,
                    0.012066752649843693,
                    0.06271744519472122
                ],
                [
                    -0.009332106448709965,
                    0.9990004897117615,
                    -0.04371412470936775
                ],
                [
                    -0.06318224966526031,
                    0.04303959012031555,
                    0.9970735311508179
                ]
            ]
        ],
        [
            0.010810457229614257,
            -0.012613804817199707,
            1.0977054443359375,
            null,
            null,
            null,
            [
                [
                    0.995195209980011,
                    0.04623701050877571,
                    0.08630529791116714
                ],
                [
                    -0.042578209191560745,
                    0.9981341361999512,
                    -0.04376450553536415
                ],
                [
                    -0.08816780149936676,
                    0.03987950086593628,
                    0.9953070282936096
                ]
            ]
        ],
        [
            0.019987695693969725,
            -0.0039342367649078365,
            1.0987996826171875,
            null,
            null,
            null,
            [
                [
                    0.9973205327987671,
                    0.02602498233318329,
                    0.06836996972560883
                ],
                [
                    -0.02307111769914627,
                    0.9987807273864746,
                    -0.04364417493343353
                ],
                [
                    -0.06942244619131088,
                    0.041949860751628876,
                    0.9967049360275269
                ]
            ]
        ],
        [
            0.026248884201049805,
            0.00010652315616607666,
            1.1019510498046876,
            null,
            null,
            null,
            [
                [
                    0.9988866448402405,
                    0.03102494776248932,
                    0.03553824499249458
                ],
                [
                    -0.028484167531132698,
                    0.9971475005149841,
                    -0.0698964074254036
                ],
                [
                    -0.0376054048538208,
                    0.06880631297826767,
                    0.9969210028648376
                ]
            ]
        ],
        [
            0.03119586753845215,
            0.009608750343322753,
            1.1033310546875,
            null,
            null,
            null,
            [
                [
                    0.9989795088768005,
                    0.04453273117542267,
                    0.007536700461059809
                ],
                [
                    -0.04421379044651985,
                    0.9982911944389343,
                    -0.0382080115377903
                ],
                [
                    -0.009225328452885151,
                    0.03783579543232918,
                    0.9992414116859436
                ]
            ]
        ],
        [
            0.03472960662841797,
            0.017536552429199218,
            1.10361279296875,
            null,
            null,
            null,
            [
                [
                    0.9984551072120667,
                    0.051894642412662506,
                    -0.01985841430723667
                ],
                [
                    -0.052583131939172745,
                    0.997971773147583,
                    -0.035879362374544144
                ],
                [
                    0.017956191673874855,
                    0.036868151277303696,
                    0.9991587996482849
                ]
            ]
        ],
        [
            0.03280074691772461,
            0.018801586151123047,
            1.1023480224609374,
            null,
            null,
            null,
            [
                [
                    0.9983128309249878,
                    0.044034626334905624,
                    -0.0378483422100544
                ],
                [
                    -0.04567108675837517,
                    0.998008131980896,
                    -0.043518807739019394
                ],
                [
                    0.035856619477272034,
                    0.04517395794391632,
                    0.9983354210853577
                ]
            ]
        ],
        [
            0.02573811340332031,
            0.02750746726989746,
            1.1003759765625,
            null,
            null,
            null,
            [
                [
                    0.9983024597167969,
                    0.049569252878427505,
                    -0.030579790472984314
                ],
                [
                    -0.05020152032375336,
                    0.9985334873199463,
                    -0.020266441628336906
                ],
                [
                    0.029530351981520653,
                    0.021767189726233482,
                    0.9993268251419067
                ]
            ]
        ],
        [
            0.020094844818115236,
            0.031304346084594724,
            1.0989571533203124,
            null,
            null,
            null,
            [
                [
                    0.9976583123207092,
                    0.06113491207361221,
                    0.03066617250442505
                ],
                [
                    -0.05849181115627289,
                    0.9950186610221863,
                    -0.0807252824306488
                ],
                [
                    -0.03544854745268822,
                    0.07874253392219543,
                    0.9962645173072815
                ]
            ]
        ],
        [
            0.01660982322692871,
            0.03864481735229492,
            1.09828759765625,
            null,
            null,
            null,
            [
                [
                    0.9968801736831665,
                    0.01931842416524887,
                    0.07652886211872101
                ],
                [
                    -0.01642274297773838,
                    0.9991317987442017,
                    -0.03828808292746544
                ],
                [
                    -0.07720208168029785,
                    0.03691181540489197,
                    0.9963319301605225
                ]
            ]
        ],
        [
            0.012266688346862793,
            0.044333927154541014,
            1.0979583740234375,
            null,
            null,
            null,
            [
                [
                    0.9930683374404907,
                    0.05983470752835274,
                    0.10116846859455109
                ],
                [
                    -0.05361388251185417,
                    0.9965640902519226,
                    -0.06313107162714005
                ],
                [
                    -0.10459829866886139,
                    0.05726943910121918,
                    0.9928642511367798
                ]
            ]
        ],
        [
            0.015284375190734863,
            0.04463474655151367,
            1.0969267578125,
            null,
            null,
            null,
            [
                [
                    0.9912389516830444,
                    0.07007845491170883,
                    0.11195681244134903
                ],
                [
                    -0.060276612639427185,
                    0.9942365288734436,
                    -0.08865945786237717
                ],
                [
                    -0.11752466857433319,
                    0.08113433420658112,
                    0.9897500276565552
                ]
            ]
        ],
        [
            0.020097719192504884,
            0.048935070037841796,
            1.094110595703125,
            null,
            null,
            null,
            [
                [
                    0.9954647421836853,
                    0.02296283468604088,
                    0.09231848269701004
                ],
                [
                    -0.019226539880037308,
                    0.9989675879478455,
                    -0.04115953668951988
                ],
                [
                    -0.09316831082105637,
                    0.0391978994011879,
                    0.9948784708976746
                ]
            ]
        ],
        [
            0.023909597396850585,
            0.04936044692993164,
            1.0909483642578126,
            null,
            null,
            null,
            [
                [
                    0.9972806572914124,
                    0.053585875779390335,
                    0.05059535428881645
                ],
                [
                    -0.050168875604867935,
                    0.9965211749076843,
                    -0.06654787808656693
                ],
                [
                    -0.053985368460416794,
                    0.06382860243320465,
                    0.9964995980262756
                ]
            ]
        ],
        [
            0.027755992889404297,
            0.04316823196411133,
            1.0893985595703124,
            null,
            null,
            null,
            [
                [
                    0.9974555373191833,
                    0.06638187915086746,
                    0.025998052209615707
                ],
                [
                    -0.06338208168745041,
                    0.9926724433898926,
                    -0.1028791293501854
                ],
                [
                    -0.032636858522892,
                    0.10096954554319382,
                    0.9943540692329407
                ]
            ]
        ],
        [
            0.0289088077545166,
            0.04126522827148438,
            1.0875760498046876,
            null,
            null,
            null,
            [
                [
                    0.9992698431015015,
                    0.03062926046550274,
                    0.02283870242536068
                ],
                [
                    -0.029205691069364548,
                    0.9977556467056274,
                    -0.06025521084666252
                ],
                [
                    -0.0246330164372921,
                    0.05954419821500778,
                    0.9979217052459717
                ]
            ]
        ],
        [
            0.02331551170349121,
            0.03744976806640625,
            1.08472900390625,
            null,
            null,
            null,
            [
                [
                    0.9991645216941833,
                    0.04059998318552971,
                    -0.0046820431016385555
                ],
                [
                    -0.04081885516643524,
                    0.9970435500144958,
                    -0.06509968638420105
                ],
                [
                    0.002025154884904623,
                    0.0652364119887352,
                    0.99786776304245
                ]
            ]
        ],
        [
            0.015266128540039062,
            0.027911304473876953,
            1.0818731689453125,
            null,
            null,
            null,
            [
                [
                    0.9993947148323059,
                    0.033023323863744736,
                    0.01093930471688509
                ],
                [
                    -0.03224208950996399,
                    0.9973510503768921,
                    -0.06520259380340576
                ],
                [
                    -0.01306353323161602,
                    0.06481042504310608,
                    0.9978120923042297
                ]
            ]
        ],
        [
            0.00580464506149292,
            0.02632887077331543,
            1.0791378173828126,
            null,
            null,
            null,
            [
                [
                    0.9990712404251099,
                    0.028422240167856216,
                    0.03238581866025925
                ],
                [
                    -0.026878993958234787,
                    0.9985270500183105,
                    -0.047130122780799866
                ],
                [
                    -0.033677659928798676,
                    0.04621585085988045,
                    0.9983636140823364
                ]
            ]
        ],
        [
            -0.0010495774745941163,
            0.02069331932067871,
            1.079560546875,
            null,
            null,
            null,
            [
                [
                    0.9979749321937561,
                    0.00975196436047554,
                    0.06285648792982101
                ],
                [
                    -0.0050590671598911285,
                    0.9972162842750549,
                    -0.07439160346984863
                ],
                [
                    -0.06340697407722473,
                    0.07392296195030212,
                    0.995246171951294
                ]
            ]
        ],
        [
            -0.0030988354682922365,
            0.021408498764038084,
            1.078196533203125,
            null,
            null,
            null,
            [
                [
                    0.9941357970237732,
                    0.03193370997905731,
                    0.10331602394580841
                ],
                [
                    -0.029211435467004776,
                    0.9991878271102905,
                    -0.027755996212363243
                ],
                [
                    -0.1041184663772583,
                    0.02457522042095661,
                    0.9942612648010254
                ]
            ]
        ],
        [
            0.0029985945224761962,
            0.020901111602783202,
            1.0759007568359376,
            null,
            null,
            null,
            [
                [
                    0.990727424621582,
                    0.023799840360879898,
                    0.13376371562480927
                ],
                [
                    -0.017744122073054314,
                    0.9987707734107971,
                    -0.04628308117389679
                ],
                [
                    -0.13470081984996796,
                    0.04348039999604225,
                    0.9899318814277649
                ]
            ]
        ],
        [
            0.013274069786071777,
            0.016003246307373046,
            1.0754437255859375,
            null,
            null,
            null,
            [
                [
                    0.9921925067901611,
                    0.021104317158460617,
                    0.12291742116212845
                ],
                [
                    -0.012990638613700867,
                    0.9977058172225952,
                    -0.06644042581319809
                ],
                [
                    -0.12403760850429535,
                    0.06432491540908813,
                    0.9901903867721558
                ]
            ]
        ],
        [
            0.026163587570190428,
            0.017717697143554687,
            1.0750919189453125,
            null,
            null,
            null,
            [
                [
                    0.9945716857910156,
                    0.04803989827632904,
                    0.0922999456524849
                ],
                [
                    -0.04521087184548378,
                    0.9984486103057861,
                    -0.03250182047486305
                ],
                [
                    -0.09371813386678696,
                    0.028152432292699814,
                    0.9952006340026855
                ]
            ]
        ],
        [
            0.04013917922973633,
            0.016587207794189453,
            1.0741500244140625,
            null,
            null,
            null,
            [
                [
                    0.9987422227859497,
                    0.0197647325694561,
                    0.04608011618256569
                ],
                [
                    -0.01699521765112877,
                    0.9980694055557251,
                    -0.05973798781633377
                ],
                [
                    -0.04717186093330383,
                    0.058879707008600235,
                    0.9971499443054199
                ]
            ]
        ],
        [
            0.04924240493774414,
            0.011454490661621094,
            1.0736702880859375,
            null,
            null,
            null,
            [
                [
                    0.9997963309288025,
                    0.019055042415857315,
                    0.006645131856203079
                ],
                [
                    -0.018665825948119164,
                    0.998344898223877,
                    -0.05439770221710205
                ],
                [
                    -0.007670683786273003,
                    0.054262589663267136,
                    0.9984972476959229
                ]
            ]
        ],
        [
            0.05123075485229492,
            0.008915306091308594,
            1.0739803466796876,
            null,
            null,
            null,
            [
                [
                    0.9987934231758118,
                    0.011263815686106682,
                    -0.047799766063690186
                ],
                [
                    -0.013484121300280094,
                    0.998832643032074,
                    -0.04638484865427017
                ],
                [
                    0.04722149670124054,
                    0.046973418444395065,
                    0.997779369354248
                ]
            ]
        ],
        [
            0.04677613067626953,
            0.0023970603942871094,
            1.0763797607421874,
            null,
            null,
            null,
            [
                [
                    0.9973849058151245,
                    0.027801325544714928,
                    -0.06671202927827835
                ],
                [
                    -0.03345582261681557,
                    0.9958022236824036,
                    -0.08519767969846725
                ],
                [
                    0.06406337767839432,
                    0.08720678091049194,
                    0.9941281676292419
                ]
            ]
        ],
        [
            0.03515360260009766,
            -0.000724208652973175,
            1.0786524658203125,
            null,
            null,
            null,
            [
                [
                    0.9997807741165161,
                    0.009979721158742905,
                    -0.018405763432383537
                ],
                [
                    -0.010214190930128098,
                    0.99986732006073,
                    -0.012689233757555485
                ],
                [
                    0.01827668584883213,
                    0.012874452397227287,
                    0.9997500777244568
                ]
            ]
        ],
        [
            0.022321514129638672,
            -0.0028084557056427,
            1.081099365234375,
            null,
            null,
            null,
            [
                [
                    0.9995889067649841,
                    0.0190423633903265,
                    0.0214342400431633
                ],
                [
                    -0.01826533116400242,
                    0.9991890788078308,
                    -0.03588186204433441
                ],
                [
                    -0.022100133821368217,
                    0.035475607961416245,
                    0.999126136302948
                ]
            ]
        ],
        [
            0.01794637680053711,
            -0.005543493270874024,
            1.0837923583984375,
            null,
            null,
            null,
            [
                [
                    0.9769138097763062,
                    -0.1814640462398529,
                    0.11273973435163498
                ],
                [
                    0.18392261862754822,
                    0.982870876789093,
                    -0.011715579777956009
                ],
                [
                    -0.10868264734745026,
                    0.03218049928545952,
                    0.99355548620224
                ]
            ]
        ],
        [
            0.0192926025390625,
            -0.0011556396484375,
            1.0850775146484375,
            null,
            null,
            null,
            [
                [
                    0.8683258891105652,
                    -0.47831201553344727,
                    0.13125456869602203
                ],
                [
                    0.47582557797431946,
                    0.878015398979187,
                    0.05175923556089401
                ],
                [
                    -0.140000581741333,
                    0.017510391771793365,
                    0.9899965524673462
                ]
            ]
        ],
        [
            0.029298982620239257,
            0.006063196659088135,
            1.08624658203125,
            null,
            null,
            null,
            [
                [
                    0.7235543727874756,
                    -0.6715198755264282,
                    0.15978150069713593
                ],
                [
                    0.6749423742294312,
                    0.7367806434631348,
                    0.040088292211294174
                ],
                [
                    -0.14464399218559265,
                    0.07883724570274353,
                    0.9863380789756775
                ]
            ]
        ],
        [
            0.048481178283691403,
            0.02041064453125,
            1.086240234375,
            null,
            null,
            null,
            [
                [
                    0.5571566820144653,
                    -0.8234508037567139,
                    0.10726219415664673
                ],
                [
                    0.820508599281311,
                    0.5657879710197449,
                    0.08154521137475967
                ],
                [
                    -0.12783612310886383,
                    0.04257609695196152,
                    0.9908810257911682
                ]
            ]
        ],
        [
            0.06462932586669921,
            0.03259357452392578,
            1.0859697265625,
            null,
            null,
            null,
            [
                [
                    0.3285647928714752,
                    -0.9439893364906311,
                    0.030483834445476532
                ],
                [
                    0.9426749348640442,
                    0.3297607898712158,
                    0.051203787326812744
                ],
                [
                    -0.058388203382492065,
                    0.011912583373486996,
                    0.9982228875160217
                ]
            ]
        ],
        [
            0.08303734588623046,
            0.04688274383544922,
            1.0860845947265625,
            null,
            null,
            null,
            [
                [
                    0.1857360452413559,
                    -0.9825988411903381,
                    0.001269844127818942
                ],
                [
                    0.9825191497802734,
                    0.18573720753192902,
                    0.012561202980577946
                ],
                [
                    -0.012578481808304787,
                    -0.0010854220017790794,
                    0.9999203085899353
                ]
            ]
        ],
        [
            0.09571947479248047,
            0.05685138702392578,
            1.084688232421875,
            null,
            null,
            null,
            [
                [
                    0.07533758878707886,
                    -0.9953603744506836,
                    -0.05984921753406525
                ],
                [
                    0.9960377216339111,
                    0.07796165347099304,
                    -0.04278850927948952
                ],
                [
                    0.04725593328475952,
                    -0.0563884973526001,
                    0.9972899556159973
                ]
            ]
