{
    "radius": 0.5,
    "angular_speed": 10,
    "save_freq": 0.01,
    "pid_gains": {
        "pid_rate": {
            "roll_kp": "50.0",
            "roll_ki": "0.0",
            "roll_kd": "0.0",
            "pitch_kp": "50.0",
            "pitch_ki": "0.0",
            "pitch_kd": "0.0",
            "yaw_kp": "80.0",
            "yaw_ki": "0.0",
            "yaw_kd": "0.0"
        },
        "pid_attitude": {
            "roll_kp": "10.0",
            "roll_ki": "0.5",
            "roll_kd": "0.5",
            "pitch_kp": "13.0",
            "pitch_ki": "0.5",
            "pitch_kd": "1.5",
            "yaw_kp": "8.0",
            "yaw_ki": "0.5",
            "yaw_kd": "0.5"
        },
        "velCtlPid": {
            "vxKp": "15.0",
            "vxKi": "1.0",
            "vxKd": "0.0",
            "vyKp": "10.0",
            "vyKi": "1.0",
            "vyKd": "0.0",
            "vzKp": "12.5",
            "vzKi": "0.5",
            "vzKd": "0.0"
        },
        "posCtlPid": {
            "xKp": "1.5",
            "xKi": "0.20000000298023224",
            "xKd": "0.20000000298023224",
            "yKp": "1.5",
            "yKi": "0.20000000298023224",
            "yKd": "0.20000000298023224",
            "zKp": "5.0",
            "zKi": "0.5",
            "zKd": "0.0"
        }
    },
    "pose": [
        [
            0.06971665954589844,
            0.027481306076049806,
            0.26033367919921874,
            null,
            null,
            null,
            [
                [
                    0.9974310994148254,
                    -0.06890562176704407,
                    0.01957588829100132
                ],
                [
                    0.06810244917869568,
                    0.9969120025634766,
                    0.03909602388739586
                ],
                [
                    -0.022209374234080315,
                    -0.03766242414712906,
                    0.9990437030792236
                ]
            ]
        ],
        [
            0.0696856460571289,
            0.027486732482910156,
            0.2603738098144531,
            null,
            null,
            null,
            [
                [
                    0.9974146485328674,
                    -0.06895547360181808,
                    0.020227737724781036
                ],
                [
                    0.06812813878059387,
                    0.9969109892845154,
                    0.039078060537576675
                ],
                [
                    -0.022859899327158928,
                    -0.037598948925733566,
                    0.9990314245223999
                ]
            ]
        ],
        [
            0.06974149322509765,
            0.02747218322753906,
            0.26033486938476563,
            null,
            null,
            null,
            [
                [
                    0.9975137114524841,
                    -0.06756409257650375,
                    0.020035719498991966
                ],
                [
                    0.06670807301998138,
                    0.9969424605369568,
                    0.04069172590970993
                ],
                [
                    -0.022723758593201637,
                    -0.03925400972366333,
                    0.9989708662033081
                ]
            ]
        ],
        [
            0.06979768371582032,
            0.027469562530517577,
            0.26029595947265627,
            null,
            null,
            null,
            [
                [
                    0.9976539611816406,
                    -0.06571922451257706,
                    0.019172975793480873
                ],
                [
                    0.06490481644868851,
                    0.997073769569397,
                    0.04038853943347931
                ],
                [
                    -0.021771175786852837,
                    -0.03904936462640762,
                    0.999000072479248
                ]
            ]
        ],
        [
            0.06989549255371094,
            0.02747518539428711,
            0.2602317199707031,
            null,
            null,
            null,
            [
                [
                    0.9975183606147766,
                    -0.0678691565990448,
                    0.01873156987130642
                ],
                [
                    0.06710050255060196,
                    0.9969838261604309,
                    0.03899679332971573
                ],
                [
                    -0.021321751177310944,
                    -0.03764311969280243,
                    0.9990637302398682
                ]
            ]
        ],
        [
            0.07000121307373047,
            0.027456594467163087,
            0.2601810302734375,
            null,
            null,
            null,
            [
                [
                    0.9974151253700256,
                    -0.0693078339099884,
                    0.018960125744342804
                ],
                [
                    0.06850481033325195,
                    0.9968425631523132,
                    0.04015038534998894
                ],
                [
                    -0.021682994440197945,
                    -0.038747742772102356,
                    0.9990137219429016
                ]
            ]
        ],
        [
            0.06992185211181641,
            0.027456106185913084,
            0.26022232055664063,
            null,
            null,
            null,
            [
                [
                    0.9974185824394226,
                    -0.0691114291548729,
                    0.019489115104079247
                ],
                [
                    0.06828754395246506,
                    0.9968565702438354,
                    0.040172040462493896
                ],
                [
                    -0.022204197943210602,
                    -0.038737475872039795,
                    0.9990026950836182
                ]
            ]
        ],
        [
            0.06980645751953125,
            0.027443809509277342,
            0.2602520751953125,
            null,
            null,
            null,
            [
                [
                    0.997403085231781,
                    -0.0693383514881134,
                    0.019474560394883156
                ],
                [
                    0.06853151321411133,
                    0.996869683265686,
                    0.03942355141043663
                ],
                [
                    -0.02214716374874115,
                    -0.037986550480127335,
                    0.9990327954292297
                ]
            ]
        ],
        [
            0.06979232025146484,
            0.027469926834106446,
            0.26028680419921874,
            null,
            null,
            null,
            [
                [
                    0.9974436163902283,
                    -0.06879068166017532,
                    0.01934199035167694
                ],
                [
                    0.06799428910017014,
                    0.9969156384468079,
                    0.039191100746393204
                ],
                [
                    -0.021978316828608513,
                    -0.03777576610445976,
                    0.9990445375442505
                ]
            ]
        ],
        [
            0.069804443359375,
            0.027483606338500978,
            0.26031256103515626,
            null,
            null,
            null,
            [
                [
                    0.9973976612091064,
                    -0.06942295283079147,
                    0.019451765343546867
                ],
                [
                    0.06862173974514008,
                    0.996872067451477,
                    0.039206672459840775
                ],
                [
                    -0.022112764418125153,
                    -0.03776983171701431,
                    0.9990417957305908
                ]
            ]
        ],
        [
            0.06965432739257812,
            0.027465694427490233,
            0.26032449340820313,
            null,
            null,
            null,
            [
                [
                    0.997394859790802,
                    -0.06946536898612976,
                    0.01944269984960556
                ],
                [
                    0.06866627931594849,
                    0.9968721866607666,
                    0.039124973118305206
                ],
                [
                    -0.02209971845149994,
                    -0.0376879908144474,
                    0.9990451335906982
                ]
            ]
        ],
        [
            0.06947288513183594,
            0.027495748519897462,
            0.2603514404296875,
            null,
            null,
            null,
            [
                [
                    0.9975903630256653,
                    -0.0667296051979065,
                    0.018989887088537216
                ],
                [
                    0.06591124832630157,
                    0.9969879984855652,
                    0.040873631834983826
                ],
                [
                    -0.021660171449184418,
                    -0.039523493498563766,
                    0.9989838600158691
                ]
            ]
        ],
        [
            0.06946954345703125,
            0.027478216171264648,
            0.26033343505859374,
            null,
            null,
            null,
            [
                [
                    0.9978188276290894,
                    -0.06388889253139496,
                    0.016606200486421585
                ],
                [
                    0.06317302584648132,
                    0.9971784353256226,
                    0.04055033251643181
                ],
                [
                    -0.019150059670209885,
                    -0.03941282257437706,
                    0.9990394711494446
                ]
            ]
        ],
        [
            0.06945697784423828,
            0.027432621002197264,
            0.2602463989257813,
            null,
            null,
            null,
            [
                [
                    0.9977430701255798,
                    -0.06501762568950653,
                    0.016776375472545624
                ],
                [
                    0.06434909999370575,
                    0.997214674949646,
                    0.03771118074655533
                ],
                [
                    -0.019181538373231888,
                    -0.03654652461409569,
                    0.9991478323936462
                ]
            ]
        ],
        [
            0.06961485290527344,
            0.02741062545776367,
            0.26018313598632814,
            null,
            null,
            null,
            [
                [
                    0.9974089860916138,
                    -0.06972557306289673,
                    0.017711469903588295
                ],
                [
                    0.06899883598089218,
                    0.9968628883361816,
                    0.038775913417339325
                ],
                [
                    -0.02035958133637905,
                    -0.03745337203145027,
                    0.9990909695625305
                ]
            ]
        ],
        [
            0.0697235107421875,
            0.027426050186157225,
            0.26024664306640627,
            null,
            null,
            null,
            [
                [
                    0.9975018501281738,
                    -0.06820471584796906,
                    0.01838921569287777
                ],
                [
                    0.0674469918012619,
                    0.9969571232795715,
                    0.03908179700374603
                ],
                [
                    -0.020998822525143623,
                    -0.03774387016892433,
                    0.9990667700767517
                ]
            ]
        ],
        [
            0.06975801086425781,
            0.027402965545654297,
            0.2602670593261719,
            null,
            null,
            null,
            [
                [
                    0.9974304437637329,
                    -0.06917610764503479,
                    0.01863257773220539
                ],
                [
                    0.06840910762548447,
                    0.9968923926353455,
                    0.0390610545873642
                ],
                [
                    -0.021276766434311867,
                    -0.037686046212911606,
                    0.9990630745887756
                ]
            ]
        ],
        [
            0.06993161010742187,
            0.027470134735107423,
            0.2602447814941406,
            null,
            null,
            null,
            [
                [
                    0.9974417090415955,
                    -0.06831347197294235,
                    0.021056242287158966
                ],
                [
                    0.06742750108242035,
                    0.9969119429588318,
                    0.04025023803114891
                ],
                [
                    -0.023740852251648903,
                    -0.038727495819330215,
                    0.9989677667617798
                ]
            ]
        ],
        [
            0.07016532135009766,
            0.027465032577514648,
            0.2602781982421875,
            null,
            null,
            null,
            [
                [
                    0.9972292184829712,
                    -0.07115861773490906,
                    0.021685972809791565
                ],
                [
                    0.07026208937168121,
                    0.9967412352561951,
                    0.039625383913517
                ],
                [
                    -0.02443499118089676,
                    -0.03799188882112503,
                    0.9989792704582214
                ]
            ]
        ],
        [
            0.0702975845336914,
            0.02712885093688965,
            0.2606894836425781,
            null,
            null,
            null,
            [
                [
                    0.9966403841972351,
                    -0.07898235321044922,
                    0.021671973168849945
                ],
                [
                    0.07813996821641922,
                    0.996244490146637,
                    0.03729650005698204
                ],
                [
                    -0.02453635074198246,
                    -0.03547775000333786,
                    0.9990692138671875
                ]
            ]
        ],
        [
            0.0702975845336914,
            0.02712885093688965,
            0.2606894836425781,
            null,
            null,
            null,
            [
                [
                    0.9966403841972351,
                    -0.07898235321044922,
                    0.021671973168849945
                ],
                [
                    0.07813996821641922,
                    0.996244490146637,
                    0.03729650005698204
                ],
                [
                    -0.02453635074198246,
                    -0.03547775000333786,
                    0.9990692138671875
                ]
            ]
        ],
        [
            0.07028140258789063,
            0.028238054275512695,
            0.2631485900878906,
            null,
            null,
            null,
            [
                [
                    0.9958788752555847,
                    -0.0804779902100563,
                    0.041815951466560364
                ],
                [
                    0.07832647114992142,
                    0.9956341981887817,
                    0.050769053399562836
                ],
                [
                    -0.04571918398141861,
                    -0.047284532338380814,
                    0.9978346228599548
                ]
            ]
        ],
        [
            0.07020611572265625,
            0.02861713218688965,
            0.26471304321289063,
            null,
            null,
            null,
            [
                [
                    0.9967923164367676,
                    -0.07873613387346268,
                    0.014342240989208221
                ],
                [
                    0.07837393134832382,
                    0.99662846326828,
                    0.02427380532026291
                ],
                [
                    -0.016205111518502235,
                    -0.023071885108947754,
                    0.9996024370193481
                ]
            ]
        ],
        [
            0.06999051666259766,
            0.028734479904174805,
            0.26790753173828125,
            null,
            null,
            null,
            [
                [
                    0.9953912496566772,
                    -0.08641957491636276,
                    -0.04156766086816788
                ],
                [
                    0.08813603222370148,
                    0.9952477216720581,
                    0.0414012111723423
                ],
                [
                    0.03779224306344986,
                    -0.04487401247024536,
                    0.9982775449752808
                ]
            ]
        ],
        [
            0.06973302459716797,
            0.028004119873046875,
            0.26987069702148436,
            null,
            null,
            null,
            [
                [
                    0.9964731931686401,
                    -0.08259142190217972,
                    0.014824943616986275
                ],
                [
                    0.08153318613767624,
                    0.994764506816864,
                    0.06161091849207878
                ],
                [
                    -0.019835861399769783,
                    -0.06018490344285965,
                    0.9979901313781738
                ]
            ]
        ],
        [
            0.06940355682373046,
            0.026981184005737305,
            0.27675341796875,
            null,
            null,
            null,
            [
                [
                    0.9963858723640442,
                    -0.08434554189443588,
                    0.010048987343907356
                ],
                [
                    0.08402478694915771,
                    0.9960436224937439,
                    0.028930488973855972
                ],
                [
                    -0.012449387460947037,
                    -0.02798156626522541,
                    0.9995309114456177
                ]
            ]
        ],
        [
            0.06881443786621094,
            0.02653582000732422,
            0.281809814453125,
            null,
            null,
            null,
            [
                [
                    0.9968395829200745,
                    -0.07943544536828995,
                    0.0009562204359099269
                ],
                [
                    0.0794096440076828,
                    0.9967106580734253,
                    0.016185861080884933
                ],
                [
                    -0.002238806104287505,
                    -0.016058774664998055,
                    0.9998685717582703
                ]
            ]
        ],
        [
            0.06839279174804687,
            0.026221607208251955,
            0.28815090942382815,
            null,
            null,
            null,
            [
                [
                    0.9966378211975098,
                    -0.08187694847583771,
                    -0.003026543417945504
                ],
                [
                    0.08190380781888962,
                    0.9965881705284119,
                    0.010189137421548367
                ],
                [
                    0.002181961899623275,
                    -0.01040276512503624,
                    0.9999434947967529
                ]
            ]
        ],
        [
            0.06822633361816406,
            0.025650224685668944,
            0.29656539916992186,
            null,
            null,
            null,
            [
                [
                    0.995855987071991,
                    -0.09087919443845749,
                    0.003442009910941124
                ],
                [
                    0.09088272601366043,
                    0.9958612322807312,
                    -0.0008835418266244233
                ],
                [
                    -0.003347468562424183,
                    0.0011926996521651745,
                    0.9999936819076538
                ]
            ]
        ],
        [
            0.06795186614990234,
            0.024678373336791994,
            0.30137924194335936,
            null,
            null,
            null,
            [
                [
                    0.9970007538795471,
                    -0.07706750929355621,
                    -0.007077292539179325
                ],
                [
                    0.07697423547506332,
                    0.9969531893730164,
                    -0.012621337547898293
                ],
                [
                    0.008028424344956875,
                    0.01203871425241232,
                    0.9998952746391296
                ]
            ]
        ],
        [
            0.06814051055908203,
            0.024021936416625977,
            0.30938458251953127,
            null,
            null,
            null,
            [
                [
                    0.9972565770149231,
                    -0.072878897190094,
                    -0.012960380874574184
                ],
                [
                    0.07273052632808685,
                    0.997284471988678,
                    -0.011573783122003078
                ],
                [
                    0.013768671080470085,
                    0.010599415749311447,
                    0.9998490214347839
                ]
            ]
        ],
        [
            0.068339111328125,
            0.023241201400756837,
            0.3163334045410156,
            null,
            null,
            null,
            [
                [
                    0.9889376163482666,
                    -0.08407916128635406,
                    0.12220124155282974
                ],
                [
                    0.08686032891273499,
                    0.9960649609565735,
                    -0.017603233456611633
                ],
                [
                    -0.12024030834436417,
                    0.02802293933928013,
                    0.9923492074012756
                ]
            ]
        ],
        [
            0.06910157012939454,
            0.0239801025390625,
            0.33424163818359376,
            null,
            null,
            null,
            [
                [
                    0.9846424460411072,
                    -0.08714265376329422,
                    -0.15127934515476227
                ],
                [
                    0.0807667002081871,
                    0.9955860376358032,
                    -0.047803573310375214
                ],
                [
                    0.15477733314037323,
                    0.03485109284520149,
                    0.9873344898223877
                ]
            ]
        ],
        [
            0.06962339782714844,
            0.023212043762207032,
            0.3427618408203125,
            null,
            null,
            null,
            [
                [
                    0.9961090683937073,
                    -0.08733231574296951,
                    0.011823836714029312
                ],
                [
                    0.08626636862754822,
                    0.993678092956543,
                    0.07184652984142303
                ],
                [
                    -0.01802361197769642,
                    -0.07054697722196579,
                    0.9973456263542175
                ]
            ]
        ],
        [
            0.06977980041503906,
            0.02281772041320801,
            0.35305706787109375,
            null,
            null,
            null,
            [
                [
                    0.9964304566383362,
                    -0.08236528187990189,
                    0.018501609563827515
                ],
                [
                    0.08313053846359253,
                    0.9955074787139893,
                    -0.045322950929403305
                ],
                [
                    -0.014685453847050667,
                    0.046699218451976776,
                    0.998801052570343
                ]
            ]
        ],
        [
            0.06933553314208984,
            0.021771862030029298,
            0.3646391906738281,
            null,
            null,
            null,
            [
                [
                    0.9959463477134705,
                    -0.08826528489589691,
                    0.017323412001132965
                ],
                [
                    0.08908531814813614,
                    0.9945430159568787,
                    -0.054294925183057785
                ],
                [
                    -0.012436522170901299,
                    0.05561809241771698,
                    0.9983746409416199
                ]
            ]
        ],
        [
            0.06829115295410157,
            0.02135450553894043,
            0.3737681884765625,
            null,
            null,
            null,
            [
                [
                    0.9976239800453186,
                    -0.06765580177307129,
                    0.01300264522433281
                ],
                [
                    0.06831894814968109,
                    0.9958515167236328,
                    -0.06010185182094574
                ],
                [
                    -0.008882464841008186,
                    0.06084737926721573,
                    0.9981075525283813
                ]
            ]
        ],
        [
            0.06770539093017579,
            0.02355717849731445,
            0.3848435974121094,
            null,
            null,
            null,
            [
                [
                    0.997246503829956,
                    -0.07233842462301254,
                    0.016327423974871635
                ],
                [
                    0.07301119714975357,
                    0.9963030815124512,
                    -0.045271459966897964
                ],
                [
                    -0.012992197647690773,
                    0.04633888974785805,
                    0.9988412857055664
                ]
            ]
        ],
        [
            0.066909423828125,
            0.022545871734619142,
            0.3958979797363281,
            null,
            null,
            null,
            [
                [
                    0.9960718154907227,
                    -0.08740847557783127,
                    0.014166131615638733
                ],
                [
                    0.08814714103937149,
                    0.9940043091773987,
                    -0.06469538062810898
                ],
                [
                    -0.008426270447671413,
                    0.06568995118141174,
                    0.9978045225143433
                ]
            ]
        ],
        [
            0.06609696197509765,
            0.019311744689941405,
            0.4051393127441406,
            null,
            null,
            null,
            [
                [
                    0.9969838857650757,
                    -0.07666803151369095,
                    0.012048969976603985
                ],
                [
                    0.07742094993591309,
                    0.993310809135437,
                    -0.08567140996456146
                ],
                [
                    -0.005400114227086306,
                    0.0863458588719368,
                    0.996250569820404
                ]
            ]
        ],
        [
            0.06566127777099609,
            0.019871475219726563,
            0.4154856872558594,
            null,
            null,
            null,
            [
                [
                    0.9981554746627808,
                    -0.06031077727675438,
                    0.006944090593606234
                ],
                [
                    0.06064237654209137,
                    0.9958787560462952,
                    -0.067438505589962
                ],
                [
                    -0.0028482037596404552,
                    0.0677352249622345,
                    0.9976992607116699
                ]
            ]
        ],
        [
            0.06578369140625,
            0.01807415771484375,
            0.42401812744140627,
            null,
            null,
            null,
            [
                [
                    0.9817302823066711,
                    -0.07971348613500595,
                    0.1727757453918457
                ],
                [
                    0.0928177684545517,
                    0.993280291557312,
                    -0.06913109123706818
                ],
                [
                    -0.16610406339168549,
                    0.08390474319458008,
                    0.9825321435928345
                ]
            ]
        ],
        [
            0.06604379272460938,
            0.016138757705688477,
            0.4348178405761719,
            null,
            null,
            null,
            [
                [
                    0.9976887106895447,
                    -0.06398781388998032,
                    0.022863909602165222
                ],
                [
                    0.06757468730211258,
                    0.9696397185325623,
                    -0.2350158393383026
                ],
                [
                    -0.0071316068060696125,
                    0.23601767420768738,
                    0.9717226028442383
                ]
            ]
        ],
        [
            0.06623029327392578,
            0.017397024154663085,
            0.4570202026367188,
            null,
            null,
            null,
            [
                [
                    0.9954403638839722,
                    -0.09491743892431259,
                    0.009440475143492222
                ],
                [
                    0.0939081460237503,
                    0.9925615191459656,
                    0.07747869938611984
                ],
                [
                    -0.01672433130443096,
                    -0.07623889297246933,
                    0.996949315071106
                ]
            ]
        ],
        [
            0.06647393798828125,
            0.011165390968322754,
            0.47008837890625,
            null,
            null,
            null,
            [
                [
                    0.9958311319351196,
                    -0.08775334805250168,
                    0.0248939860612154
                ],
                [
                    0.09026678651571274,
                    0.9873281121253967,
                    -0.13051852583885193
                ],
                [
                    -0.013125093653798103,
                    0.132221519947052,
                    0.9911332726478577
                ]
            ]
        ],
        [
            0.06603330230712891,
            0.010975723266601562,
            0.48142428588867187,
            null,
            null,
            null,
            [
                [
                    0.9958175420761108,
                    -0.08902888745069504,
                    0.02052376978099346
                ],
                [
                    0.09079986065626144,
                    0.9892991781234741,
                    -0.11420388519763947
                ],
                [
                    -0.01013670302927494,
                    0.11558979004621506,
                    0.9932453036308289
                ]
            ]
        ],
        [
            0.06578929138183594,
            0.009107160568237304,
            0.49193515014648437,
            null,
            null,
            null,
            [
                [
                    0.9967964291572571,
                    -0.07732201367616653,
                    0.02044949121773243
                ],
                [
                    0.07904667407274246,
                    0.9913691878318787,
                    -0.10458871722221375
                ],
                [
                    -0.012185984291136265,
                    0.10587012022733688,
                    0.9943053126335144
                ]
            ]
        ],
        [
            0.06561540222167969,
            0.005386998176574707,
            0.503396484375,
            null,
            null,
            null,
            [
                [
                    0.9954233169555664,
                    -0.09330917149782181,
                    0.020634910091757774
                ],
                [
                    0.09508203715085983,
                    0.988692581653595,
                    -0.11595872044563293
                ],
                [
                    -0.009581570513546467,
                    0.11739002913236618,
                    0.9930396676063538
                ]
            ]
        ],
        [
            0.0648716049194336,
            0.00812100887298584,
            0.5154234008789063,
            null,
            null,
            null,
            [
                [
                    0.9960213899612427,
                    -0.08705184608697891,
                    0.01906367763876915
                ],
                [
                    0.08849690854549408,
                    0.9913656115531921,
                    -0.09675993770360947
                ],
                [
                    -0.01047594379633665,
                    0.09806204587221146,
                    0.9951251745223999
                ]
            ]
        ],
        [
            0.06443502044677735,
            0.006637310981750489,
            0.5266722412109375,
            null,
            null,
            null,
            [
                [
                    0.996569037437439,
                    -0.08066210150718689,
                    0.01854029670357704
                ],
                [
                    0.08224963396787643,
                    0.9901604056358337,
                    -0.11321364343166351
                ],
                [
                    -0.009225817397236824,
                    0.11435014754533768,
                    0.9933976531028748
                ]
            ]
        ],
        [
            0.06447857666015624,
            0.002721219539642334,
            0.5344378662109375,
            null,
            null,
            null,
            [
                [
                    0.9791902899742126,
                    -0.10423635691404343,
                    0.17412985861301422
                ],
                [
                    0.12784194946289062,
                    0.9831918478012085,
                    -0.13034670054912567
                ],
                [
                    -0.15761618316173553,
                    0.1498953253030777,
                    0.9760576486587524
                ]
            ]
        ],
        [
            0.06446802520751953,
            -3.1809702515602115e-05,
            0.546206298828125,
            null,
            null,
            null,
            [
                [
                    0.9965920448303223,
                    -0.07489042729139328,
                    0.03457968309521675
                ],
                [
                    0.08190939575433731,
                    0.9480266571044922,
                    -0.3074675500392914
                ],
                [
                    -0.009756086394190788,
                    0.3092521131038666,
                    0.9509300589561462
                ]
            ]
        ],
        [
            0.06408353424072266,
            -0.002440048933029175,
            0.55695849609375,
            null,
            null,
            null,
            [
                [
                    0.9902161359786987,
                    -0.06207713484764099,
                    -0.1249735951423645
                ],
                [
                    0.04717206954956055,
                    0.9917875528335571,
                    -0.11887935549020767
                ],
                [
                    0.13132694363594055,
                    0.1118209958076477,
                    0.9850123524665833
                ]
            ]
        ],
        [
            0.06391909408569336,
            -0.004505916118621826,
            0.5681307373046875,
            null,
            null,
            null,
            [
                [
                    0.9972342252731323,
                    -0.07099489867687225,
                    0.02199236862361431
                ],
                [
                    0.06981690973043442,
                    0.9962878227233887,
                    0.05036042258143425
                ],
                [
                    -0.025486061349511147,
                    -0.048685695976018906,
                    0.9984889626502991
                ]
            ]
        ],
        [
            0.06380245208740234,
            -0.005276539325714111,
            0.5839369506835937,
            null,
            null,
            null,
            [
                [
                    0.9965618252754211,
                    -0.07547064870595932,
                    0.03418691083788872
                ],
                [
                    0.07836244255304337,
                    0.992566704750061,
                    -0.09311649948358536
                ],
                [
                    -0.026905227452516556,
                    0.09547531604766846,
                    0.9950681328773499
                ]
            ]
        ],
        [
            0.06344641494750977,
            -0.010666447639465332,
            0.6063043212890625,
            null,
            null,
            null,
            [
                [
                    0.9969212412834167,
                    -0.07400675117969513,
                    0.025905445218086243
                ],
                [
                    0.07669135928153992,
                    0.989108145236969,
                    -0.12563230097293854
                ],
                [
                    -0.01632564887404442,
                    0.12723223865032196,
                    0.9917386174201965
                ]
            ]
        ],
        [
            0.06349723434448243,
            -0.013645003318786621,
            0.6191325073242188,
            null,
            null,
            null,
            [
                [
                    0.9968429207801819,
                    -0.07041085511445999,
                    0.0366949737071991
                ],
                [
                    0.074635811150074,
                    0.9886309504508972,
                    -0.13053099811077118
                ],
                [
                    -0.02708698809146881,
                    0.13285765051841736,
                    0.9907649159431458
                ]
