{
    "radius": 0.6,
    "angular_speed": 18,
    "save_freq": 0.1,
    "pid_gains": {
        "pid_rate": {
            "roll_kp": "50.0",
            "roll_ki": "0.0",
            "roll_kd": "0.0",
            "pitch_kp": "50.0",
            "pitch_ki": "0.0",
            "pitch_kd": "0.0",
            "yaw_kp": "80.0",
            "yaw_ki": "0.0",
            "yaw_kd": "0.0"
        },
        "pid_attitude": {
            "roll_kp": "10.0",
            "roll_ki": "0.5",
            "roll_kd": "0.5",
            "pitch_kp": "13.0",
            "pitch_ki": "0.5",
            "pitch_kd": "1.5",
            "yaw_kp": "8.0",
            "yaw_ki": "0.5",
            "yaw_kd": "0.5"
        },
        "velCtlPid": {
            "vxKp": "15.0",
            "vxKi": "1.0",
            "vxKd": "0.0",
            "vyKp": "10.0",
            "vyKi": "1.0",
            "vyKd": "0.0",
            "vzKp": "12.5",
            "vzKi": "0.5",
            "vzKd": "0.0"
        },
        "posCtlPid": {
            "xKp": "1.5",
            "xKi": "0.20000000298023224",
            "xKd": "0.20000000298023224",
            "yKp": "1.5",
            "yKi": "0.20000000298023224",
            "yKd": "0.20000000298023224",
            "zKp": "5.0",
            "zKi": "0.5",
            "zKd": "0.0"
        }
    },
    "pose": [
        [
            0.0743980712890625,
            0.046077072143554686,
            0.26004537963867186,
            null,
            null,
            null,
            [
                [
                    0.9945083856582642,
                    -0.07924588024616241,
                    0.06836015731096268
                ],
                [
                    0.077686607837677,
                    0.9966598153114319,
                    0.02517841011285782
                ],
                [
                    -0.07012710720300674,
                    -0.01972947083413601,
                    0.9973429441452026
                ]
            ]
        ],
        [
            0.07419969940185547,
            0.046066925048828124,
            0.2600853881835937,
            null,
            null,
            null,
            [
                [
                    0.9941682815551758,
                    -0.08334840834140778,
                    0.06842877715826035
                ],
                [
                    0.08191712200641632,
                    0.9963628053665161,
                    0.02346751093864441
                ],
                [
                    -0.07013586908578873,
                    -0.01772516593337059,
                    0.9973799586296082
                ]
            ]
        ],
        [
            0.07419853210449219,
            0.05065981292724609,
            0.2736701965332031,
            null,
            null,
            null,
            [
                [
                    0.9951990246772766,
                    -0.08421465009450912,
                    0.04986819997429848
                ],
                [
                    0.08082955330610275,
                    0.9945138692855835,
                    0.06639812141656876
                ],
                [
                    -0.05518631264567375,
                    -0.062048520892858505,
                    0.9965462684631348
                ]
            ]
        ],
        [
            0.06961876678466797,
            0.04956241989135742,
            0.35091900634765627,
            null,
            null,
            null,
            [
                [
                    0.9949564337730408,
                    -0.09906010329723358,
                    0.01577380858361721
                ],
                [
                    0.09915181249380112,
                    0.995059072971344,
                    -0.005139931105077267
                ],
                [
                    -0.015186709351837635,
                    0.0066780089400708675,
                    0.9998623728752136
                ]
            ]
        ],
        [
            0.059085823059082034,
            0.05020217514038086,
            0.45394186401367187,
            null,
            null,
            null,
            [
                [
                    0.9954671859741211,
                    -0.09053165465593338,
                    0.029140248894691467
                ],
                [
                    0.09445813298225403,
                    0.9768346548080444,
                    -0.1920202225446701
                ],
                [
                    -0.011081294156610966,
                    0.1939023733139038,
                    0.9809582233428955
                ]
            ]
        ],
        [
            0.04973705673217774,
            0.03943528366088867,
            0.5469426879882813,
            null,
            null,
            null,
            [
                [
                    0.9841240048408508,
                    -0.0705292671918869,
                    0.16286657750606537
                ],
                [
                    0.0904555469751358,
                    0.9888418912887573,
                    -0.11836179345846176
                ],
                [
                    -0.15270131826400757,
                    0.13121487200260162,
                    0.9795228242874146
                ]
            ]
        ],
        [
            0.033474693298339846,
            0.01896375846862793,
            0.6828818969726562,
            null,
            null,
            null,
            [
                [
                    0.9945366382598877,
                    -0.07786733657121658,
                    0.06952375173568726
                ],
                [
                    0.08686648309230804,
                    0.9866809844970703,
                    -0.13753105700016022
                ],
                [
                    -0.057888589799404144,
                    0.14281895756721497,
                    0.9880544543266296
                ]
            ]
        ],
        [
            0.020444032669067382,
            -0.002812220335006714,
            0.8037738037109375,
            null,
            null,
            null,
            [
                [
                    0.9940345287322998,
                    -0.054755955934524536,
                    0.094324491918087
                ],
                [
                    0.061332616955041885,
                    0.9957780838012695,
                    -0.06829571723937988
                ],
                [
                    -0.09018666297197342,
                    0.07367347180843353,
                    0.9931961297988892
                ]
            ]
        ],
        [
            0.0121856632232666,
            -0.02283704948425293,
            0.9253347778320312,
            null,
            null,
            null,
            [
                [
                    0.9919395446777344,
                    -0.06917592883110046,
                    0.10616324096918106
                ],
                [
                    0.0721842497587204,
                    0.9970840215682983,
                    -0.024756191298365593
                ],
                [
                    -0.10414113849401474,
                    0.03221995756030083,
                    0.9940404891967773
                ]
            ]
        ],
        [
            0.009012067794799804,
            -0.03371219635009766,
            1.0349375,
            null,
            null,
            null,
            [
                [
                    0.991837739944458,
                    -0.06028059497475624,
                    0.11235745251178741
                ],
                [
                    0.05499682202935219,
                    0.997256338596344,
                    0.04954976215958595
                ],
                [
                    -0.11503606289625168,
                    -0.04296601936221123,
                    0.9924317002296448
                ]
            ]
        ],
        [
            0.008580880165100098,
            -0.03446273803710938,
            1.1149818115234376,
            null,
            null,
            null,
            [
                [
                    0.9935407042503357,
                    -0.059695255011320114,
                    0.09650582075119019
                ],
                [
                    0.05065067112445831,
                    0.9943208694458008,
                    0.09359779953956604
                ],
                [
                    -0.10154509544372559,
                    -0.08810514211654663,
                    0.9909218549728394
                ]
            ]
        ],
        [
            0.01199456787109375,
            -0.02989222526550293,
            1.160839111328125,
            null,
            null,
            null,
            [
                [
                    0.9965032339096069,
                    -0.06341172009706497,
                    0.05440807715058327
                ],
                [
                    0.05874938890337944,
                    0.9947838187217712,
                    0.0833882987499237
                ],
                [
                    -0.05941207334399223,
                    -0.07990027219057083,
                    0.9950307011604309
                ]
            ]
        ],
        [
            0.01706840705871582,
            -0.02254357147216797,
            1.1705172119140625,
            null,
            null,
            null,
            [
                [
                    0.9946835041046143,
                    -0.05434706062078476,
                    0.08747076988220215
                ],
                [
                    0.05032263696193695,
                    0.997599184513092,
                    0.04757574200630188
                ],
                [
                    -0.08984636515378952,
                    -0.0429210439324379,
                    0.9950303435325623
                ]
            ]
        ],
        [
            0.02519583511352539,
            -0.014076410293579101,
            1.1591976318359376,
            null,
            null,
            null,
            [
                [
                    0.9939451217651367,
                    -0.04987907409667969,
                    0.09790410846471786
                ],
                [
                    0.05240543186664581,
                    0.9983516335487366,
                    -0.02340320497751236
                ],
                [
                    -0.09657539427280426,
                    0.028392206877470016,
                    0.9949206113815308
                ]
            ]
        ],
        [
            0.03032438087463379,
            -0.011225318908691407,
            1.1394970703125,
            null,
            null,
            null,
            [
                [
                    0.9969516396522522,
                    -0.035151321440935135,
                    0.0696549043059349
                ],
                [
                    0.04136551544070244,
                    0.9950932264328003,
                    -0.08987993001937866
                ],
                [
                    -0.06615372002124786,
                    0.09248725324869156,
                    0.9935138821601868
                ]
            ]
        ],
        [
            0.035068126678466795,
            -0.014825745582580567,
            1.118365966796875,
            null,
            null,
            null,
            [
                [
                    0.9975215792655945,
                    -0.03626145422458649,
                    0.060297708958387375
                ],
                [
                    0.044891033321619034,
                    0.9878844022750854,
                    -0.14855700731277466
                ],
                [
                    -0.05418027564883232,
                    0.1508956402540207,
                    0.9870638251304626
                ]
            ]
        ],
        [
            0.036968990325927736,
            -0.025472547531127928,
            1.0974573974609374,
            null,
            null,
            null,
            [
                [
                    0.9980104565620422,
                    -0.05734881013631821,
                    0.02619663067162037
                ],
                [
                    0.059901099652051926,
                    0.9921075105667114,
                    -0.11015692353248596
                ],
                [
                    -0.01967250555753708,
                    0.11150696873664856,
                    0.9935688972473145
                ]
            ]
        ],
        [
            0.03571051025390625,
            -0.03138979911804199,
            1.0859237060546876,
            null,
            null,
            null,
            [
                [
                    0.999419629573822,
                    -0.025572868064045906,
                    0.02250467799603939
                ],
                [
                    0.026430567726492882,
                    0.9989021420478821,
                    -0.03867797926068306
                ],
                [
                    -0.02149086259305477,
                    0.039250344038009644,
                    0.9989982843399048
                ]
            ]
        ],
        [
            0.034297451019287106,
            -0.04449148178100586,
            1.0802054443359375,
            null,
            null,
            null,
            [
                [
                    0.9981095790863037,
                    -0.02896954119205475,
                    0.054203759878873825
                ],
                [
                    0.03261391073465347,
                    0.9971789717674255,
                    -0.06760486960411072
                ],
                [
                    -0.05209236592054367,
                    0.0692448616027832,
                    0.9962387084960938
                ]
            ]
        ],
        [
            0.029780139923095705,
            -0.04889471435546875,
            1.080805419921875,
            null,
            null,
            null,
            [
                [
                    0.9979460835456848,
                    -0.035900115966796875,
                    0.05305441841483116
                ],
                [
                    0.034057628363370895,
                    0.9987986087799072,
                    0.03523379564285278
                ],
                [
                    -0.05425557494163513,
                    -0.03335452079772949,
                    0.9979698657989502
                ]
            ]
        ],
        [
            0.02422557258605957,
            -0.05131428527832031,
            1.0846822509765626,
            null,
            null,
            null,
            [
                [
                    0.9959859848022461,
                    -0.05307665467262268,
                    0.07207457721233368
                ],
                [
                    0.05355130508542061,
                    0.9985541701316833,
                    -0.004667866975069046
                ],
                [
                    -0.0717226192355156,
                    0.008508818224072456,
                    0.9973883032798767
                ]
            ]
        ],
        [
            0.017296350479125977,
            -0.05147994232177734,
            1.0880047607421874,
            null,
            null,
            null,
            [
                [
                    0.9949389696121216,
                    -0.0569973960518837,
                    0.08275120705366135
                ],
                [
                    0.0574633926153183,
                    0.9983422756195068,
                    -0.003258653450757265
                ],
                [
                    -0.08242829144001007,
                    0.00799732655286789,
                    0.9965649247169495
                ]
            ]
        ],
        [
            0.011018250465393066,
            -0.045115802764892576,
            1.0904912109375,
            null,
            null,
            null,
            [
                [
                    0.9946568608283997,
                    -0.047874607145786285,
                    0.09146444499492645
                ],
                [
                    0.04842809587717056,
                    0.9988192915916443,
                    -0.003840372432023287
                ],
                [
                    -0.09117259830236435,
                    0.008249301463365555,
                    0.9958009123802185
                ]
            ]
        ],
        [
            0.006321236610412597,
            -0.039344451904296876,
            1.09083740234375,
            null,
            null,
            null,
            [
                [
                    0.9954262971878052,
                    -0.027484387159347534,
                    0.09149385988712311
                ],
                [
                    0.03172042593359947,
                    0.9984755516052246,
                    -0.045170895755290985
                ],
                [
                    -0.09011288732290268,
                    0.047866519540548325,
                    0.9947806000709534
                ]
            ]
        ],
        [
            0.00721518325805664,
            -0.035505027770996095,
            1.0884952392578124,
            null,
            null,
            null,
            [
                [
                    0.9893444180488586,
                    -0.04760431498289108,
                    0.13759176433086395
                ],
                [
                    0.05620213598012924,
                    0.9966573119163513,
                    -0.05929191783070564
                ],
                [
                    -0.13430927693843842,
                    0.06639307737350464,
                    0.9887127876281738
                ]
            ]
        ],
        [
            0.012699995040893555,
            -0.02613157272338867,
            1.0824085693359375,
            null,
            null,
            null,
            [
                [
                    0.9908854365348816,
                    -0.03077491745352745,
                    0.13114483654499054
                ],
                [
                    0.03483549505472183,
                    0.9989785552024841,
                    -0.028781164437532425
                ],
                [
                    -0.13012513518333435,
                    0.03308733180165291,
                    0.9909453392028809
                ]
            ]
        ],
        [
            0.021011234283447266,
            -0.019872360229492188,
            1.077992431640625,
            null,
            null,
            null,
            [
                [
                    0.9922693371772766,
                    -0.018987655639648438,
                    0.12264173477888107
                ],
                [
                    0.02678057737648487,
                    0.9977037310600281,
                    -0.06220957636833191
                ],
                [
                    -0.12117890268564224,
                    0.06501307338476181,
                    0.9904993772506714
                ]
            ]
        ],
        [
            0.031993062973022464,
            -0.016013179779052734,
            1.073985107421875,
            null,
            null,
            null,
            [
                [
                    0.9954314231872559,
                    -0.022634612396359444,
                    0.0927574411034584
                ],
                [
                    0.02670825645327568,
                    0.998721718788147,
                    -0.042913634330034256
                ],
                [
                    -0.0916675329208374,
                    0.045194968581199646,
                    0.9947635531425476
                ]
            ]
        ],
        [
            0.0419980583190918,
            -0.013384245872497558,
            1.070936279296875,
            null,
            null,
            null,
            [
                [
                    0.9976053833961487,
                    -0.02981415018439293,
                    0.06240710988640785
                ],
                [
                    0.033764973282814026,
                    0.9974269270896912,
                    -0.0632409155368805
                ],
                [
                    -0.06036106124520302,
                    0.06519664824008942,
                    0.9960451722145081
                ]
            ]
        ],
        [
            0.05133805465698242,
            -0.014931803703308105,
            1.071586669921875,
            null,
            null,
            null,
            [
                [
                    0.9987412691116333,
                    -0.012774710543453693,
                    0.04850475490093231
                ],
                [
                    0.017190536484122276,
                    0.9956343770027161,
                    -0.09174270927906036
                ],
                [
                    -0.047121014446020126,
                    0.09246104955673218,
                    0.9946007132530212
                ]
            ]
        ],
        [
            0.05763276290893555,
            -0.01787684440612793,
            1.0728262939453126,
            null,
            null,
            null,
            [
                [
                    0.9993072152137756,
                    -0.008567462675273418,
                    0.03621754050254822
                ],
                [
                    0.011733471415936947,
                    0.9960399866104126,
                    -0.08812875300645828
                ],
                [
                    -0.03531907871365547,
                    0.08849265426397324,
                    0.9954504370689392
                ]
            ]
        ],
        [
            0.0601080322265625,
            -0.02904689407348633,
            1.0762987060546876,
            null,
            null,
            null,
            [
                [
                    0.9992961287498474,
                    -0.03094981238245964,
                    0.02119753323495388
                ],
                [
                    0.03324209153652191,
                    0.9924500584602356,
                    -0.11805853992700577
                ],
                [
                    -0.017383605241775513,
                    0.11868008971214294,
                    0.9927803874015808
                ]
            ]
        ],
        [
            0.05918454360961914,
            -0.03656011962890625,
            1.0817015380859376,
            null,
            null,
            null,
            [
                [
                    0.9996901154518127,
                    -0.00813317485153675,
                    0.023527037352323532
                ],
                [
                    0.009739309549331665,
                    0.9975705742835999,
                    -0.0689791887998581
                ],
                [
                    -0.022908860817551613,
                    0.06918694823980331,
                    0.9973406195640564
                ]
            ]
        ],
        [
            0.05896236801147461,
            -0.05028659439086914,
            1.0833935546875,
            null,
            null,
            null,
            [
                [
                    0.9982320666313171,
                    -0.02019524946808815,
                    0.05590112507343292
                ],
                [
                    0.021796850487589836,
                    0.9993649125099182,
                    -0.028190702199935913
                ],
                [
                    -0.05529630556702614,
                    0.029359331354498863,
                    0.9980382323265076
                ]
            ]
        ],
        [
            0.06111581039428711,
            -0.06115278625488281,
            1.086005859375,
            null,
            null,
            null,
            [
                [
                    0.994774341583252,
                    -0.05078963562846184,
                    0.08856881409883499
                ],
                [
                    0.05251626670360565,
                    0.998470664024353,
                    -0.01727324351668358
                ],
                [
                    -0.08755605667829514,
                    0.02183428406715393,
                    0.9959203004837036
                ]
            ]
        ],
        [
            0.06393708038330079,
            -0.0714663314819336,
            1.0861663818359375,
            null,
            null,
            null,
            [
                [
                    0.9933454394340515,
                    -0.038578227162361145,
                    0.10851980000734329
                ],
                [
                    0.04333765059709549,
                    0.9981837272644043,
                    -0.041845809668302536
                ],
                [
                    -0.10670836269855499,
                    0.04627033695578575,
                    0.9932131767272949
                ]
            ]
        ],
        [
            0.06895347595214844,
            -0.07935395050048828,
            1.08483154296875,
            null,
            null,
            null,
            [
                [
                    0.9952706694602966,
                    -0.027670757845044136,
                    0.09311649203300476
                ],
                [
                    0.030016399919986725,
                    0.9992640018463135,
                    -0.023884601891040802
                ],
                [
                    -0.09238705039024353,
                    0.02656666561961174,
                    0.9953687191009521
                ]
            ]
        ],
        [
            0.07536827087402344,
            -0.07710212707519531,
            1.079088134765625,
            null,
            null,
            null,
            [
                [
                    0.9953838586807251,
                    -0.029136329889297485,
                    0.09144419431686401
                ],
                [
                    0.026664841920137405,
                    0.9992484450340271,
                    0.02813386358320713
                ],
                [
                    -0.09219518303871155,
                    -0.025565648451447487,
                    0.9954127073287964
                ]
            ]
        ],
        [
            0.0800417251586914,
            -0.07469056701660157,
            1.0701468505859375,
            null,
            null,
            null,
            [
                [
                    0.9978665113449097,
                    -0.02251351624727249,
                    0.06128300726413727
                ],
                [
                    0.022826826199889183,
                    0.9997296929359436,
                    -0.0044171009212732315
                ],
                [
                    -0.061166997998952866,
                    0.005806573200970888,
                    0.9981106519699097
                ]
            ]
        ],
        [
            0.08179901123046875,
            -0.07461066436767579,
            1.0625557861328125,
            null,
            null,
            null,
            [
                [
                    0.9995071291923523,
                    -0.006448390427976847,
                    0.03072373755276203
                ],
                [
                    0.007352255750447512,
                    0.9995407462120056,
                    -0.02939756214618683
                ],
                [
                    -0.030520061030983925,
                    0.029608961194753647,
                    0.9990954995155334
                ]
            ]
        ],
        [
            0.07806523895263671,
            -0.06803003692626954,
            1.0547447509765624,
            null,
            null,
            null,
            [
                [
                    0.9999803900718689,
                    -0.005807043984532356,
                    -0.0023473999463021755
                ],
                [
                    0.005758807994425297,
                    0.9997822046279907,
                    -0.02005811408162117
                ],
                [
                    0.0024633673019707203,
                    0.020044203847646713,
                    0.9997960329055786
                ]
            ]
        ],
        [
            0.06993462371826172,
            -0.06662911224365234,
            1.048813232421875,
            null,
            null,
            null,
            [
                [
                    0.9995395541191101,
                    0.01691688783466816,
                    -0.0251895971596241
                ],
                [
                    -0.01864846982061863,
                    0.9973604679107666,
                    -0.07017374783754349
                ],
                [
                    0.023935986682772636,
                    0.07061117887496948,
                    0.9972167015075684
                ]
            ]
        ],
        [
            0.05983406829833984,
            -0.06432328033447265,
            1.0459241943359374,
            null,
            null,
            null,
            [
                [
                    0.9997174143791199,
                    0.012507468461990356,
                    -0.020216573029756546
                ],
                [
                    -0.013253862038254738,
                    0.9992192983627319,
                    -0.037217628210783005
                ],
                [
                    0.019735291600227356,
                    0.03747505694627762,
                    0.9991026520729065
                ]
            ]
        ],
        [
            0.04508058929443359,
            -0.06540892791748047,
            1.04683056640625,
            null,
            null,
            null,
            [
                [
                    0.9999279379844666,
                    0.003070113016292453,
                    -0.011605643667280674
                ],
                [
                    -0.003894967492669821,
                    0.9974162578582764,
                    -0.07173286378383636
                ],
                [
                    0.011355429887771606,
                    0.07177290320396423,
                    0.9973563551902771
                ]
            ]
        ],
        [
            0.03051728630065918,
            -0.06999599456787109,
            1.0528585205078125,
            null,
            null,
            null,
            [
                [
                    0.9973423480987549,
                    0.06180494651198387,
                    0.03858025744557381
                ],
                [
                    -0.058230750262737274,
                    0.994439423084259,
                    -0.0877465307712555
                ],
                [
                    -0.04378889501094818,
                    0.08526676893234253,
                    0.9953954815864563
                ]
            ]
        ],
        [
            0.023148622512817383,
            -0.07457720184326172,
            1.0556041259765625,
            null,
            null,
            null,
            [
                [
                    0.9932625889778137,
                    0.02034369669854641,
                    0.11408575624227524
                ],
                [
                    -0.013454657047986984,
                    0.9980573058128357,
                    -0.06083289161324501
                ],
                [
                    -0.11510168015956879,
                    0.05888805165886879,
                    0.9916066527366638
                ]
            ]
        ],
        [
            0.019435832977294922,
            -0.07905970764160156,
            1.0588426513671876,
            null,
            null,
            null,
            [
                [
                    0.9851998686790466,
                    0.0349474735558033,
                    0.16780917346477509
                ],
                [
                    -0.03385788947343826,
                    0.9993829131126404,
                    -0.009350613690912724
                ],
                [
                    -0.16803240776062012,
                    0.0035305581986904144,
                    0.9857751727104187
                ]
            ]
        ],
        [
            0.021664583206176757,
            -0.08149038696289063,
            1.059865966796875,
            null,
            null,
            null,
            [
                [
                    0.9830358028411865,
                    0.05452708527445793,
                    0.17512108385562897
                ],
                [
                    -0.050669170916080475,
                    0.9983657002449036,
                    -0.026429498568177223
                ],
                [
                    -0.17627601325511932,
                    0.017107902094721794,
                    0.9841920733451843
                ]
            ]
        ],
        [
            0.03496498489379883,
            -0.0865488052368164,
            1.0577216796875,
            null,
            null,
            null,
            [
                [
                    0.9864181876182556,
                    0.05006750300526619,
                    0.1564367115497589
                ],
                [
                    -0.04582494869828224,
                    0.9984803199768066,
                    -0.030612099915742874
                ],
                [
                    -0.15773165225982666,
                    0.023027626797556877,
                    0.9872134923934937
                ]
            ]
        ],
        [
            0.04567049407958984,
            -0.08692025756835937,
            1.0567232666015625,
            null,
            null,
            null,
            [
                [
                    0.9943263530731201,
                    0.06106829270720482,
                    0.08709611743688583
                ],
                [
                    -0.060571927577257156,
                    0.9981290698051453,
                    -0.008333009667694569
                ],
                [
                    -0.08744204789400101,
                    0.0030101523734629154,
                    0.9961650371551514
                ]
            ]
        ],
        [
            0.05104197692871094,
            -0.0738736572265625,
            1.054333984375,
            null,
            null,
            null,
            [
                [
                    0.9258036613464355,
                    0.37800469994544983,
                    0.00025475447182543576
                ],
                [
                    -0.37768301367759705,
                    0.9249874949455261,
                    0.041876472532749176
                ],
                [
                    0.015593858435750008,
                    -0.03886560723185539,
                    0.9991227388381958
                ]
            ]
        ],
        [
            0.05495064926147461,
            -0.03898822402954102,
            1.0454173583984374,
            null,
            null,
            null,
            [
                [
                    0.5829702615737915,
                    0.8118976354598999,
                    -0.03111061081290245
                ],
                [
                    -0.7913973331451416,
                    0.5760859847068787,
                    0.20448757708072662
                ],
                [
                    0.18394537270069122,
                    -0.09458932280540466,
                    0.9783746600151062
                ]
            ]
        ],
        [
            0.06710581970214843,
            0.007606053352355957,
            1.0327508544921875,
            null,
            null,
            null,
            [
                [
                    0.052511051297187805,
                    0.9983193874359131,
                    -0.024514542892575264
                ],
                [
                    -0.9619836211204529,
                    0.05715765804052353,
                    0.26705893874168396
                ],
                [
                    0.26801130175590515,
                    0.009559045545756817,
                    0.9633683562278748
                ]
            ]
        ],
        [
            0.08675453186035156,
            0.06821784973144532,
            1.0286456298828126,
            null,
            null,
            null,
            [
                [
                    -0.40185391902923584,
                    0.9156907796859741,
                    0.004874848760664463
                ],
                [
                    -0.8803396224975586,
                    -0.3877941966056824,
                    0.27316251397132874
                ],
                [
                    0.2520228624343872,
                    0.10547991096973419,
                    0.9619555473327637
                ]
            ]
        ],
        [
            0.11848956298828126,
            0.1276583786010742,
            1.035658203125,
            null,
            null,
            null,
            [
                [
                    -0.8345440030097961,
                    0.5402185916900635,
                    0.10816733539104462
                ],
                [
                    -0.5204700231552124,
                    -0.8374319076538086,
                    0.1667896807193756
                ],
                [
                    0.18068566918373108,
                    0.08289546519517899,
                    0.9800413250923157
                ]
            ]
        ],
        [
            0.15161758422851562,
            0.17656826782226562,
            1.0527122802734374,
            null,
            null,
            null,
            [
                [
                    -0.9407124519348145,
                    0.3284825086593628,
                    0.08461291342973709
                ],
                [
                    -0.32920926809310913,
                    -0.9442402720451355,
                    0.00561580341309309
                ],
                [
                    0.08173961937427521,
                    -0.02257249876856804,
                    0.9963980913162231
                ]
            ]
        ],
        [
            0.1782117919921875,
            0.21985939025878906,
            1.07356103515625,
            null,
            null,
            null,
            [
                [
                    -0.9764840006828308,
                    0.20266994833946228,
                    -0.07351142168045044
                ],
                [
                    -0.1936424970626831,
                    -0.9744048118591309,
                    -0.11418334394693375
                ],
                [
                    -0.09477141499519348,
                    -0.09726326912641525,
                    0.990736186504364
                ]
            ]
