{
    "radius": 0.4,
    "angular_speed": 10,
    "save_freq": 0.01,
    "pid_gains": {
        "pid_rate": {
            "roll_kp": "50.0",
            "roll_ki": "0.0",
            "roll_kd": "0.0",
            "pitch_kp": "50.0",
            "pitch_ki": "0.0",
            "pitch_kd": "0.0",
            "yaw_kp": "80.0",
            "yaw_ki": "0.0",
            "yaw_kd": "0.0"
        },
        "pid_attitude": {
            "roll_kp": "10.0",
            "roll_ki": "0.5",
            "roll_kd": "0.5",
            "pitch_kp": "13.0",
            "pitch_ki": "0.5",
            "pitch_kd": "1.5",
            "yaw_kp": "8.0",
            "yaw_ki": "0.5",
            "yaw_kd": "0.5"
        },
        "velCtlPid": {
            "vxKp": "15.0",
            "vxKi": "1.0",
            "vxKd": "0.0",
            "vyKp": "10.0",
            "vyKi": "1.0",
            "vyKd": "0.0",
            "vzKp": "12.5",
            "vzKi": "0.5",
            "vzKd": "0.0"
        },
        "posCtlPid": {
            "xKp": "1.5",
            "xKi": "0.5",
            "xKd": "0.5",
            "yKp": "1.5",
            "yKi": "0.5",
            "yKd": "0.5",
            "zKp": "5.0",
            "zKi": "0.5",
            "zKd": "0.10000000149011612"
        }
    },
    "pose": [
        [
            0.0797875747680664,
            0.03039781379699707,
            0.2661662292480469,
            null,
            null,
            null,
            [
                [
                    0.9989854097366333,
                    -0.042376790195703506,
                    0.015244979411363602
                ],
                [
                    0.0419677197933197,
                    0.9987748265266418,
                    0.026220574975013733
                ],
                [
                    -0.016337445005774498,
                    -0.025554174557328224,
                    0.9995399117469788
                ]
            ]
        ],
        [
            0.07977376556396484,
            0.030399274826049805,
            0.26618429565429685,
            null,
            null,
            null,
            [
                [
                    0.9989835023880005,
                    -0.04241335391998291,
                    0.015266582369804382
                ],
                [
                    0.04201020300388336,
                    0.9987833499908447,
                    0.02582469768822193
                ],
                [
                    -0.01634332165122032,
                    -0.02515709400177002,
                    0.999549925327301
                ]
            ]
        ],
        [
            0.0797479248046875,
            0.030399875640869142,
            0.266168701171875,
            null,
            null,
            null,
            [
                [
                    0.9989745020866394,
                    -0.04254473000764847,
                    0.01548752561211586
                ],
                [
                    0.04212988168001175,
                    0.9987687468528748,
                    0.026193033903837204
                ],
                [
                    -0.016582831740379333,
                    -0.02551368623971939,
                    0.99953693151474
                ]
            ]
        ],
        [
            0.07965478515625,
            0.030389575958251952,
            0.26618228149414064,
            null,
            null,
            null,
            [
                [
                    0.9989718794822693,
                    -0.04272995516657829,
                    0.015145768411457539
                ],
                [
                    0.04233231022953987,
                    0.9987738132476807,
                    0.025668716058135033
                ],
                [
                    -0.01622401922941208,
                    -0.025001168251037598,
                    0.999555766582489
                ]
            ]
        ],
        [
            0.0798365478515625,
            0.030391983032226563,
            0.26612738037109374,
            null,
            null,
            null,
            [
                [
                    0.9991500973701477,
                    -0.03873421251773834,
                    0.014097337611019611
                ],
                [
                    0.038347240537405014,
                    0.9989061951637268,
                    0.026756655424833298
                ],
                [
                    -0.015118315815925598,
                    -0.026193320751190186,
                    0.9995425939559937
                ]
            ]
        ],
        [
            0.0799585189819336,
            0.030388982772827148,
            0.2660541687011719,
            null,
            null,
            null,
            [
                [
                    0.9990615248680115,
                    -0.0411042757332325,
                    0.013656901195645332
                ],
                [
                    0.04074189439415932,
                    0.9988357424736023,
                    0.025830456987023354
                ],
                [
                    -0.014702743850648403,
                    -0.02524980716407299,
                    0.9995730519294739
                ]
            ]
        ],
        [
            0.07997535705566407,
            0.030361461639404296,
            0.26601284790039065,
            null,
            null,
            null,
            [
                [
                    0.9989913702011108,
                    -0.04242651164531708,
                    0.014704428613185883
                ],
                [
                    0.042022909969091415,
                    0.9987585544586182,
                    0.026747923344373703
                ],
                [
                    -0.015820994973182678,
                    -0.026103021577000618,
                    0.9995340704917908
                ]
            ]
        ],
        [
            0.07983261108398437,
            0.03037076187133789,
            0.26605816650390623,
            null,
            null,
            null,
            [
                [
                    0.9989640712738037,
                    -0.04286431893706322,
                    0.01527923159301281
                ],
                [
                    0.04245805740356445,
                    0.9987601637840271,
                    0.02598951756954193
                ],
                [
                    -0.016374310478568077,
                    -0.02531386725604534,
                    0.9995454549789429
                ]
            ]
        ],
        [
            0.07969454193115234,
            0.030377035140991212,
            0.26605322265625,
            null,
            null,
            null,
            [
                [
                    0.9989432692527771,
                    -0.043587762862443924,
                    0.014576327987015247
                ],
                [
                    0.04320641979575157,
                    0.998740017414093,
                    0.025526300072669983
                ],
                [
                    -0.015670595690608025,
                    -0.024869535118341446,
                    0.9995678663253784
                ]
            ]
        ],
        [
            0.07958951568603516,
            0.030382137298583984,
            0.26614471435546877,
            null,
            null,
            null,
            [
                [
                    0.9989281892776489,
                    -0.04405870661139488,
                    0.014186954125761986
                ],
                [
                    0.043690551072359085,
                    0.9987249374389648,
                    0.02529129758477211
                ],
                [
                    -0.01528316643089056,
                    -0.024644354358315468,
                    0.9995794296264648
                ]
            ]
        ],
        [
            0.0794596176147461,
            0.030375745773315428,
            0.26620001220703127,
            null,
            null,
            null,
            [
                [
                    0.9989588260650635,
                    -0.04345274716615677,
                    0.013895508833229542
                ],
                [
                    0.043088462203741074,
                    0.9987452626228333,
                    0.025520751252770424
                ],
                [
                    -0.014987020753324032,
                    -0.02489544451236725,
                    0.9995777010917664
                ]
            ]
        ],
        [
            0.07935173797607421,
            0.030372589111328126,
            0.2661715087890625,
            null,
            null,
            null,
            [
                [
                    0.9990099668502808,
                    -0.04231686517596245,
                    0.013724572025239468
                ],
                [
                    0.04196353629231453,
                    0.9988042116165161,
                    0.025084303691983223
                ],
                [
                    -0.014769649133086205,
                    -0.024483537301421165,
                    0.9995911121368408
                ]
            ]
        ],
        [
            0.07932634735107422,
            0.030370691299438476,
            0.26617791748046876,
            null,
            null,
            null,
            [
                [
                    0.999046802520752,
                    -0.04148436337709427,
                    0.013585875742137432
                ],
                [
                    0.04113536700606346,
                    0.9988399744033813,
                    0.02503211796283722
                ],
                [
                    -0.01460855733603239,
                    -0.02444939687848091,
                    0.9995943307876587
                ]
            ]
        ],
        [
            0.0794700698852539,
            0.030362125396728515,
            0.26613177490234374,
            null,
            null,
            null,
            [
                [
                    0.999032735824585,
                    -0.04166313633322716,
                    0.014061903581023216
                ],
                [
                    0.041295669972896576,
                    0.9988219738006592,
                    0.02548210322856903
                ],
                [
                    -0.015107003040611744,
                    -0.024876758456230164,
                    0.9995763897895813
                ]
            ]
        ],
        [
            0.079624755859375,
            0.030355714797973634,
            0.2660997924804688,
            null,
            null,
            null,
            [
                [
                    0.9991604685783386,
                    -0.03882348909974098,
                    0.01308139506727457
                ],
                [
                    0.038485605269670486,
                    0.9989423751831055,
                    0.025160260498523712
                ],
                [
                    -0.014044368639588356,
                    -0.024635691195726395,
                    0.9995978474617004
                ]
            ]
        ],
        [
            0.07978829956054688,
            0.03035059356689453,
            0.26606890869140626,
            null,
            null,
            null,
            [
                [
                    0.9990158081054688,
                    -0.04259466379880905,
                    0.0123722730204463
                ],
                [
                    0.04227711632847786,
                    0.9987959861755371,
                    0.0248836949467659
                ],
                [
                    -0.013417289592325687,
                    -0.024336140602827072,
                    0.9996137619018555
                ]
            ]
        ],
        [
            0.08006777954101563,
            0.030349388122558593,
            0.2660168151855469,
            null,
            null,
            null,
            [
                [
                    0.9988674521446228,
                    -0.04473551735281944,
                    0.016202589496970177
                ],
                [
                    0.04431973397731781,
                    0.9987002611160278,
                    0.02517097257077694
                ],
                [
                    -0.017307566478848457,
                    -0.024424370378255844,
                    0.9995518326759338
                ]
            ]
        ],
        [
            0.08019760131835937,
            0.030280342102050783,
            0.26605029296875,
            null,
            null,
            null,
            [
                [
                    0.9988409280776978,
                    -0.045272476971149445,
                    0.01634540595114231
                ],
                [
                    0.04484158754348755,
                    0.998660147190094,
                    0.02583017386496067
                ],
                [
                    -0.017492901533842087,
                    -0.0250672809779644,
                    0.9995326995849609
                ]
            ]
        ],
        [
            0.0801567153930664,
            0.030170465469360353,
            0.26611029052734375,
            null,
            null,
            null,
            [
                [
                    0.9988629221916199,
                    -0.044614277780056,
                    0.01680544950067997
                ],
                [
                    0.04418201744556427,
                    0.9987038373947144,
                    0.025269851088523865
                ],
                [
                    -0.017911063507199287,
                    -0.02449861913919449,
                    0.9995393753051758
                ]
            ]
        ],
        [
            0.08009085845947266,
            0.02998006820678711,
            0.2661651916503906,
            null,
            null,
            null,
            [
                [
                    0.9988927245140076,
                    -0.04412800446152687,
                    0.016311420127749443
                ],
                [
                    0.04372236505150795,
                    0.9987447261810303,
                    0.02444053255021572
                ],
                [
                    -0.017369456589221954,
                    -0.023700296878814697,
                    0.9995682239532471
                ]
            ]
        ],
        [
            0.08001470184326172,
            0.02929021453857422,
            0.26619351196289065,
            null,
            null,
            null,
            [
                [
                    0.9985525608062744,
                    -0.0517529658973217,
                    0.01464367751032114
                ],
                [
                    0.05141880363225937,
                    0.9984272122383118,
                    0.022343602031469345
                ],
                [
                    -0.015776993706822395,
                    -0.021558299660682678,
                    0.999643087387085
                ]
            ]
        ],
        [
            0.08010363006591797,
            0.02945294952392578,
            0.2663971252441406,
            null,
            null,
            null,
            [
                [
                    0.9982641339302063,
                    -0.05687571316957474,
                    0.015291806310415268
                ],
                [
                    0.05637207627296448,
                    0.9979107975959778,
                    0.03156355023384094
                ],
                [
                    -0.017055056989192963,
                    -0.030646730214357376,
                    0.9993847608566284
                ]
            ]
        ],
        [
            0.08017955017089844,
            0.03014447021484375,
            0.2682147827148437,
            null,
            null,
            null,
            [
                [
                    0.998110830783844,
                    -0.05795009434223175,
                    0.02040843293070793
                ],
                [
                    0.0572877936065197,
                    0.9978554248809814,
                    0.03166552633047104
                ],
                [
                    -0.022199684754014015,
                    -0.030436553061008453,
                    0.9992901682853699
                ]
            ]
        ],
        [
            0.08020352172851562,
            0.029702337265014648,
            0.26998114013671876,
            null,
            null,
            null,
            [
                [
                    0.9968559741973877,
                    -0.05954408645629883,
                    0.052275437861680984
                ],
                [
                    0.05833664909005165,
                    0.9980005025863647,
                    0.024328628554940224
                ],
                [
                    -0.05361953750252724,
                    -0.021202564239501953,
                    0.9983363151550293
                ]
            ]
        ],
        [
            0.07983983612060547,
            0.03298995590209961,
            0.27251947021484374,
            null,
            null,
            null,
            [
                [
                    0.9981159567832947,
                    -0.06044340506196022,
                    0.010542154312133789
                ],
                [
                    0.06053437665104866,
                    0.9981296062469482,
                    -0.008534576743841171
                ],
                [
                    -0.010006577707827091,
                    0.009156659245491028,
                    0.9999080300331116
                ]
            ]
        ],
        [
            0.07929435729980469,
            0.03217718505859375,
            0.27618609619140627,
            null,
            null,
            null,
            [
                [
                    0.9976608157157898,
                    -0.04486185684800148,
                    -0.051577989012002945
                ],
                [
                    0.04451966658234596,
                    0.998978316783905,
                    -0.007764867506921291
                ],
                [
                    0.05187363922595978,
                    0.005450469441711903,
                    0.9986388087272644
                ]
            ]
        ],
        [
            0.07829420471191406,
            0.0291253662109375,
            0.2787507629394531,
            null,
            null,
            null,
            [
                [
                    0.9987598061561584,
                    -0.048520348966121674,
                    -0.01116293203085661
                ],
                [
                    0.04870304837822914,
                    0.9986733198165894,
                    0.01672210916876793
                ],
                [
                    0.010336759500205517,
                    -0.017245039343833923,
                    0.9997978806495667
                ]
            ]
        ],
        [
            0.07667395782470703,
            0.02822765350341797,
            0.2911507568359375,
            null,
            null,
            null,
            [
                [
                    0.9996981024742126,
                    -0.008491487242281437,
                    -0.023057041689753532
                ],
                [
                    0.007763623725622892,
                    0.9994743466377258,
                    -0.03147604689002037
                ],
                [
                    0.023312201723456383,
                    0.0312875360250473,
                    0.9992385506629944
                ]
            ]
        ],
        [
            0.07585553741455078,
            0.03118136978149414,
            0.2973726501464844,
            null,
            null,
            null,
            [
                [
                    0.9994214773178101,
                    -0.01948758028447628,
                    -0.027874035760760307
                ],
                [
                    0.018467074260115623,
                    0.9991662502288818,
                    -0.03641170263290405
                ],
                [
                    0.028560370206832886,
                    0.03587588667869568,
                    0.9989480376243591
                ]
            ]
        ],
        [
            0.07488526153564454,
            0.029234357833862305,
            0.3046323547363281,
            null,
            null,
            null,
            [
                [
                    0.9988887906074524,
                    -0.02673933282494545,
                    -0.03880971297621727
                ],
                [
                    0.023423785343766212,
                    0.9962319731712341,
                    -0.08350546658039093
                ],
                [
                    0.04089635983109474,
                    0.08250360190868378,
                    0.9957513213157654
                ]
            ]
        ],
        [
            0.07399000549316406,
            0.023495317459106446,
            0.30993988037109377,
            null,
            null,
            null,
            [
                [
                    0.997809648513794,
                    -0.027388673275709152,
                    -0.06021475791931152
                ],
                [
                    0.020334960892796516,
                    0.9931825995445251,
                    -0.11478141695261002
                ],
                [
                    0.06294795870780945,
                    0.11330553889274597,
                    0.9915640950202942
                ]
            ]
        ],
        [
            0.07366129302978516,
            0.025020614624023437,
            0.317246337890625,
            null,
            null,
            null,
            [
                [
                    0.9978688359260559,
                    -0.027640709653496742,
                    -0.05910833552479744
                ],
                [
                    0.021667569875717163,
                    0.9948107600212097,
                    -0.09940869361162186
                ],
                [
                    0.06154933199286461,
                    0.09791610389947891,
                    0.9932895302772522
                ]
            ]
        ],
        [
            0.07326513671875,
            0.022857419967651366,
            0.3229992370605469,
            null,
            null,
            null,
            [
                [
                    0.9970619082450867,
                    -0.05217321589589119,
                    0.056084588170051575
                ],
                [
                    0.05861673504114151,
                    0.9910211563110352,
                    -0.1201711967587471
                ],
                [
                    -0.04931129515171051,
                    0.12310561537742615,
                    0.9911677241325378
                ]
            ]
        ],
        [
            0.07250973510742187,
            0.022129684448242187,
            0.3308698120117187,
            null,
            null,
            null,
            [
                [
                    0.9954238533973694,
                    -0.05427966266870499,
                    -0.0786450207233429
                ],
                [
                    0.03462276980280876,
                    0.9719552993774414,
                    -0.23260308802127838
                ],
                [
                    0.0890650600194931,
                    0.22881574928760529,
                    0.9693868160247803
                ]
            ]
        ],
        [
            0.07222708892822266,
            0.02513456726074219,
            0.33987142944335935,
            null,
            null,
            null,
            [
                [
                    0.976094126701355,
                    -0.070973239839077,
                    -0.20543383061885834
                ],
                [
                    0.05204901844263077,
                    0.9940093755722046,
                    -0.09610551595687866
                ],
                [
                    0.21102407574653625,
                    0.08311539888381958,
                    0.9739407896995544
                ]
            ]
        ],
        [
            0.07223783874511719,
            0.023365621566772462,
            0.3471773681640625,
            null,
            null,
            null,
            [
                [
                    0.997735321521759,
                    -0.030906332656741142,
                    -0.05974103510379791
                ],
                [
                    0.02992582693696022,
                    0.9994034767150879,
                    -0.017238426953554153
                ],
                [
                    0.060238175094127655,
                    0.015411587432026863,
                    0.9980650544166565
                ]
            ]
        ],
        [
            0.07191207885742187,
            0.018843017578125,
            0.35806158447265624,
            null,
            null,
            null,
            [
                [
                    0.9973794221878052,
                    -0.04285065084695816,
                    -0.05829348787665367
                ],
                [
                    0.03314238041639328,
                    0.98682701587677,
                    -0.15834788978099823
                ],
                [
                    0.06431090086698532,
                    0.15600094199180603,
                    0.9856610894203186
                ]
            ]
        ],
        [
            0.07080276489257813,
            0.019447080612182616,
            0.366922119140625,
            null,
            null,
            null,
            [
                [
                    0.9974647164344788,
                    -0.04461241886019707,
                    -0.05544254183769226
                ],
                [
                    0.03640325367450714,
                    0.9893205165863037,
                    -0.14113740622997284
                ],
                [
                    0.06114692613482475,
                    0.13876129686832428,
                    0.9884363412857056
                ]
            ]
        ],
        [
            0.0695077896118164,
            0.01712751007080078,
            0.3752222900390625,
            null,
            null,
            null,
            [
                [
                    0.9970890879631042,
                    -0.03685169294476509,
                    -0.06674817949533463
                ],
                [
                    0.0274290069937706,
                    0.9901978373527527,
                    -0.13695210218429565
                ],
                [
                    0.071140818297863,
                    0.13472260534763336,
                    0.9883262515068054
                ]
            ]
        ],
        [
            0.06847138977050782,
            0.018502830505371094,
            0.3859253845214844,
            null,
            null,
            null,
            [
                [
                    0.9978832006454468,
                    -0.033123768866062164,
                    -0.05596335977315903
                ],
                [
                    0.026388023048639297,
                    0.9927718639373779,
                    -0.11707981675863266
                ],
                [
                    0.05943697318434715,
                    0.11535521596670151,
                    0.9915444850921631
                ]
            ]
        ],
        [
            0.06723229217529297,
            0.018962804794311523,
            0.39526605224609374,
            null,
            null,
            null,
            [
                [
                    0.997134268283844,
                    -0.06338600069284439,
                    -0.04129676893353462
                ],
                [
                    0.057203520089387894,
                    0.9889558553695679,
                    -0.1367264688014984
                ],
                [
                    0.049507223069667816,
                    0.13397233188152313,
                    0.9897476434707642
                ]
            ]
        ],
        [
            0.06588182067871094,
            0.01421854305267334,
            0.40409088134765625,
            null,
            null,
            null,
            [
                [
                    0.9970754384994507,
                    -0.06194888800382614,
                    -0.04475447162985802
                ],
                [
                    0.05301317572593689,
                    0.9824502468109131,
                    -0.1788327395915985
                ],
                [
                    0.05504753068089485,
                    0.17593716084957123,
                    0.9828610420227051
                ]
            ]
        ],
        [
            0.06232568740844727,
            0.010366646766662598,
            0.421586181640625,
            null,
            null,
            null,
            [
                [
                    0.9955644011497498,
                    -0.04841592535376549,
                    0.08066870272159576
                ],
                [
                    0.059727709740400314,
                    0.9877288937568665,
                    -0.14430592954158783
                ],
                [
                    -0.07269211113452911,
                    0.1484839916229248,
                    0.986239492893219
                ]
            ]
        ],
        [
            0.06090201950073242,
            0.00930841064453125,
            0.43118853759765624,
            null,
            null,
            null,
            [
                [
                    0.9973562955856323,
                    -0.05194639787077904,
                    -0.05081310495734215
                ],
                [
                    0.03609684854745865,
                    0.9610564708709717,
                    -0.27398449182510376
                ],
                [
                    0.06306677311658859,
                    0.2714259624481201,
                    0.9603908061981201
                ]
            ]
        ],
        [
            0.05921523666381836,
            0.008771170616149902,
            0.4422828369140625,
            null,
            null,
            null,
            [
                [
                    0.9754083752632141,
                    -0.049984488636255264,
                    -0.214662566781044
                ],
                [
                    0.022656261920928955,
                    0.9915243983268738,
                    -0.12792976200580597
                ],
                [
                    0.21923768520355225,
                    0.11992031335830688,
                    0.9682736992835999
                ]
            ]
        ],
        [
            0.056974693298339846,
            0.0070522780418396,
            0.45227703857421875,
            null,
            null,
            null,
            [
                [
                    0.9992746114730835,
                    -0.02041556127369404,
                    -0.03214714303612709
                ],
                [
                    0.02056853659451008,
                    0.9997786283493042,
                    0.004435041453689337
                ],
                [
                    0.03204948082566261,
                    -0.005093044135719538,
                    0.9994733333587646
                ]
            ]
        ],
        [
            0.05519948959350586,
            0.004450861930847168,
            0.46516616821289064,
            null,
            null,
            null,
            [
                [
                    0.9983024597167969,
                    -0.04669925943017006,
                    -0.03480460122227669
                ],
                [
                    0.041563574224710464,
                    0.9898425936698914,
                    -0.13595610857009888
                ],
                [
                    0.040800124406814575,
                    0.13427871465682983,
                    0.9901033043861389
                ]
            ]
        ],
        [
            0.053891082763671876,
            0.0021913607120513916,
            0.4768701171875,
            null,
            null,
            null,
            [
                [
                    0.9972743988037109,
                    -0.07024021446704865,
                    -0.022585103288292885
                ],
                [
                    0.06612730771303177,
                    0.9866763353347778,
                    -0.1486506313085556
                ],
                [
                    0.032725438475608826,
                    0.14675197005271912,
                    0.9886318445205688
                ]
            ]
        ],
        [
            0.05220290374755859,
            -0.0033980581760406493,
            0.48689889526367186,
            null,
            null,
            null,
            [
                [
                    0.9983125329017639,
                    -0.052660584449768066,
                    -0.024474279955029488
                ],
                [
                    0.047894638031721115,
                    0.9850017428398132,
                    -0.1657639443874359
                ],
                [
                    0.0328364335000515,
                    0.16431203484535217,
                    0.9858617186546326
                ]
            ]
        ],
        [
            0.05096984100341797,
            -0.0038611686229705813,
            0.4978013000488281,
            null,
            null,
            null,
            [
                [
                    0.9986914396286011,
                    -0.04633770510554314,
                    -0.021639110520482063
                ],
                [
                    0.04311121255159378,
                    0.9904187917709351,
                    -0.13119463622570038
                ],
                [
                    0.02751104161143303,
                    0.13009007275104523,
                    0.991120457649231
                ]
            ]
        ],
        [
            0.04937258529663086,
            -0.002239197015762329,
            0.5090866088867188,
            null,
            null,
            null,
            [
                [
                    0.9986230731010437,
                    -0.047633394598960876,
                    -0.02197645604610443
                ],
                [
                    0.045328788459300995,
                    0.9943918585777283,
                    -0.09555156528949738
                ],
                [
                    0.02640465460717678,
                    0.09442383795976639,
                    0.9951818585395813
                ]
            ]
        ],
        [
            0.047404823303222654,
            -0.006117538452148437,
            0.5192924194335937,
            null,
            null,
            null,
            [
                [
                    0.9988111853599548,
                    -0.043026894330978394,
                    -0.022911904379725456
                ],
                [
                    0.040176816284656525,
                    0.9927895665168762,
                    -0.11293693631887436
                ],
                [
                    0.027606023475527763,
                    0.11188214272260666,
                    0.9933379292488098
                ]
            ]
        ],
        [
            0.046151493072509764,
            -0.007284103393554687,
            0.5272919311523437,
            null,
            null,
            null,
            [
                [
                    0.9915164709091187,
                    -0.03692232817411423,
                    0.12462679296731949
                ],
                [
                    0.048749860376119614,
                    0.9944505095481873,
                    -0.09322922676801682
                ],
                [
                    -0.12049293518066406,
                    0.09851384907960892,
                    0.9878140091896057
                ]
            ]
        ],
        [
            0.04294786834716797,
            -0.011479388236999512,
            0.5496465454101562,
            null,
            null,
            null,
            [
                [
                    0.983100950717926,
                    -0.010862202383577824,
                    -0.18274180591106415
                ],
                [
                    -0.007015318144112825,
                    0.9952694773674011,
                    -0.09689947217702866
                ],
                [
                    0.1829298734664917,
                    0.09654395282268524,
                    0.9783741235733032
                ]
            ]
        ],
        [
            0.04108460235595703,
            -0.014784865379333496,
            0.5612239990234374,
            null,
            null,
            null,
            [
                [
                    0.9996335506439209,
                    -0.026530617848038673,
                    -0.005372163839638233
                ],
                [
                    0.026864679530262947,
                    0.9966938495635986,
                    0.07667883485555649
                ],
                [
                    0.0033200657926499844,
                    -0.0767950564622879,
                    0.9970413446426392
                ]
            ]
        ],
        [
            0.03902521133422852,
            -0.014384160995483399,
            0.57491064453125,
            null,
            null,
            null,
            [
                [
                    0.999180257320404,
                    -0.04030251130461693,
                    -0.0038155904039740562
                ],
                [
                    0.04005870595574379,
                    0.9979191422462463,
                    -0.050524622201919556
                ],
                [
                    0.005843919701874256,
                    0.050330355763435364,
                    0.9987155199050903
                ]
            ]
        ],
        [
            0.03716895294189453,
            -0.01604673194885254,
            0.5847488403320312,
            null,
            null,
            null,
            [
                [
                    0.9996184706687927,
                    -0.026467612013220787,
                    -0.007900440134108067
                ],
                [
                    0.026101239025592804,
                    0.9987192153930664,
                    -0.043343622237443924
                ],
                [
                    0.009037523530423641,
                    0.04312087222933769,
                    0.9990289807319641
                ]
            ]
