{
    "radius": 0.5,
    "angular_speed": 12,
    "save_freq": 0.1,
    "pid_gains": {
        "pid_rate": {
            "roll_kp": "50.0",
            "roll_ki": "0.0",
            "roll_kd": "0.0",
            "pitch_kp": "50.0",
            "pitch_ki": "0.0",
            "pitch_kd": "0.0",
            "yaw_kp": "80.0",
            "yaw_ki": "0.0",
            "yaw_kd": "0.0"
        },
        "pid_attitude": {
            "roll_kp": "10.0",
            "roll_ki": "0.5",
            "roll_kd": "0.5",
            "pitch_kp": "13.0",
            "pitch_ki": "0.5",
            "pitch_kd": "1.5",
            "yaw_kp": "8.0",
            "yaw_ki": "0.5",
            "yaw_kd": "0.5"
        },
        "velCtlPid": {
            "vxKp": "15.0",
            "vxKi": "1.0",
            "vxKd": "0.0",
            "vyKp": "10.0",
            "vyKi": "1.0",
            "vyKd": "0.0",
            "vzKp": "12.5",
            "vzKi": "0.5",
            "vzKd": "0.0"
        },
        "posCtlPid": {
            "xKp": "1.5",
            "xKi": "0.20000000298023224",
            "xKd": "0.20000000298023224",
            "yKp": "1.5",
            "yKi": "0.20000000298023224",
            "yKd": "0.20000000298023224",
            "zKp": "5.0",
            "zKi": "0.5",
            "zKd": "0.0"
        }
    },
    "pose": [
        [
            -0.1371632080078125,
            -0.17833900451660156,
            0.2626570434570312,
            null,
            null,
            null,
            [
                [
                    0.9960988163948059,
                    0.046090736985206604,
                    0.07525148242712021
                ],
                [
                    -0.0475413016974926,
                    0.9987142086029053,
                    0.01759912259876728
                ],
                [
                    -0.07434356957674026,
                    -0.021108020097017288,
                    0.99700927734375
                ]
            ]
        ],
        [
            -0.13743692016601564,
            -0.17810128784179688,
            0.2621540222167969,
            null,
            null,
            null,
            [
                [
                    0.9966506361961365,
                    0.04312288388609886,
                    0.06948293000459671
                ],
                [
                    -0.044731516391038895,
                    0.9987619519233704,
                    0.021763602271676064
                ],
                [
                    -0.06845839321613312,
                    -0.024798784404993057,
                    0.9973456859588623
                ]
            ]
        ],
        [
            -0.13387431335449218,
            -0.15457933044433594,
            0.28053768920898436,
            null,
            null,
            null,
            [
                [
                    0.9951640367507935,
                    -0.011078717187047005,
                    0.09760041534900665
                ],
                [
                    -0.004382758401334286,
                    0.9876216053962708,
                    0.15679384768009186
                ],
                [
                    -0.09812935441732407,
                    -0.1564633548259735,
                    0.9827969670295715
                ]
            ]
        ],
        [
            -0.12171512603759765,
            -0.13729362487792968,
            0.3761013488769531,
            null,
            null,
            null,
            [
                [
                    0.9868856072425842,
                    0.044358137995004654,
                    0.15520697832107544
                ],
                [
                    -0.06532281637191772,
                    0.9890013933181763,
                    0.13269948959350586
                ],
                [
                    -0.14761362969875336,
                    -0.1410977691411972,
                    0.978928804397583
                ]
            ]
        ],
        [
            -0.102332275390625,
            -0.10972957611083985,
            0.4947445678710938,
            null,
            null,
            null,
            [
                [
                    0.9892002940177917,
                    0.046450722962617874,
                    0.1390148103237152
                ],
                [
                    -0.04247961938381195,
                    0.9986038208007812,
                    -0.03139965236186981
                ],
                [
                    -0.14027924835681915,
                    0.02515524812042713,
                    0.9897923469543457
                ]
            ]
        ],
        [
            -0.08255245208740235,
            -0.09449266052246094,
            0.6152059936523437,
            null,
            null,
            null,
            [
                [
                    0.9880178570747375,
                    0.07230839878320694,
                    0.1363530457019806
                ],
                [
                    -0.04908757656812668,
                    0.984809160232544,
                    -0.16655711829662323
                ],
                [
                    -0.1463252156972885,
                    0.1578681766986847,
                    0.9765585064888
                ]
            ]
        ],
        [
            -0.06346535873413085,
            -0.08786386108398438,
            0.7449103393554688,
            null,
            null,
            null,
            [
                [
                    0.9925445318222046,
                    0.07310561835765839,
                    0.09752413630485535
                ],
                [
                    -0.06180991604924202,
                    0.9915328025817871,
                    -0.11420273780822754
                ],
                [
                    -0.10504723340272903,
                    0.10732334107160568,
                    0.9886590838432312
                ]
            ]
        ],
        [
            -0.04939634704589844,
            -0.0878376235961914,
            0.87280712890625,
            null,
            null,
            null,
            [
                [
                    0.9791918992996216,
                    0.06925824284553528,
                    0.19075249135494232
                ],
                [
                    -0.04729193076491356,
                    0.9919585585594177,
                    -0.11739522963762283
                ],
                [
                    -0.1973491609096527,
                    0.10593140125274658,
                    0.9745931625366211
                ]
            ]
        ],
        [
            -0.03990433120727539,
            -0.089972412109375,
            1.0020177001953126,
            null,
            null,
            null,
            [
                [
                    0.9982509016990662,
                    0.027477042749524117,
                    0.05234682187438011
                ],
                [
                    -0.023889143019914627,
                    0.9974009990692139,
                    -0.06797491759061813
                ],
                [
                    -0.05407852306962013,
                    0.06660550087690353,
                    0.9963127970695496
                ]
            ]
        ],
        [
            -0.034588703155517576,
            -0.09437850189208985,
            1.1025758056640624,
            null,
            null,
            null,
            [
                [
                    0.997572660446167,
                    0.03184792026877403,
                    0.061923716217279434
                ],
                [
                    -0.029888033866882324,
                    0.9990304708480835,
                    -0.032322958111763
                ],
                [
                    -0.0628931000828743,
                    0.030393721535801888,
                    0.9975573420524597
                ]
            ]
        ],
        [
            -0.023807117462158203,
            -0.09224410247802735,
            1.1647259521484374,
            null,
            null,
            null,
            [
                [
                    0.9952340722084045,
                    0.01994170807301998,
                    0.09545422345399857
                ],
                [
                    -0.0267188660800457,
                    0.9971711039543152,
                    0.07025598734617233
                ],
                [
                    -0.09378316253423691,
                    -0.07247158139944077,
                    0.9929514527320862
                ]
            ]
        ],
        [
            -0.014555727005004883,
            -0.08471915435791015,
            1.188685302734375,
            null,
            null,
            null,
            [
                [
                    0.9940968155860901,
                    0.0240200012922287,
                    0.10580409318208694
                ],
                [
                    -0.03049888089299202,
                    0.9977294206619263,
                    0.06004852429032326
                ],
                [
                    -0.10412149131298065,
                    -0.0629209578037262,
                    0.9925722479820251
                ]
            ]
        ],
        [
            -0.003361325740814209,
            -0.07564083099365235,
            1.181888427734375,
            null,
            null,
            null,
            [
                [
                    0.9940814971923828,
                    0.0037896919529885054,
                    0.1085706427693367
                ],
                [
                    -0.009577321819961071,
                    0.9985572695732117,
                    0.05283577740192413
                ],
                [
                    -0.10821377485990524,
                    -0.05356288701295853,
                    0.9926836490631104
                ]
            ]
        ],
        [
            0.008040744781494141,
            -0.06227875900268555,
            1.15880810546875,
            null,
            null,
            null,
            [
                [
                    0.9934521317481995,
                    -0.027421174570918083,
                    0.1109093651175499
                ],
                [
                    0.025397835299372673,
                    0.9994849562644958,
                    0.01961527392268181
                ],
                [
                    -0.111390121281147,
                    -0.016669977456331253,
                    0.9936369061470032
                ]
            ]
        ],
        [
            0.017653636932373047,
            -0.0437152214050293,
            1.1318223876953124,
            null,
            null,
            null,
            [
                [
                    0.9953781962394714,
                    0.013042446225881577,
                    0.0951426550745964
                ],
                [
                    -0.016308628022670746,
                    0.9993011951446533,
                    0.033632878214120865
                ],
                [
                    -0.09463751316070557,
                    -0.035029079765081406,
                    0.994895339012146
                ]
            ]
        ],
        [
            0.027500928878784178,
            -0.031021501541137694,
            1.1109993896484376,
            null,
            null,
            null,
            [
                [
                    0.9957749247550964,
                    0.009916392154991627,
                    0.09129061549901962
                ],
                [
                    -0.005029758438467979,
                    0.9985496401786804,
                    -0.053603559732437134
                ],
                [
                    -0.09168976545333862,
                    0.05291790887713432,
                    0.994380533695221
                ]
            ]
        ],
        [
            0.03409347152709961,
            -0.015951014518737792,
            1.097828857421875,
            null,
            null,
            null,
            [
                [
                    0.9974572062492371,
                    -0.009294969029724598,
                    0.07065963000059128
                ],
                [
                    0.010727440938353539,
                    0.9997439980506897,
                    -0.019920462742447853
                ],
                [
                    -0.07045638561248779,
                    0.020627805963158607,
                    0.9973015785217285
                ]
            ]
        ],
        [
            0.031959417343139646,
            -0.006863731861114502,
            1.0919765625,
            null,
            null,
            null,
            [
                [
                    0.9994451999664307,
                    -0.018637696281075478,
                    0.027602557092905045
                ],
                [
                    0.020108062773942947,
                    0.9983391761779785,
                    -0.05398641526699066
                ],
                [
                    -0.0265505313873291,
                    0.05451149865984917,
                    0.9981600642204285
                ]
            ]
        ],
        [
            0.0259604377746582,
            0.001633312463760376,
            1.091065185546875,
            null,
            null,
            null,
            [
                [
                    0.9992272257804871,
                    0.029187120497226715,
                    0.02632664144039154
                ],
                [
                    -0.028484495356678963,
                    0.999238133430481,
                    -0.026680171489715576
                ],
                [
                    -0.027085300534963608,
                    0.025909652933478355,
                    0.9992973208427429
                ]
            ]
        ],
        [
            0.020023389816284178,
            0.009709953308105469,
            1.0908642578125,
            null,
            null,
            null,
            [
                [
                    0.998785674571991,
                    0.016521694138646126,
                    0.046413715928792953
                ],
                [
                    -0.015442412346601486,
                    0.9996041655540466,
                    -0.023516632616519928
                ],
                [
                    -0.04678387939929962,
                    0.022771336138248444,
                    0.9986454248428345
                ]
            ]
        ],
        [
            0.008355277061462402,
            0.016880449295043946,
            1.0944757080078125,
            null,
            null,
            null,
            [
                [
                    0.9983288049697876,
                    0.035127997398376465,
                    0.04588756337761879
                ],
                [
                    -0.033128250390291214,
                    0.9984980821609497,
                    -0.04363611340522766
                ],
                [
                    -0.047351494431495667,
                    0.042043011635541916,
                    0.9979931116104126
                ]
            ]
        ],
        [
            -0.003090473175048828,
            0.029620416641235353,
            1.0976798095703124,
            null,
            null,
            null,
            [
                [
                    0.9982043504714966,
                    0.010099194943904877,
                    0.05904272943735123
                ],
                [
                    -0.007632730528712273,
                    0.9990946650505066,
                    -0.041851501911878586
                ],
                [
                    -0.05941194295883179,
                    0.04132569581270218,
                    0.9973777532577515
                ]
            ]
        ],
        [
            -0.007782676696777344,
            0.040002010345458985,
            1.103258544921875,
            null,
            null,
            null,
            [
                [
                    0.993272602558136,
                    0.032624680548906326,
                    0.11110875755548477
                ],
                [
                    -0.026557736098766327,
                    0.9980968832969666,
                    -0.05565286800265312
                ],
                [
                    -0.11271296441555023,
                    0.05232767388224602,
                    0.9922487735748291
                ]
            ]
        ],
        [
            -0.006494884967803955,
            0.051544239044189456,
            1.108062255859375,
            null,
            null,
            null,
            [
                [
                    0.9875122904777527,
                    -0.023115437477827072,
                    0.15583676099777222
                ],
                [
                    0.03313470631837845,
                    0.9975256323814392,
                    -0.06200520321726799
                ],
                [
                    -0.1540178805589676,
                    0.06639450788497925,
                    0.9858347773551941
                ]
            ]
        ],
        [
            0.0011458828449249267,
            0.061343467712402344,
            1.1085040283203125,
            null,
            null,
            null,
            [
                [
                    0.9808313250541687,
                    -0.03656557947397232,
                    0.19139717519283295
                ],
                [
                    0.04744941368699074,
                    0.9974881410598755,
                    -0.052592933177948
                ],
                [
                    -0.18899331986904144,
                    0.06066647917032242,
                    0.9801025986671448
                ]
            ]
        ],
        [
            0.019694541931152342,
            0.06901915740966796,
            1.1082884521484375,
            null,
            null,
            null,
            [
                [
                    0.9842929244041443,
                    -0.015589123591780663,
                    0.17585326731204987
                ],
                [
                    0.02444295585155487,
                    0.9985340237617493,
                    -0.04829457774758339
                ],
                [
                    -0.17484259605407715,
                    0.051834385842084885,
                    0.9832310080528259
                ]
            ]
        ],
        [
            0.041992652893066404,
            0.07099879455566406,
            1.1048045654296874,
            null,
            null,
            null,
            [
                [
                    0.9935505390167236,
                    -0.02695719338953495,
                    0.11013893038034439
                ],
                [
                    0.03866367042064667,
                    0.9936593174934387,
                    -0.10557617992162704
                ],
                [
                    -0.10659453272819519,
                    0.1091536432504654,
                    0.9882929921150208
                ]
            ]
        ],
        [
            0.0593494873046875,
            0.07006217956542969,
            1.100509765625,
            null,
            null,
            null,
            [
                [
                    0.9983510375022888,
                    -0.00666938629001379,
                    0.057015206664800644
                ],
                [
                    0.012224161997437477,
                    0.9951466917991638,
                    -0.09764038771390915
                ],
                [
                    -0.05608729273080826,
                    0.09817634522914886,
                    0.9935872554779053
                ]
            ]
        ],
        [
            0.07015370941162109,
            0.07019786834716797,
            1.0988487548828125,
            null,
            null,
            null,
            [
                [
                    0.9992753267288208,
                    0.03523027524352074,
                    0.01440897025167942
                ],
                [
                    -0.03371518850326538,
                    0.9949532747268677,
                    -0.094505175948143
                ],
                [
                    -0.017665695399045944,
                    0.09395089000463486,
                    0.9954200983047485
                ]
            ]
        ],
        [
            0.07617440032958984,
            0.0671758270263672,
            1.0983922119140626,
            null,
            null,
            null,
            [
                [
                    0.9992229342460632,
                    0.03793475404381752,
                    -0.010698642581701279
                ],
                [
                    -0.03865516558289528,
                    0.9962047934532166,
                    -0.07798615843057632
                ],
                [
                    0.007699653506278992,
                    0.0783391147851944,
                    0.9968970417976379
                ]
            ]
        ],
        [
            0.07618971252441406,
            0.0702807388305664,
            1.094509765625,
            null,
            null,
            null,
            [
                [
                    0.999953031539917,
                    -0.0064061409793794155,
                    -0.007276193704456091
                ],
                [
                    0.006382931023836136,
                    0.9999744892120361,
                    -0.003208605805411935
                ],
                [
                    0.007296563126146793,
                    0.003162011504173279,
                    0.999968409538269
                ]
            ]
        ],
        [
            0.06874819946289062,
            0.0743263397216797,
            1.0890302734375,
            null,
            null,
            null,
            [
                [
                    0.9983115196228027,
                    0.05641255900263786,
                    0.013848377391695976
                ],
                [
                    -0.05607800930738449,
                    0.9981507062911987,
                    -0.023462148383259773
                ],
                [
                    -0.015146327205002308,
                    0.022645942866802216,
                    0.9996287822723389
                ]
            ]
        ],
        [
            0.06918152618408203,
            0.07518618774414063,
            1.087176025390625,
            null,
            null,
            null,
            [
                [
                    0.999190092086792,
                    0.001564550562761724,
                    0.040208157151937485
                ],
                [
                    -0.0009760255343280733,
                    0.9998921751976013,
                    -0.01465242076665163
                ],
                [
                    -0.04022674635052681,
                    0.014601309783756733,
                    0.9990838766098022
                ]
            ]
        ],
        [
            0.06504824829101563,
            0.08373835754394532,
            1.08250439453125,
            null,
            null,
            null,
            [
                [
                    0.9962666630744934,
                    -0.012057644315063953,
                    0.08548322319984436
                ],
                [
                    0.01517687737941742,
                    0.999238908290863,
                    -0.035933949053287506
                ],
                [
                    -0.08498489111661911,
                    0.03709716349840164,
                    0.9956914186477661
                ]
            ]
        ],
        [
            0.06561141204833984,
            0.08701160430908203,
            1.078660400390625,
            null,
            null,
            null,
            [
                [
                    0.994297206401825,
                    -0.01899750344455242,
                    0.1049390435218811
                ],
                [
                    0.02862969972193241,
                    0.9954338669776917,
                    -0.09105926752090454
                ],
                [
                    -0.10272998362779617,
                    0.09354434162378311,
                    0.9903009533882141
                ]
            ]
        ],
        [
            0.07302528381347656,
            0.08609030151367188,
            1.0741954345703124,
            null,
            null,
            null,
            [
                [
                    0.9932249784469604,
                    -0.008736350573599339,
                    0.11587847024202347
                ],
                [
                    0.01947159692645073,
                    0.9955836534500122,
                    -0.09183681011199951
                ],
                [
                    -0.11456439644098282,
                    0.09347095340490341,
                    0.9890086650848389
                ]
            ]
        ],
        [
            0.08448380279541015,
            0.08698478698730469,
            1.07031298828125,
            null,
            null,
            null,
            [
                [
                    0.9935600161552429,
                    -0.046204134821891785,
                    0.10345857590436935
                ],
                [
                    0.05485421419143677,
                    0.995089590549469,
                    -0.08238757401704788
                ],
                [
                    -0.09914389997720718,
                    0.08753213286399841,
                    0.991215705871582
                ]
            ]
        ],
        [
            0.09246392822265626,
            0.08354438781738281,
            1.0685863037109375,
            null,
            null,
            null,
            [
                [
                    0.9974262714385986,
                    -0.01423588115721941,
                    0.0702720433473587
                ],
                [
                    0.02153327316045761,
                    0.9943225383758545,
                    -0.104206383228302
                ],
                [
                    -0.06838960945606232,
                    0.10545137524604797,
                    0.9920700192451477
                ]
            ]
        ],
        [
            0.09853880310058594,
            0.0775126724243164,
            1.0677515869140626,
            null,
            null,
            null,
            [
                [
                    0.9990253448486328,
                    -0.011081693693995476,
                    0.042726874351501465
                ],
                [
                    0.013888681307435036,
                    0.9977250099182129,
                    -0.06596928834915161
                ],
                [
                    -0.04189861938357353,
                    0.06649841368198395,
                    0.9969064593315125
                ]
            ]
        ],
        [
            0.10301317596435547,
            0.07298851013183594,
            1.0685654296875,
            null,
            null,
            null,
            [
                [
                    0.9982020854949951,
                    -0.05993817001581192,
                    -0.00015779599198140204
                ],
                [
                    0.0598076656460762,
                    0.9961955547332764,
                    -0.06338358670473099
                ],
                [
                    0.003956292290240526,
                    0.06326019018888474,
                    0.9979892373085022
                ]
            ]
        ],
        [
            0.09909897613525391,
            0.06319584274291992,
            1.0695125732421875,
            null,
            null,
            null,
            [
                [
                    0.9954540729522705,
                    -0.09506233036518097,
                    -0.005857089534401894
                ],
                [
                    0.0944509357213974,
                    0.9932239651679993,
                    -0.06771422177553177
                ],
                [
                    0.012254472821950912,
                    0.06685318797826767,
                    0.997687578201294
                ]
            ]
        ],
        [
            0.09093590545654297,
            0.06142513275146484,
            1.0702039794921876,
            null,
            null,
            null,
            [
                [
                    0.9999933838844299,
                    0.0006210075225681067,
                    0.0035818147007375956
                ],
                [
                    -0.00048700792831368744,
                    0.9993042945861816,
                    -0.03729137033224106
                ],
                [
                    -0.0036024809814989567,
                    0.03728938102722168,
                    0.9992980360984802
                ]
            ]
        ],
        [
            0.08597710418701172,
            0.05885265731811523,
            1.072011962890625,
            null,
            null,
            null,
            [
                [
                    0.998579740524292,
                    -0.03970705717802048,
                    0.035522643476724625
                ],
                [
                    0.04233532026410103,
                    0.9961639642715454,
                    -0.07658354192972183
                ],
                [
                    -0.032345470041036606,
                    0.07797864079475403,
                    0.9964301586151123
                ]
            ]
        ],
        [
            0.08222300720214844,
            0.05620147705078125,
            1.0746312255859376,
            null,
            null,
            null,
            [
                [
                    0.9964643716812134,
                    -0.04525899887084961,
                    0.0707843080163002
                ],
                [
                    0.050068438053131104,
                    0.9964475631713867,
                    -0.06771550327539444
                ],
                [
                    -0.06746812164783478,
                    0.07102014869451523,
                    0.9951905012130737
                ]
            ]
        ],
        [
            0.08052734375,
            0.060127346038818356,
            1.07704736328125,
            null,
            null,
            null,
            [
                [
                    0.9961546659469604,
                    0.034783363342285156,
                    0.08041156828403473
                ],
                [
                    -0.028998708352446556,
                    0.9969816207885742,
                    -0.07201917469501495
                ],
                [
                    -0.08267392218112946,
                    0.06941040605306625,
                    0.994156539440155
                ]
            ]
        ],
        [
            0.08787701416015625,
            0.05958042907714844,
            1.0770924072265624,
            null,
            null,
            null,
            [
                [
                    0.994444727897644,
                    0.03227631747722626,
                    0.10018957406282425
                ],
                [
                    -0.021205775439739227,
                    0.993743360042572,
                    -0.1096561849117279
                ],
                [
                    -0.10310202091932297,
                    0.10692241787910461,
                    0.9889072775840759
                ]
            ]
        ],
        [
            0.09472447967529297,
            0.05672788619995117,
            1.072881591796875,
            null,
            null,
            null,
            [
                [
                    0.9950441122055054,
                    0.032880160957574844,
                    0.09384099394083023
                ],
                [
                    -0.0235429834574461,
                    0.9948161244392395,
                    -0.09892698377370834
                ],
                [
                    -0.0966072678565979,
                    0.09622741490602493,
                    0.9906600713729858
                ]
            ]
        ],
        [
            0.10219577026367188,
            0.0562441291809082,
            1.0668397216796874,
            null,
            null,
            null,
            [
                [
                    0.9965002536773682,
                    0.0619635134935379,
                    0.05610538646578789
                ],
                [
                    -0.05670614540576935,
                    0.9942454099655151,
                    -0.09088703989982605
                ],
                [
                    -0.0614142045378685,
                    0.08738743513822556,
                    0.9942795038223267
                ]
            ]
        ],
        [
            0.10819687652587891,
            0.04976834487915039,
            1.0626033935546875,
            null,
            null,
            null,
            [
                [
                    0.9986779093742371,
                    0.04969390481710434,
                    0.013149706646800041
                ],
                [
                    -0.047709595412015915,
                    0.9912874102592468,
                    -0.12277242541313171
                ],
                [
                    -0.019136179238557816,
                    0.12198274582624435,
                    0.9923477172851562
                ]
            ]
        ],
        [
            0.11011727142333984,
            0.0408195915222168,
            1.05908154296875,
            null,
            null,
            null,
            [
                [
                    0.9978331327438354,
                    0.06578802317380905,
                    0.0009802980348467827
                ],
                [
                    -0.06552381068468094,
                    0.9949572682380676,
                    -0.07593883574008942
                ],
                [
                    -0.005971220787614584,
                    0.07571005821228027,
                    0.997111976146698
                ]
            ]
        ],
        [
            0.10715648651123047,
            0.030936334609985353,
            1.056390380859375,
            null,
            null,
            null,
            [
                [
                    0.9862775206565857,
                    -0.16425958275794983,
                    -0.01659557968378067
                ],
                [
                    0.1633499711751938,
                    0.9854851365089417,
                    -0.0462149940431118
                ],
                [
                    0.02394595369696617,
                    0.0428699254989624,
                    0.9987936615943909
                ]
            ]
        ],
        [
            0.10621858978271484,
            0.030712919235229494,
            1.056210205078125,
            null,
            null,
            null,
            [
                [
                    0.9362714886665344,
                    -0.34800881147384644,
                    0.04780704155564308
                ],
                [
                    0.34244370460510254,
                    0.9345636367797852,
                    0.09655656665563583
                ],
                [
                    -0.07828126102685928,
                    -0.07403194159269333,
                    0.9941787123680115
                ]
            ]
        ],
        [
            0.10622147369384766,
            0.0389668083190918,
            1.0518592529296875,
            null,
            null,
            null,
            [
                [
                    0.810413658618927,
                    -0.5781077742576599,
                    0.09497983753681183
                ],
                [
                    0.5625670552253723,
                    0.8131581544876099,
                    0.1493055373430252
                ],
                [
                    -0.1635483205318451,
                    -0.06756672263145447,
                    0.9842188358306885
                ]
            ]
        ],
        [
            0.11154219055175782,
            0.05863973999023438,
            1.04952001953125,
            null,
            null,
            null,
            [
                [
                    0.6642381548881531,
                    -0.7371885180473328,
                    0.12385785579681396
                ],
                [
                    0.7150806784629822,
                    0.6749109029769897,
                    0.18208488821983337
                ],
                [
                    -0.21782390773296356,
                    -0.03237937390804291,
                    0.9754508137702942
                ]
            ]
        ],
        [
            0.12390104675292969,
            0.08751355743408203,
            1.0483736572265625,
            null,
            null,
            null,
            [
                [
                    0.5272889733314514,
                    -0.8388984203338623,
                    0.13496603071689606
                ],
                [
                    0.8182269930839539,
                    0.5441418290138245,
                    0.18551068007946014
                ],
                [
                    -0.22906528413295746,
                    0.012615119107067585,
                    0.9733293056488037
                ]
            ]
        ],
        [
            0.13813978576660157,
            0.12048970794677734,
            1.0470050048828126,
            null,
            null,
            null,
            [
                [
                    0.3140109181404114,
                    -0.9433259963989258,
                    0.10739277303218842
                ],
                [
                    0.9253594279289246,
                    0.32939261198043823,
                    0.1876443475484848
                ],
                [
                    -0.2123841792345047,
                    0.04045454040169716,
                    0.9763485193252563
                ]
            ]
        ],
        [
            0.15233547973632813,
            0.157889404296875,
            1.053659912109375,
            null,
            null,
            null,
            [
                [
                    0.11301650106906891,
                    -0.9931243062019348,
                    0.030518706887960434
                ],
                [
                    0.9760329723358154,
                    0.11671590059995651,
                    0.18367630243301392
                ],
                [
                    -0.18597541749477386,
                    0.009028812870383263,
                    0.982512891292572
                ]
            ]
        ],
        [
            0.16465403747558593,
