{
    "radius": 0.25,
    "angular_speed": 12,
    "save_freq": 0.1,
    "pid_gains": {
        "pid_rate": {
            "roll_kp": "50.0",
            "roll_ki": "0.0",
            "roll_kd": "0.0",
            "pitch_kp": "50.0",
            "pitch_ki": "0.0",
            "pitch_kd": "0.0",
            "yaw_kp": "80.0",
            "yaw_ki": "0.0",
            "yaw_kd": "0.0"
        },
        "pid_attitude": {
            "roll_kp": "10.0",
            "roll_ki": "0.5",
            "roll_kd": "0.5",
            "pitch_kp": "13.0",
            "pitch_ki": "0.5",
            "pitch_kd": "1.5",
            "yaw_kp": "8.0",
            "yaw_ki": "0.5",
            "yaw_kd": "0.5"
        },
        "velCtlPid": {
            "vxKp": "15.0",
            "vxKi": "1.0",
            "vxKd": "0.0",
            "vyKp": "10.0",
            "vyKi": "1.0",
            "vyKd": "0.0",
            "vzKp": "12.5",
            "vzKi": "0.5",
            "vzKd": "0.0"
        },
        "posCtlPid": {
            "xKp": "1.5",
            "xKi": "0.20000000298023224",
            "xKd": "0.20000000298023224",
            "yKp": "1.5",
            "yKi": "0.20000000298023224",
            "yKd": "0.20000000298023224",
            "zKp": "5.0",
            "zKi": "0.5",
            "zKd": "0.0"
        }
    },
    "pose": [
        [
            0.06987379455566406,
            0.1377805938720703,
            0.26091116333007813,
            null,
            null,
            null,
            [
                [
                    0.9947361946105957,
                    -0.08640505373477936,
                    0.05508212000131607
                ],
                [
                    0.08532937616109848,
                    0.9961187839508057,
                    0.021594537422060966
                ],
                [
                    -0.05673421174287796,
                    -0.01678074710071087,
                    0.998248279094696
                ]
            ]
        ],
        [
            0.06964208984375,
            0.13751063537597658,
            0.2609049072265625,
            null,
            null,
            null,
            [
                [
                    0.9950543642044067,
                    -0.08333263546228409,
                    0.054060447961091995
                ],
                [
                    0.08236052095890045,
                    0.9964025020599365,
                    0.019971134141087532
                ],
                [
                    -0.055530209094285965,
                    -0.01541991624981165,
                    0.9983379244804382
                ]
            ]
        ],
        [
            0.06866737365722657,
            0.15297357177734375,
            0.2809856872558594,
            null,
            null,
            null,
            [
                [
                    0.9938945770263672,
                    -0.10491573065519333,
                    0.03415057063102722
                ],
                [
                    0.1012328639626503,
                    0.9902279376983643,
                    0.09591922163963318
                ],
                [
                    -0.04388028383255005,
                    -0.09187643229961395,
                    0.9948031306266785
                ]
            ]
        ],
        [
            0.06742183685302734,
            0.15701864624023437,
            0.3692771301269531,
            null,
            null,
            null,
            [
                [
                    0.9963821172714233,
                    -0.08166056126356125,
                    0.023541346192359924
                ],
                [
                    0.08258416503667831,
                    0.9957250356674194,
                    -0.04137084633111954
                ],
                [
                    -0.020062342286109924,
                    0.04316531494259834,
                    0.9988664984703064
                ]
            ]
        ],
        [
            0.061689510345458984,
            0.15963949584960938,
            0.4820648498535156,
            null,
            null,
            null,
            [
                [
                    0.9965056777000427,
                    -0.08267173171043396,
                    0.011908933520317078
                ],
                [
                    0.08352065086364746,
                    0.987739622592926,
                    -0.131889209151268
                ],
                [
                    -0.0008594163227826357,
                    0.13242298364639282,
                    0.9911929368972778
                ]
            ]
        ],
        [
            0.055581985473632814,
            0.1456500701904297,
            0.59851904296875,
            null,
            null,
            null,
            [
                [
                    0.9957413077354431,
                    -0.08771064877510071,
                    0.028391033411026
                ],
                [
                    0.09217509627342224,
                    0.9529314637184143,
                    -0.2888345420360565
                ],
                [
                    -0.0017208433710038662,
                    0.2902214527130127,
                    0.956957995891571
                ]
            ]
        ],
        [
            0.047487220764160155,
            0.11645606994628906,
            0.7183824462890624,
            null,
            null,
            null,
            [
                [
                    0.9870797991752625,
                    -0.08170492947101593,
                    -0.13783235847949982
                ],
                [
                    0.05607401579618454,
                    0.9819705486297607,
                    -0.18052583932876587
                ],
                [
                    0.15009716153144836,
                    0.17046460509300232,
                    0.9738647937774658
                ]
            ]
        ],
        [
            0.036525821685791014,
            0.0745777587890625,
            0.8436786499023438,
            null,
            null,
            null,
            [
                [
                    0.9942384958267212,
                    -0.101673424243927,
                    0.03394521027803421
                ],
                [
                    0.10588735342025757,
                    0.980830192565918,
                    -0.1635848432779312
                ],
                [
                    -0.01666225492954254,
                    0.16623671352863312,
                    0.9859451055526733
                ]
            ]
        ],
        [
            0.026282505035400392,
            0.0358042106628418,
            0.9723681640625,
            null,
            null,
            null,
            [
                [
                    0.9970217943191528,
                    -0.04792524501681328,
                    0.06042100116610527
                ],
                [
                    0.05110471695661545,
                    0.9973269701004028,
                    -0.05222323536872864
                ],
                [
                    -0.057756680995225906,
                    0.05515550449490547,
                    0.9968059062957764
                ]
            ]
        ],
        [
            0.02371412658691406,
            0.0056873254776000975,
            1.0753226318359375,
            null,
            null,
            null,
            [
                [
                    0.9955282211303711,
                    -0.050561774522066116,
                    0.07979366183280945
                ],
                [
                    0.048763010650873184,
                    0.99851393699646,
                    0.02433374896645546
                ],
                [
                    -0.08090544492006302,
                    -0.02033395506441593,
                    0.9965143203735352
                ]
            ]
        ],
        [
            0.024137161254882813,
            -0.012682624816894531,
            1.1452685546875,
            null,
            null,
            null,
            [
                [
                    0.9945300221443176,
                    -0.040363285690546036,
                    0.09633735567331314
                ],
                [
                    0.032315678894519806,
                    0.9959684610366821,
                    0.08368140459060669
                ],
                [
                    -0.09932661801576614,
                    -0.08011046051979065,
                    0.9918248653411865
                ]
            ]
        ],
        [
            0.024713905334472656,
            -0.02432489585876465,
            1.175882080078125,
            null,
            null,
            null,
            [
                [
                    0.9944689273834229,
                    -0.029674915596842766,
                    0.1007518470287323
                ],
                [
                    0.021632453426718712,
                    0.9965602159500122,
                    0.07999889552593231
                ],
                [
                    -0.10277923941612244,
                    -0.07737690955400467,
                    0.9916900992393494
                ]
            ]
        ],
        [
            0.02282670783996582,
            -0.029744232177734375,
            1.1756881103515624,
            null,
            null,
            null,
            [
                [
                    0.9965436458587646,
                    -0.007890768349170685,
                    0.08269552886486053
                ],
                [
                    0.004052996169775724,
                    0.9989112615585327,
                    0.046473972499370575
                ],
                [
                    -0.0829722136259079,
                    -0.04597817361354828,
                    0.9954906702041626
                ]
            ]
        ],
        [
            0.02058690071105957,
            -0.030867183685302734,
            1.1577928466796874,
            null,
            null,
            null,
            [
                [
                    0.997847318649292,
                    -0.0023008526768535376,
                    0.06553972512483597
                ],
                [
                    0.002541533438488841,
                    0.9999903440475464,
                    -0.003589148633182049
                ],
                [
                    -0.06553083658218384,
                    0.003747993614524603,
                    0.9978435039520264
                ]
            ]
        ],
        [
            0.015596508979797363,
            -0.024632123947143553,
            1.132483642578125,
            null,
            null,
            null,
            [
                [
                    0.9991402626037598,
                    -0.028732914477586746,
                    0.029886456206440926
                ],
                [
                    0.029084568843245506,
                    0.9995119571685791,
                    -0.01139881368726492
                ],
                [
                    -0.029544349759817123,
                    0.012258248403668404,
                    0.9994882941246033
                ]
            ]
        ],
        [
            0.007222523689270019,
            -0.026479352951049806,
            1.1098602294921875,
            null,
            null,
            null,
            [
                [
                    0.9996882677078247,
                    -0.006911890115588903,
                    0.023991815745830536
                ],
                [
                    0.008647073991596699,
                    0.9972951412200928,
                    -0.07299089431762695
                ],
                [
                    -0.023422416299581528,
                    0.07317560166120529,
                    0.9970439672470093
                ]
            ]
        ],
        [
            -0.0034471282958984375,
            -0.02431523323059082,
            1.0944150390625,
            null,
            null,
            null,
            [
                [
                    0.999671459197998,
                    0.005564598366618156,
                    0.025019895285367966
                ],
                [
                    -0.0044221701100468636,
                    0.9989551901817322,
                    -0.04548647999763489
                ],
                [
                    -0.025246866047382355,
                    0.04536089301109314,
                    0.9986515641212463
                ]
            ]
        ],
        [
            -0.01379755687713623,
            -0.01898736000061035,
            1.0875458984375,
            null,
            null,
            null,
            [
                [
                    0.998828113079071,
                    0.01061161793768406,
                    0.04722130671143532
                ],
                [
                    -0.008530382998287678,
                    0.9989925026893616,
                    -0.044059354811906815
                ],
                [
                    -0.04764127358794212,
                    0.04360490292310715,
                    0.9979122877120972
                ]
            ]
        ],
        [
            -0.021994415283203124,
            -0.016371795654296875,
            1.086914794921875,
            null,
            null,
            null,
            [
                [
                    0.996799886226654,
                    0.03083028830587864,
                    0.07375264167785645
                ],
                [
                    -0.029688244685530663,
                    0.9994224905967712,
                    -0.016531536355614662
                ],
                [
                    -0.0742197185754776,
                    0.014289047569036484,
                    0.9971395134925842
                ]
            ]
        ],
        [
            -0.025831188201904297,
            -0.0067622318267822265,
            1.089759521484375,
            null,
            null,
            null,
            [
                [
                    0.9937390089035034,
                    0.0042019980028271675,
                    0.11164718121290207
                ],
                [
                    -0.002109266584739089,
                    0.9998199939727783,
                    -0.018855657428503036
                ],
                [
                    -0.11170630902051926,
                    0.01850210875272751,
                    0.993569016456604
                ]
            ]
        ],
        [
            -0.02413262367248535,
            -0.001019666075706482,
            1.0929412841796875,
            null,
            null,
            null,
            [
                [
                    0.9913606643676758,
                    0.020370857790112495,
                    0.1295725554227829
                ],
                [
                    -0.011762305162847042,
                    0.9976930618286133,
                    -0.0668596550822258
                ],
                [
                    -0.13063563406467438,
                    0.06475795805454254,
                    0.9893132448196411
                ]
            ]
        ],
        [
            -0.018908712387084962,
            0.008502557754516601,
            1.0931396484375,
            null,
            null,
            null,
            [
                [
                    0.9909142851829529,
                    0.03226498141884804,
                    0.13056723773479462
                ],
                [
                    -0.02595750242471695,
                    0.9984255433082581,
                    -0.0497254952788353
                ],
                [
                    -0.13196605443954468,
                    0.04588450491428375,
                    0.9901916980743408
                ]
            ]
        ],
        [
            -0.009631552696228028,
            0.018085042953491212,
            1.08999853515625,
            null,
            null,
            null,
            [
                [
                    0.9925739169120789,
                    0.03579185903072357,
                    0.11625804752111435
                ],
                [
                    -0.02681341953575611,
                    0.9966009259223938,
                    -0.07789480686187744
                ],
                [
                    -0.118650883436203,
                    0.07419908046722412,
                    0.990159809589386
                ]
            ]
        ],
        [
            -0.00116942298412323,
            0.022497936248779295,
            1.08741943359375,
            null,
            null,
            null,
            [
                [
                    0.9959580898284912,
                    0.03379812464118004,
                    0.08321784436702728
                ],
                [
                    -0.0270518958568573,
                    0.9963549971580505,
                    -0.08090062439441681
                ],
                [
                    -0.0856488049030304,
                    0.07832243293523788,
                    0.993242084980011
                ]
            ]
        ],
        [
            0.006836763858795166,
            0.029897871017456053,
            1.084739501953125,
            null,
            null,
            null,
            [
                [
                    0.997247576713562,
                    0.0387231670320034,
                    0.06322837620973587
                ],
                [
                    -0.035690974444150925,
                    0.9981901049613953,
                    -0.04840144142508507
                ],
                [
                    -0.06498818844556808,
                    0.046011537313461304,
                    0.9968246817588806
                ]
            ]
        ],
        [
            0.011838762283325196,
            0.033046966552734376,
            1.0820909423828124,
            null,
            null,
            null,
            [
                [
                    0.9988807439804077,
                    0.03634502738714218,
                    0.030270161107182503
                ],
                [
                    -0.033399179577827454,
                    0.9951328635215759,
                    -0.09270955622196198
                ],
                [
                    -0.03349236398935318,
                    0.09159479290246964,
                    0.9952329397201538
                ]
            ]
        ],
        [
            0.014489951133728028,
            0.029946712493896483,
            1.0798310546875,
            null,
            null,
            null,
            [
                [
                    0.9986227750778198,
                    0.04201741889119148,
                    0.03141866996884346
                ],
                [
                    -0.03849839046597481,
                    0.9936987161636353,
                    -0.10526499152183533
                ],
                [
                    -0.03564365580677986,
                    0.10391044616699219,
                    0.9939477443695068
                ]
            ]
        ],
        [
            0.016828706741333008,
            0.03080134963989258,
            1.0759658203125,
            null,
            null,
            null,
            [
                [
                    0.9985665678977966,
                    0.03109145537018776,
                    0.043567508459091187
                ],
                [
                    -0.028185764327645302,
                    0.9974352717399597,
                    -0.0657910406589508
                ],
                [
                    -0.045501310378313065,
                    0.06446874886751175,
                    0.9968818426132202
                ]
            ]
        ],
        [
            0.018378288269042968,
            0.025087509155273437,
            1.073896240234375,
            null,
            null,
            null,
            [
                [
                    0.998279333114624,
                    0.035287048667669296,
                    0.04683160036802292
                ],
                [
                    -0.030996868386864662,
                    0.9955161213874817,
                    -0.08936899900436401
                ],
                [
                    -0.04977518320083618,
                    0.08776359260082245,
                    0.9948969483375549
                ]
            ]
        ],
        [
            0.01996893882751465,
            0.02467482566833496,
            1.0721297607421876,
            null,
            null,
            null,
            [
                [
                    0.9979995489120483,
                    0.036403726786375046,
                    0.05168876424431801
                ],
                [
                    -0.033832892775535583,
                    0.9981875419616699,
                    -0.04976970702409744
                ],
                [
                    -0.05340688303112984,
                    0.04792136326432228,
                    0.9974222779273987
                ]
            ]
        ],
        [
            0.02384358596801758,
            0.022181062698364257,
            1.0727294921875,
            null,
            null,
            null,
            [
                [
                    0.9977366924285889,
                    0.028985148295760155,
                    0.060673754662275314
                ],
                [
                    -0.024973077699542046,
                    0.9975156784057617,
                    -0.06587004661560059
                ],
                [
                    -0.06243227422237396,
                    0.06420575082302094,
                    0.9959818720817566
                ]
            ]
        ],
        [
            0.027658742904663088,
            0.015830916404724123,
            1.0736917724609376,
            null,
            null,
            null,
            [
                [
                    0.9969576597213745,
                    0.032264769077301025,
                    0.07095388323068619
                ],
                [
                    -0.028259772807359695,
                    0.9979888200759888,
                    -0.05674227327108383
                ],
                [
                    -0.07264195382595062,
                    0.05456450209021568,
                    0.9958643913269043
                ]
            ]
        ],
        [
            0.03070151138305664,
            0.014678602218627929,
            1.075104248046875,
            null,
            null,
            null,
            [
                [
                    0.9968400597572327,
                    0.017949514091014862,
                    0.07737994939088821
                ],
                [
                    -0.013289987109601498,
                    0.9980908632278442,
                    -0.060316067188978195
                ],
                [
                    -0.07831486314535141,
                    0.05909709632396698,
                    0.9951755404472351
                ]
            ]
        ],
        [
            0.038310874938964845,
            0.0122430419921875,
            1.0767071533203125,
            null,
            null,
            null,
            [
                [
                    0.9965928196907043,
                    0.023082254454493523,
                    0.07918301224708557
                ],
                [
                    -0.01751961000263691,
                    0.9973763227462769,
                    -0.07023951411247253
                ],
                [
                    -0.08059654384851456,
                    0.06861294060945511,
                    0.9943824410438538
                ]
            ]
        ],
        [
            0.047298187255859374,
            0.012179254531860351,
            1.0765821533203126,
            null,
            null,
            null,
            [
                [
                    0.9967446327209473,
                    0.02961062639951706,
                    0.07498875260353088
                ],
                [
                    -0.027658257633447647,
                    0.9992542862892151,
                    -0.026941722258925438
                ],
                [
                    -0.07573059946298599,
                    0.02477995865046978,
                    0.996820330619812
                ]
            ]
        ],
        [
            0.05427633285522461,
            0.012224976539611816,
            1.075862548828125,
            null,
            null,
            null,
            [
                [
                    0.9966875910758972,
                    0.0630313977599144,
                    0.05138986557722092
                ],
                [
                    -0.059713393449783325,
                    0.9961792230606079,
                    -0.06372793018817902
                ],
                [
                    -0.055210378021001816,
                    0.06044817343354225,
                    0.9966433048248291
                ]
            ]
        ],
        [
            0.06178747940063477,
            0.006907961845397949,
            1.0745103759765624,
            null,
            null,
            null,
            [
                [
                    0.9980829954147339,
                    0.04769369959831238,
                    0.03944137319922447
                ],
                [
                    -0.04428033158183098,
                    0.9955400824546814,
                    -0.08330197632312775
                ],
                [
                    -0.04323844611644745,
                    0.08139581233263016,
                    0.9957435131072998
                ]
            ]
        ],
        [
            0.06555916595458984,
            0.008416024208068848,
            1.0736611328125,
            null,
            null,
            null,
            [
                [
                    0.9987862706184387,
                    0.047347746789455414,
                    0.013570529408752918
                ],
                [
                    -0.046508826315402985,
                    0.9973129034042358,
                    -0.05660352110862732
                ],
                [
                    -0.01621411181986332,
                    0.05590366944670677,
                    0.9983044862747192
                ]
            ]
        ],
        [
            0.06512030792236329,
            0.004509225845336914,
            1.0722349853515625,
            null,
            null,
            null,
            [
                [
                    0.9990257024765015,
                    0.04171539098024368,
                    0.014405647292733192
                ],
                [
                    -0.040073271840810776,
                    0.9941918849945068,
                    -0.0998828336596489
                ],
                [
                    -0.018488628789782524,
                    0.09920823574066162,
                    0.9948949217796326
                ]
            ]
        ],
        [
            0.06377408218383789,
            0.0030941176414489746,
            1.068979248046875,
            null,
            null,
            null,
            [
                [
                    0.998856246471405,
                    0.04295048117637634,
                    0.021010184660553932
                ],
                [
                    -0.042023126035928726,
                    0.9982016682624817,
                    -0.04274970665574074
                ],
                [
                    -0.02280852198600769,
                    0.04181789979338646,
                    0.9988648891448975
                ]
            ]
        ],
        [
            0.059590415954589845,
            -8.356249332427978e-05,
            1.06503369140625,
            null,
            null,
            null,
            [
                [
                    0.9985705614089966,
                    0.042848750948905945,
                    0.03194943442940712
                ],
                [
                    -0.040471822023391724,
                    0.9966078400611877,
                    -0.07165782898664474
                ],
                [
                    -0.03491150587797165,
                    0.0702623501420021,
                    0.9969174265861511
                ]
            ]
        ],
        [
            0.055961978912353515,
            -0.006546252250671387,
            1.0630465087890626,
            null,
            null,
            null,
            [
                [
                    0.9984091520309448,
                    0.03753691166639328,
                    0.04207275062799454
                ],
                [
                    -0.03403199836611748,
                    0.9961221218109131,
                    -0.08113305270671844
                ],
                [
                    -0.04495507851243019,
                    0.0795721635222435,
                    0.9958149194717407
                ]
            ]
        ],
        [
            0.05323348236083984,
            -0.0066654057502746585,
            1.0615946044921876,
            null,
            null,
            null,
            [
                [
                    0.9980706572532654,
                    0.029953161254525185,
                    0.054385147988796234
                ],
                [
                    -0.026847245171666145,
                    0.9980149269104004,
                    -0.05696872994303703
                ],
                [
                    -0.05598358437418938,
                    0.05539872869849205,
                    0.996893584728241
                ]
            ]
        ],
        [
            0.051536705017089846,
            -0.009390958786010742,
            1.0617001953125,
            null,
            null,
            null,
            [
                [
                    0.9971399903297424,
                    0.03400374576449394,
                    0.06749548017978668
                ],
                [
                    -0.028769375756382942,
                    0.9966110587120056,
                    -0.0770631805062294
                ],
                [
                    -0.069887176156044,
                    0.07490096986293793,
                    0.9947389960289001
                ]
            ]
        ],
        [
            0.051651206970214844,
            -0.013765388488769532,
            1.0621280517578124,
            null,
            null,
            null,
            [
                [
                    0.997838020324707,
                    0.0033067231997847557,
                    0.06563777476549149
                ],
                [
                    -0.0010110087459906936,
                    0.9993875622749329,
                    -0.034977953881025314
                ],
                [
                    -0.06571323424577713,
                    0.034835975617170334,
                    0.9972302913665771
                ]
            ]
        ],
        [
            0.048357372283935544,
            -0.016656047821044923,
            1.0609857177734374,
            null,
            null,
            null,
            [
                [
                    0.9987130761146545,
                    0.025367874652147293,
                    0.04391633719205856
                ],
                [
                    -0.022798269987106323,
                    0.9980530142784119,
                    -0.05805480480194092
                ],
                [
                    -0.04530356079339981,
                    0.05697887763381004,
                    0.9973469972610474
                ]
            ]
        ],
        [
            0.047100101470947266,
            -0.022778749465942383,
            1.0608533935546876,
            null,
            null,
            null,
            [
                [
                    0.9988546371459961,
                    0.029336197301745415,
                    0.03779896721243858
                ],
                [
                    -0.026258401572704315,
                    0.9964892268180847,
                    -0.07949632406234741
                ],
                [
                    -0.039998382329940796,
                    0.0784127339720726,
                    0.9961182475090027
                ]
            ]
        ],
        [
            0.04561544799804688,
            -0.021930269241333008,
            1.0594512939453125,
            null,
            null,
            null,
            [
                [
                    0.9997937083244324,
                    -0.008942371234297752,
                    0.018237410113215446
                ],
                [
                    0.009530759416520596,
                    0.999428391456604,
                    -0.032435186207294464
                ],
                [
                    -0.017936939373612404,
                    0.03260231018066406,
                    0.9993074536323547
                ]
            ]
        ],
        [
            0.0376125259399414,
            -0.024222772598266603,
            1.0583209228515624,
            null,
            null,
            null,
            [
                [
                    0.9996038675308228,
                    0.028054380789399147,
                    -0.0022422769106924534
                ],
                [
                    -0.02814384549856186,
                    0.9964381456375122,
                    -0.07949180901050568
                ],
                [
                    4.196801455691457e-06,
                    0.07952342927455902,
                    0.9968330264091492
                ]
            ]
        ],
        [
            0.03021713066101074,
            -0.029998668670654295,
            1.0573006591796874,
            null,
            null,
            null,
            [
                [
                    0.9999209642410278,
                    0.012036419473588467,
                    0.003627846948802471
                ],
                [
                    -0.011802896857261658,
                    0.998207151889801,
                    -0.058678217232227325
                ],
                [
                    -0.004327618516981602,
                    0.05863076448440552,
                    0.9982703328132629
                ]
            ]
        ],
        [
            0.022886409759521484,
            -0.03259727096557617,
            1.0579224853515625,
            null,
            null,
            null,
            [
                [
                    0.9710262417793274,
                    -0.23896746337413788,
                    -0.0015976346330717206
                ],
                [
                    0.2388349026441574,
                    0.9706713557243347,
                    -0.027477553114295006
                ],
                [
                    0.008117019198834896,
                    0.02629985474050045,
                    0.9996211528778076
                ]
            ]
        ],
        [
            0.021053106307983398,
            -0.034034584045410154,
            1.0648328857421876,
            null,
            null,
            null,
            [
                [
                    0.8599680066108704,
                    -0.5063226819038391,
                    0.06397189944982529
                ],
                [
                    0.5079841613769531,
                    0.8612839579582214,
                    -0.011919718235731125
                ],
                [
                    -0.04906274378299713,
                    0.04274728521704674,
                    0.9978805184364319
                ]
            ]
        ],
        [
            0.018636295318603516,
            -0.03164480018615723,
            1.0697880859375,
            null,
            null,
            null,
            [
                [
                    0.7849255204200745,
                    -0.6163794994354248,
                    0.06299380213022232
                ],
                [
                    0.6177912950515747,
                    0.7863328456878662,
                    -0.0038213771767914295
                ],
                [
                    -0.04717867821455002,
                    0.04191651940345764,
                    0.9980065822601318
                ]
            ]
        ],
        [
            0.01913657760620117,
            -0.028794782638549805,
            1.0738431396484376,
            null,
            null,
            null,
            [
                [
                    0.7615658044815063,
                    -0.644764244556427,
                    0.06554808467626572
                ],
                [
                    0.6472023129463196,
                    0.7619102001190186,
                    -0.024939337745308876
                ],
                [
                    -0.033861760050058365,
                    0.06141582131385803,
                    0.9975377321243286
                ]
            ]
        ],
        [
            0.024004993438720704,
            -0.02883142852783203,
            1.0770562744140626,
            null,
            null,
            null,
            [
                [
                    0.7570465207099915,
                    -0.6500254273414612,
                    0.06593620032072067
                ],
                [
                    0.6529878377914429,
                    0.7561617493629456,
                    -0.042735323309898376
                ],
                [
                    -0.022079385817050934,
                    0.07540816068649292,
                    0.9969082474708557
                ]
            ]
        ],
        [
            0.029714622497558595,
            -0.030541738510131835,
            1.0775390625,
            null,
            null,
            null,
            [
                [
                    0.7428253293037415,
                    -0.665864109992981,
                    0.06953765451908112
                ],
                [
                    0.6693471074104309,
                    0.7407650947570801,
                    -0.05693440139293671
                ],
                [
                    -0.013600488193333149,
                    0.0888371393084526,
                    0.9959533214569092
                ]
            ]
        ],
        [
            0.03591204833984375,
            -0.0321663818359375,
            1.0790411376953124,
            null,
            null,
            null,
            [
                [
                    0.7745122909545898,
                    -0.6292280554771423,
                    0.0648287907242775
                ],
                [
                    0.6312155723571777,
                    0.7754734754562378,
                    -0.014415863901376724
                ],
                [
                    -0.041202135384082794,
                    0.052086204290390015,
                    0.9977922439575195
